name,tipnum,year,antigen
400027aa,769,0.1534,1
14cb0bed,165,0.1534,1
1f01e0d0,659,0.1534,1
7f86efe9,629,0.1534,1
565d0d02,166,0.1534,1
17214d14,484,0.1534,1
5bf9b87e,65,0.1534,1
4b6ed4b1,226,0.1534,1
75e5e5c3,445,0.1534,1
68b14f86,89,0.1534,1
7e1d30a6,817,0.1534,1
436bb888,792,0.1534,1
19fa86db,821,0.1534,1
7bd5371d,595,0.1534,1
6c5ab0c1,1039,0.1534,1
72ebfa3a,227,0.1534,1
3fea76e2,933,0.1534,1
6dd5c3dd,1192,0.1534,1
5430aa1e,376,0.1534,1
79a7b088,1069,0.1534,1
15969438,1097,0.1534,1
569e667c,133,0.1534,1
72f56eb,772,0.1534,1
43c89576,476,0.1534,1
62defe63,363,0.1534,1
47d6d9c2,1254,0.1534,38
21e9661a,357,0.1534,1
3ab357dd,1162,0.1534,1
3dd716d8,503,0.1534,1
286fdae7,196,0.1534,1
59061ee1,446,0.1534,1
79abb7a3,943,0.1534,1
7c4f0f98,620,0.1534,1
2a214a14,306,0.1534,1
4339a8a7,1138,0.1534,1
670b09cc,986,0.1534,1
137109ee,928,0.1534,1
63bce97a,412,0.1534,1
43ed7ef3,397,0.1534,1
4d9f9ab9,1289,0.1534,1
7265bfaf,1073,0.1534,1
76166fa0,197,0.1534,1
5e249d77,866,0.1534,1
6fdf8e58,1044,0.1534,1
3098cccb,867,0.1534,1
7536ce17,1295,0.1534,1
f833ae3,614,0.1534,1
1c3dc805,934,0.1534,1
6a35b1dd,1146,0.1534,1
29308cfa,252,0.1534,1
3ff2ff1d,751,0.1534,1
4dfd7506,387,0.1534,1
a818e3d,134,0.1534,1
277b84cb,1201,0.1534,1
f598d2e,43,0.1534,1
292a8c86,199,0.1534,1
2fdc0ff8,681,0.1534,1
54fa9b14,732,0.1534,1
17894c58,1259,0.1534,1
6a3aac93,398,0.1534,1
25d6cde3,573,0.1534,1
25f4d076,872,0.1534,1
78c2b31c,200,0.1534,1
4723c6a3,20,0.1534,1
5409a271,389,0.1534,1
57fdafe6,90,0.1534,1
3a4aac56,1153,0.1534,1
63057362,406,0.1534,1
7a865f59,287,0.1534,1
5a7653e9,167,0.1534,1
40be4d70,135,0.1534,1
2f79612d,850,0.1534,1
2edc4bdd,66,0.1534,1
672f99c3,44,0.1534,1
2fc05d4c,91,0.1534,1
2f1b6ee8,21,0.1534,1
1dfc63b6,1016,0.1534,1
7968092d,328,0.1534,1
62126642,940,0.1534,1
160a38c6,390,0.1534,1
68951862,864,0.1534,1
518d453c,754,0.1534,1
20dc0939,449,0.1534,1
67d7d9ec,575,0.1534,1
27c18b7c,1165,0.1534,1
1cde8e1d,13,0.1534,1
5c0bc97e,1157,0.1534,1
5ca73aa,1245,0.1534,1
2e7b8204,168,0.1534,1
46bd4fb0,1293,0.1534,1
447f3e20,1093,0.1534,1
127e5226,5,0.1534,1
60e789cf,253,0.1534,1
4c8b8aac,602,0.1534,1
71382323,169,0.1534,1
11b7b040,1070,0.1534,1
3fe6bd1c,618,0.1534,1
4d42fa48,665,0.1534,1
5d0cd7a6,853,0.1534,1
6d1dc61f,532,0.1534,1
41044e4c,409,0.1534,1
1b4e6c9e,761,0.1534,1
20c429b6,467,0.1534,1
236a2e8f,1311,0.1534,1
28bdcc8d,894,0.1534,1
29b5c9b5,1127,0.1562,1
5bd9845a,831,0.1562,1
608916d3,67,0.1534,1
66d90865,408,0.1562,1
261677eb,580,0.1562,1
2169fafd,1101,0.1562,1
360551de,908,0.1562,1
1e92f643,92,0.1562,1
b2e7355,605,0.1534,1
65fededf,900,0.1562,1
79e9f81f,668,0.1562,1
7040298f,736,0.1562,1
88c4809,693,0.1562,1
1b1767e1,682,0.1562,1
3b3ff98c,429,0.1562,1
2d885d9c,970,0.1562,1
5cf505f3,45,0.1562,1
3653c264,936,0.1562,1
165b8320,1297,0.1562,1
795058ca,952,0.1534,1
d7e108e,582,0.1562,1
2596a3a7,1042,0.1562,1
7c727069,802,0.1562,1
6f1e66b6,22,0.1562,1
1473e597,546,0.1562,1
69f47df7,485,0.1562,1
79ef60f5,799,0.1562,1
65d882a8,201,0.1562,1
57956bad,358,0.1562,1
6e0c9cd9,956,0.1562,1
24dd4f2a,254,0.1534,1
26b77b8c,170,0.1562,1
75b7030,1063,0.1534,1
dbbce56,68,0.1562,1
435174d4,1283,0.1562,1
5ea70c29,827,0.1534,1
2a13d3d,308,0.1562,1
51bb8a41,452,0.1562,1
1984b376,23,0.1562,1
3585b4c7,400,0.1562,1
7fa4322b,1048,0.1562,1
74e7b037,477,0.1562,1
7903c568,1163,0.1562,1
5fbbb3ad,1135,0.1562,1
4520c63d,202,0.1534,1
3a276095,480,0.1562,1
1bcb81d8,773,0.1562,1
5264ec9e,203,0.1534,1
35ab5b3f,706,0.1562,1
76796299,1078,0.1534,1
31fbf8cf,968,0.1562,1
440ef272,288,0.1562,1
2b132b6f,548,0.1562,1
1643e93e,46,0.1534,1
781056b9,998,0.1534,1
4bbea6ab,621,0.1562,1
7944b4e0,454,0.1562,12
7047b8ef,712,0.1562,1
a189dc0,1062,0.1562,1
342de9d6,519,0.1534,1
6812a807,1177,0.1534,1
255fe52a,47,0.1534,1
6b679adc,255,0.1562,1
164949be,1131,0.1562,1
30dfad3f,24,0.1562,1
4d7079b3,430,0.1534,1
175cb382,531,0.1562,1
40ba7acf,1303,0.1562,1
d4191b2,930,0.1534,1
4332cc48,1277,0.1562,1
3100b70f,136,0.1562,1
22ffdfe2,1167,0.1562,1
2332060e,1302,0.1562,1
7637ceac,228,0.1562,1
42bba7aa,505,0.1562,1
1ee770d0,1151,0.1562,1
2dd61774,879,0.1562,1
65dceecc,14,0.1534,1
7a45832a,431,0.1562,1
78eed3ba,15,0.1562,1
5f810d42,916,0.1562,1
42f1dc71,469,0.1562,1
4059f06d,93,0.1562,1
16d3779f,871,0.1562,1
416f931a,373,0.1562,1
db1cd12,1152,0.1562,1
2e48e51,329,0.1562,1
f867e1d,780,0.1562,1
32ccdbb4,579,0.1562,1
319659a2,388,0.1562,1
17a6dfc7,778,0.1562,1
2b6c3db8,849,0.1562,1
7f29421a,94,0.1562,1
7c714f14,456,0.1534,1
2111d449,137,0.1534,1
5d08efba,172,0.1562,1
1743885e,48,0.1562,1
22cf213e,1137,0.1562,1
54b0d39c,1300,0.1562,1
4e5f838f,309,0.1534,1
4555f362,69,0.1534,1
1e48ec27,95,0.1534,1
4c36e041,1147,0.1562,1
7ec741b3,786,0.1562,1
14e363ea,6,0.1534,1
4d138c85,707,0.1534,1
365c598e,771,0.1562,1
72d24c2f,1001,0.1562,1
29b5289d,507,0.1534,1
7da18dac,415,0.1562,1
2c074139,714,0.1534,1
3667c529,863,0.1562,1
369bde41,1221,0.1534,1
7843fd1e,636,0.1562,1
1810650d,1310,0.1562,1
692d474e,637,0.1562,1
7f35dddb,1257,0.1562,1
1879642e,832,0.1589,1
3da5221,777,0.1589,1
4e6223,767,0.1589,1
51c4bcf4,70,0.1589,1
24ffaf6,1061,0.1589,1
5355fbc4,1149,0.1589,1
2079c4f7,562,0.1534,1
542eef10,25,0.1534,1
294b2729,973,0.1589,1
55bc721f,1006,0.1589,1
3b8c5a23,256,0.1589,1
1879642d,352,0.1589,1
687b6a64,173,0.1589,1
5ee1d1fe,550,0.1562,16
7e5c543,455,0.1589,1
54ee919e,661,0.1562,1
67f5f92d,432,0.1589,1
37cbba0c,697,0.1589,1
1e2dae6b,950,0.1589,1
3e6fae51,1,0.1562,1
769b0420,1068,0.1589,1
1ceadb25,1119,0.1562,1
6fc76025,565,0.1589,1
2c9946aa,1206,0.1589,1
20ded1d,257,0.1562,1
48f43d8a,870,0.1562,1
1ce6baf9,453,0.1589,1
7a2c13d9,258,0.1589,1
17a46c84,457,0.1589,1
7e551b97,289,0.1562,6
57cd47d6,310,0.1562,1
4de5242d,1124,0.1589,1
7911b159,626,0.1589,1
2fce844f,290,0.1562,1
12009597,878,0.1589,1
76200fb6,259,0.1589,1
2cfe352,669,0.1562,1
59f8f3b8,1195,0.1589,1
4fc2693d,353,0.1589,1
39e982cc,96,0.1589,1
444123d0,26,0.1589,1
5a3a7dd3,861,0.1562,1
6ed7c28,260,0.1589,1
736761db,174,0.1589,1
3e7593c4,460,0.1562,1
3728a53c,2,0.1589,1
5a4983cd,776,0.1589,1
4463cc89,341,0.1589,1
126848e6,97,0.1589,1
1102dc,702,0.1589,1
72e246a7,633,0.1589,1
6423e4dd,1041,0.1589,1
34dcbfc7,138,0.1534,1
3c534c62,229,0.1589,1
5c64e231,1066,0.1589,1
271af06c,521,0.1589,1
710fab2a,1005,0.1589,1
766941cf,847,0.1589,1
50ff333c,710,0.1589,1
2b712678,261,0.1562,1
5b983aea,416,0.1589,1
67437f6f,98,0.1589,1
4e8cc668,959,0.1562,1
6cec7b27,1211,0.1589,1
76b9433a,564,0.1589,1
a7de285,230,0.1562,1
226aca24,447,0.1589,1
2dd0b80d,568,0.1589,1
114c9e1e,370,0.1589,1
abf2da5,331,0.1589,1
74402f78,651,0.1562,1
fe03e,698,0.1589,1
283730e2,955,0.1562,1
5d7ef794,27,0.1589,1
28b028ac,49,0.1589,1
57412394,1241,0.1589,1
46e0b9be,911,0.1589,25
6c8824a1,28,0.1589,1
455484d4,7,0.1534,1
1b574269,291,0.1589,1
583935f4,822,0.1562,1
7539af7e,793,0.1562,1
142af729,588,0.1589,1
3b913b0e,569,0.1589,1
354fbbcf,382,0.1589,1
24c8be07,590,0.1589,1
1c32a7bf,71,0.1589,1
5fe298af,391,0.1589,1
173bd15f,907,0.1589,1
76627d39,718,0.1589,1
2cacf7f5,991,0.1589,1
7f643315,639,0.1562,1
3488ebb6,798,0.1534,1
7d707551,1224,0.1562,1
181e4473,418,0.1562,1
463c30fe,630,0.1589,1
359ab6d4,99,0.1589,1
4bbe97cb,735,0.1562,1
21e96f13,883,0.1589,1
6f50010,1179,0.1562,1
66393a0c,1258,0.1589,1
90538fa,765,0.1589,1
5906e9cf,987,0.1589,1
337d940b,616,0.1589,1
1d26e7f4,487,0.1589,1
32e04706,948,0.1589,1
5c468804,807,0.1562,1
344924b,758,0.1589,1
29f7dc90,1292,0.1589,1
199f76df,881,0.1589,1
71f1cb40,311,0.1562,1
5680c9ff,1247,0.1562,1
41048ce3,1132,0.1589,31
234f3392,204,0.1589,1
5c9b4770,100,0.1589,1
c04a22d,1190,0.1589,1
698244da,581,0.1589,1
338b39db,946,0.1589,1
352d481d,891,0.1562,1
1c91815f,748,0.1589,22
674eb283,1108,0.1589,1
de11a50,1242,0.1589,1
5253c651,50,0.1562,1
42582e3d,1240,0.1616,1
5090465f,942,0.1616,1
5526f587,1215,0.1534,1
198bd03c,947,0.1616,1
1aa12cf6,462,0.1589,1
48512343,475,0.1562,1
2ab97d03,139,0.1616,1
6d745258,489,0.1616,1
7e21059c,971,0.1616,1
3f2b6a20,1114,0.1616,1
5e1b49a3,262,0.1616,1
113226aa,231,0.1616,1
67c9ccf5,366,0.1616,1
357c046,307,0.1616,1
705c7de,1121,0.1562,1
7d9dddd1,491,0.1616,1
782b6e2,1094,0.1589,1
2e856c83,541,0.1589,1
18a10286,892,0.1616,1
136dcce5,828,0.1616,1
3a7fd261,775,0.1616,1
28d8566a,264,0.1616,1
2d3cc686,841,0.1616,1
50cb2d20,951,0.1616,1
14630182,265,0.1616,1
7ee27e62,740,0.1616,21
230a022,1107,0.1616,1
35218fce,896,0.1616,1
3c0a1667,572,0.1616,17
30e96f75,733,0.1562,1
5d950664,1003,0.1589,1
6473bde7,953,0.1616,1
8a62620,29,0.1589,1
73cf7286,72,0.1589,1
432748c8,749,0.1616,1
61cecbd,205,0.1589,1
6bb70ac0,206,0.1589,1
7f79e51c,207,0.1616,1
46d75bf5,796,0.1616,1
4e044aeb,1004,0.1589,1
2f1c2e92,419,0.1616,1
1ffd6f68,420,0.1616,1
63099791,481,0.1616,1
fb6ca09,266,0.1616,1
9818f9d,673,0.1616,1
41901dd3,73,0.1616,1
35e2bca6,74,0.1616,1
1af80094,534,0.1616,1
1a1d6326,654,0.1616,1
23a76740,1209,0.1616,1
62188862,101,0.1616,1
42bf0f0b,478,0.1616,1
18994b68,232,0.1616,1
9cb25c,811,0.1616,1
266161b5,1193,0.1616,1
1c9cf525,604,0.1616,1
4e8c3fd5,140,0.1589,1
2be77a0a,208,0.1589,1
6a6ca0a,332,0.1616,1
7d683226,919,0.1534,1
7d181ff9,1175,0.1616,33
52b5d8c9,730,0.1616,1
7d1e13ba,623,0.1616,1
4212dfbf,1084,0.1589,30
7254bb6d,102,0.1589,1
4e915e03,8,0.1616,1
329ea488,175,0.1616,1
66a57a43,1281,0.1616,1
317d2a29,1136,0.1616,1
75580b43,463,0.1616,1
32a55b84,990,0.1616,1
7f9f48f1,16,0.1616,1
276b0949,176,0.1616,1
12dc0cf4,909,0.1616,1
7f568367,1186,0.1589,1
abd0c50,312,0.1616,1
fe01536,367,0.1589,1
703e64c2,435,0.1589,1
2777d9d,1296,0.1616,1
604a3e0f,141,0.1616,1
6f8cde95,1051,0.1616,1
6c17afd2,1184,0.1616,1
55b5ac58,51,0.1616,1
643e5aa7,824,0.1589,1
6dcf58c3,267,0.1616,1
3d192c2,675,0.1589,1
39aec86a,1025,0.1589,1
3c771397,789,0.1562,1
4458af2d,268,0.1589,1
52253e63,536,0.1616,1
45bb7da4,785,0.1589,1
41d4252f,720,0.1616,1
40f4cbff,75,0.1616,1
3b5933a4,76,0.1616,1
25113f36,479,0.1616,1
450c9be6,30,0.1616,1
23411b8b,652,0.1589,1
5177c854,1023,0.1616,1
7d33b5c3,1200,0.1616,1
5c41c228,985,0.1589,1
77f70768,1188,0.1616,1
18ad44aa,1117,0.1589,1
78d067d1,450,0.1616,1
2a52ba61,782,0.1616,1
65d12404,422,0.1534,1
17aba400,547,0.1616,1
6cbea7cb,372,0.1616,1
5421e17a,768,0.1616,1
5300898f,1080,0.1616,1
3f9d66ef,1214,0.1616,1
755c5eb8,177,0.1644,1
6cc53f27,490,0.1644,1
3b5e9fc1,1054,0.1644,1
6fa02c5b,359,0.1616,1
781e1689,142,0.1616,1
3de722aa,538,0.1644,1
72880240,551,0.1589,1
1c243abe,584,0.1616,1
1406cded,833,0.1616,1
10705fb5,1168,0.1644,1
7a56d4ec,77,0.1616,1
22d8c5f9,31,0.1616,1
1f14fad6,369,0.1644,1
3ddf357c,598,0.1644,1
2fc05885,764,0.1644,1
4bd3a789,494,0.1616,1
73a9366f,103,0.1534,1
379999b3,1161,0.1644,1
1ab0ebb5,410,0.1644,1
4c09e885,143,0.1644,1
7629b525,178,0.1644,1
d86ee52,1060,0.1562,1
10f65114,104,0.1616,1
13b8de4f,504,0.1644,1
2803c180,1166,0.1616,1
124d4eac,425,0.1644,1
3091d300,179,0.1644,1
650e39fb,999,0.1644,1
5337eb1b,1276,0.1589,1
2bf7e7ff,739,0.1616,1
15403852,144,0.1644,1
1150ae0,105,0.1644,1
6d1656ea,992,0.1644,1
794a8ca8,1164,0.1644,1
6d5cb97b,1194,0.1644,1
44b7fc3a,640,0.1644,1
1bc94340,627,0.1644,1
364ba35d,1141,0.1616,1
3e54438e,403,0.1644,1
45793e52,424,0.1589,1
14fba6fe,52,0.1644,1
7f41be77,233,0.1644,1
6395da22,577,0.1644,1
6f92f3ac,1155,0.1644,1
269774f6,609,0.1644,1
54d7c455,1187,0.1616,1
195e5027,571,0.1644,17
6129cf33,1290,0.1644,1
7c843724,78,0.1644,1
161bb18d,471,0.1589,1
7d2f1401,428,0.1616,1
52501cc0,17,0.1616,1
fb03cb9,3,0.1616,1
290efc99,741,0.1644,1
446c631b,496,0.1644,1
41e6e88b,1213,0.1644,1
13825a6b,53,0.1644,1
1dd9f956,1250,0.1644,1
3a0a354d,9,0.1644,1
4c5e3037,32,0.1644,1
1fcf396b,1158,0.1644,1
7484d782,1208,0.1644,1
49e68ead,209,0.1562,1
77800d86,210,0.1644,1
1162767c,757,0.1644,1
43088b15,954,0.1644,1
3e66f63f,931,0.1616,1
497d3048,375,0.1644,1
4bae7e8d,498,0.1616,14
4cf904ce,876,0.1644,1
45a7d460,313,0.1644,1
310a576e,145,0.1644,1
65f843ec,354,0.1616,1
5d9a03c8,1261,0.1644,1
59c1a3c1,493,0.1616,1
223e684d,234,0.1644,1
57ea8c5,181,0.1644,1
8777fe1,906,0.1616,1
5c7c0a85,333,0.1589,1
dd16d47,645,0.1644,1
7d99d4b8,703,0.1562,1
4ea2249d,1285,0.1644,1
72b637ee,383,0.1616,1
748bc7aa,709,0.1616,1
4704e197,211,0.1644,1
185db326,763,0.1644,1
5b17fe84,436,0.1644,1
718bd4db,1065,0.1644,1
11638b24,508,0.1589,15
6452dead,10,0.1616,1
55ef7d,374,0.1644,1
2f57dea0,106,0.1644,1
22e05ac5,182,0.1644,1
50b54f82,829,0.1644,1
7fb47cee,473,0.1644,1
6e071f66,1130,0.1644,1
4e114611,567,0.1644,1
34a2c90e,1154,0.1644,1
68ad8078,873,0.1644,1
3e874e24,54,0.1616,1
7ae2a62b,713,0.1616,1
58aafac0,1309,0.1644,1
5c800fed,1064,0.1644,1
58729c37,794,0.1644,1
4728500d,314,0.1644,1
37cebaec,742,0.1644,1
383d3a2f,55,0.1644,1
649eb5a2,837,0.1562,1
28c11e22,781,0.1644,1
6a9ad80c,79,0.1644,1
3b277b32,1024,0.1589,1
2a05ea51,1030,0.1616,1
a15d13d,1074,0.1671,1
36f332cb,342,0.1671,1
360d31cc,791,0.1616,1
335f123e,553,0.1671,1
1767a151,1191,0.1671,1
382dac1c,625,0.1671,1
67717984,500,0.1671,1
306a518d,360,0.1644,1
2cf449b6,1118,0.1534,1
6b31850,107,0.1644,1
7eea8842,146,0.1671,1
53ab09d6,1139,0.1671,1
3f7af77e,554,0.1644,1
31cda0de,557,0.1671,1
2fa25f2f,292,0.1644,1
24cc16b4,1140,0.1644,1
6f3bc4a5,56,0.1644,1
4c65d454,108,0.1644,1
10724656,1116,0.1644,1
2d942850,269,0.1671,1
69a9e2e0,109,0.1644,1
b0c5cf5,183,0.1671,1
94eeb34,510,0.1671,1
51494e5,624,0.1644,1
238cd845,1012,0.1644,1
4a0ed335,270,0.1671,1
3467960b,1112,0.1671,1
15f58fde,1301,0.1616,1
507e23d5,615,0.1671,1
6c55c594,330,0.1671,1
640ac1db,437,0.1671,1
5db839fb,723,0.1644,1
7c79d912,890,0.1671,1
3e42da6c,686,0.1671,1
c74d066,384,0.1671,1
109f57f2,1282,0.1671,1
221cadba,839,0.1644,1
a25822f,438,0.1671,1
20f884ed,914,0.1671,1
4a3277c7,110,0.1616,1
d847246,417,0.1671,1
2b16ad23,1305,0.1616,1
16f8513d,147,0.1671,1
384017e6,1263,0.1671,39
26a1da78,334,0.1671,1
5f52277,80,0.1644,1
51d0fa4d,11,0.1671,1
691738b6,790,0.1671,1
41cd4df6,392,0.1671,1
6d073922,1095,0.1644,1
3b53a45d,860,0.1644,1
6bd1f909,1102,0.1671,1
76f42fe7,33,0.1671,1
2a5e7ddf,377,0.1671,1
4058ab78,628,0.1671,1
2ae6a92f,212,0.1644,1
14c24478,1075,0.1671,1
4380f454,964,0.1671,1
32157bf1,921,0.1616,1
56e8c50b,724,0.1671,1
64d62f3c,1304,0.1671,1
536ea7c5,402,0.1644,1
5589d854,1142,0.1671,1
4c5afbe7,180,0.1671,1
5c8abffa,198,0.1671,1
7a7c7b21,57,0.1671,1
61ac4742,844,0.1671,1
7a321d53,1043,0.1616,1
73ce1880,148,0.1644,1
6af2c0ab,1100,0.1671,1
69e71ce0,533,0.1671,1
3554c0a,444,0.1671,1
5c5ef8,184,0.1644,1
7cd731c0,501,0.1671,1
2d8622a6,542,0.1644,1
41a0e00,608,0.1671,1
66532be5,1104,0.1616,1
23cf4fde,185,0.1671,1
3f40da13,171,0.1671,1
6b7ea9f5,235,0.1671,1
148dbb7c,401,0.1671,1
4de5b78c,396,0.1644,1
74cc7c61,335,0.1671,1
6ae3420c,380,0.1644,1
13cc4277,1197,0.1671,1
7375ce55,81,0.1589,1
644d8b2e,149,0.1671,1
14ce4689,859,0.1671,1
6560719d,343,0.1671,1
383a0c02,111,0.1644,1
30a6f4d0,1238,0.1699,1
56ba0643,1015,0.1644,1
30b06990,236,0.1699,1
58822998,150,0.1671,1
5f85562c,523,0.1671,1
590bcb81,1262,0.1699,1
6a44d5d9,688,0.1671,1
23c3efe0,526,0.1699,1
5682f982,826,0.1699,1
184ceb42,364,0.1699,1
51d27710,237,0.1699,1
1df49aee,923,0.1699,1
5ac79652,594,0.1699,1
21f4ca5f,660,0.1699,1
607b790a,381,0.1699,1
2253e8e2,483,0.1589,1
1bc925ac,464,0.1671,1
1c68a2b8,747,0.1699,1
27602b16,238,0.1644,1
1ac9c3e0,897,0.1699,1
48ff7150,725,0.1699,1
115b6795,112,0.1671,1
3745d633,1002,0.1699,1
6347d5f8,4,0.1699,1
50815d31,1022,0.1699,1
1aacef7b,619,0.1699,1
3c14653,926,0.1671,1
5e74bbc6,411,0.1699,1
4c60dec,344,0.1671,1
79ecfd38,113,0.1699,1
7016df88,882,0.1699,1
b47f0c7,1031,0.1671,1
3f5a252e,957,0.1699,26
21411ac0,1160,0.1671,1
676d6bff,1183,0.1671,1
53187e1d,34,0.1699,1
3d855205,114,0.1671,1
143bc86f,35,0.1699,1
18857b84,36,0.1699,1
8fd061f,394,0.1699,1
1f7f787f,151,0.1699,2
554db34f,671,0.1671,1
6627bb39,610,0.1699,1
68a841c,1029,0.1671,1
62d2b832,960,0.1671,1
5a3db8ec,18,0.1644,1
1982ee1,115,0.1699,1
5360f0aa,929,0.1671,1
36113576,440,0.1699,1
2404d1dc,632,0.1644,1
13c9e768,684,0.1699,1
53663cd6,676,0.1671,1
75763b0,1126,0.1699,1
55fd8b7,1115,0.1699,1
59719dd3,116,0.1671,1
3b139aa7,1253,0.1699,1
7e52496,271,0.1699,1
7c04debd,1018,0.1699,1
294e4beb,1096,0.1699,1
eaf3ac7,1033,0.1671,1
20407e10,974,0.1699,1
7aebad93,499,0.1726,1
2121b036,451,0.1726,1
56afcfd7,240,0.1699,1
75bc9bec,512,0.1726,1
529c27fd,922,0.1726,1
7e109d98,315,0.1726,1
566924fa,241,0.1726,1
479bb620,1205,0.1726,1
556eca30,1019,0.1726,1
740bc2e1,492,0.1726,1
e8d7da5,1198,0.1726,1
5260a5e2,152,0.1671,1
11dcd67a,1288,0.1644,1
bec58d7,82,0.1699,1
215a9f81,886,0.1726,1
44dfae5a,806,0.1726,1
33c7dfbd,783,0.1671,1
5a0403f2,1128,0.1671,1
2f5739a4,543,0.1726,1
42c44e9a,1010,0.1726,1
16c3ff6a,746,0.1726,1
1b74e038,1246,0.1726,1
61156b37,213,0.1644,1
7799e4a8,263,0.1726,1
7e287d9e,613,0.1726,1
42e13743,379,0.1726,1
867a0fb,214,0.1699,1
3063a9fb,975,0.1699,1
d1ae6e4,459,0.1699,1
460a832b,448,0.1726,1
73df8369,482,0.1726,1
5eded098,1000,0.1726,1
6910183f,58,0.1699,1
4a93061,465,0.1726,1
1628f804,1055,0.1671,1
1963e563,1020,0.1726,1
3191acc7,1173,0.1726,1
7cf6a8ac,1178,0.1671,1
747d85f7,755,0.1726,1
2dcf87ee,215,0.1699,1
2b8137c9,852,0.1726,24
174a51ea,535,0.1671,1
5eb02867,1087,0.1726,30
f1124a8,888,0.1726,1
2d0c65fc,1085,0.1726,30
688ca4b6,37,0.1726,1
37a04ad0,840,0.1726,1
31120ce8,877,0.1699,1
7f7facb3,316,0.1726,1
72db1efe,820,0.1644,1
47982cbf,1120,0.1699,1
664c0de8,1014,0.1671,1
64d42fa6,1203,0.1726,1
4e52f12c,421,0.1726,1
48a9d18d,701,0.1726,1
af47c97,1284,0.1726,1
4e8cb63d,59,0.1726,1
b600955,597,0.1726,1
52624284,216,0.1726,1
5441c4fc,117,0.1726,1
7f57bd17,728,0.1671,1
74762909,646,0.1753,1
34c02361,994,0.1753,1
6e7c6721,884,0.1753,1
2c81c0fc,1189,0.1726,1
69fa8a04,293,0.1753,1
5c146771,1105,0.1753,1
515c56bd,679,0.1753,1
793cb3cb,600,0.1726,1
7378ea4a,355,0.1753,11
4eefe48b,242,0.1699,1
31bf2dc8,511,0.1753,1
2657cfc,118,0.1753,1
36fbec40,1279,0.1644,1
7018da8,855,0.1753,1
4f1821ed,603,0.1753,1
66b3366e,756,0.1726,1
f434f14,514,0.1753,1
4a4ef99,386,0.1753,1
a3da1a9,524,0.1753,1
75c2e6c6,243,0.1753,1
60ec2c85,539,0.1753,1
4397cf26,217,0.1753,1
24401e14,1082,0.1753,1
4656288c,12,0.1726,1
475facc7,1013,0.1753,1
3a4ca5f5,218,0.1753,1
1e58ac16,972,0.1753,1
69bde519,468,0.1699,1
73d75804,967,0.1753,1
53be457d,426,0.1753,1
c8221f2,978,0.1753,1
57e10468,816,0.1671,1
51f2b6a0,657,0.1753,1
68e9e093,1089,0.1753,30
70c6944e,750,0.1753,1
6d56a615,1159,0.1726,1
32cb2d93,983,0.1616,27
76c8dadc,988,0.1753,1
32e854af,537,0.1726,1
6a563ae9,1037,0.1753,1
19a3585,488,0.1726,1
53f1627c,294,0.1753,1
31b40150,635,0.1753,1
418976e5,941,0.1753,1
1a539d4f,527,0.1699,1
4a35a59d,774,0.1753,1
5b9a830a,153,0.1753,3
512ef8c2,1255,0.1726,1
5791ae4d,295,0.1726,1
2f1ebd9b,219,0.1753,1
30eff06f,1057,0.1753,1
3f62a7ab,296,0.1726,1
5df9ffa5,1032,0.1753,1
19aca06d,711,0.1699,1
439586d3,851,0.1753,1
1e8b39b3,1081,0.1726,1
cb67a46,60,0.1753,1
26c3cb84,1027,0.1753,1
5a10b8f9,1314,0.1726,1
35dc1e76,715,0.1753,1
a8726c1,38,0.1644,1
32a043fe,461,0.1753,1
6d28e223,443,0.1781,1
38526e5e,1202,0.1753,1
b50f6bb,677,0.1726,1
3bdfeb9c,1306,0.1781,1
11cc3f3e,1106,0.1753,1
3a4793c7,958,0.1781,1
36ae5f1a,722,0.1781,1
7269d158,529,0.1781,1
2ac25e4,1278,0.1781,1
47347dd,689,0.1753,1
3b3292c0,404,0.1726,1
40618ec6,1099,0.1781,1
9152933,1204,0.1781,1
7cbe6483,61,0.1781,1
1fdefdf5,912,0.1781,1
18d1c7c,913,0.1781,1
2ea4bc74,441,0.1671,1
4d56b535,486,0.1781,1
2582c0a,362,0.1726,1
42c34a60,1113,0.1781,1
464250fa,1092,0.1781,1
2a1a3698,647,0.1781,1
431da15b,317,0.1781,1
3b9a4b10,858,0.1781,1
63d29649,1196,0.1781,1
1887d25d,1274,0.1781,1
363ebf6f,220,0.1781,4
f5cb176,1148,0.1781,1
5f15a073,1103,0.1781,1
28021506,650,0.1781,1
b80a7a3,1034,0.1781,1
e313f61,1058,0.1781,1
4db73c0f,643,0.1753,1
3f531bf2,649,0.1753,1
7c1833b,1256,0.1808,1
8c6e95,1216,0.1781,1
742f7dcf,318,0.1808,1
53846433,1156,0.1808,1
58d7fd23,371,0.1808,1
3b4cc86a,1071,0.1808,1
34020bc9,154,0.1808,1
44574486,708,0.1808,1
238e97ca,83,0.1808,1
7edc1449,1243,0.1808,1
5a241418,119,0.1808,1
24a918ae,520,0.1808,1
734efb36,1172,0.1808,1
6d2ed74a,687,0.1781,1
2b655b2a,1169,0.1808,1
17d08a23,932,0.1808,1
7b508c1f,19,0.1808,1
7fc34f08,558,0.1781,1
29f89269,1286,0.1808,1
644c433d,898,0.1808,1
775e4c05,1079,0.1753,1
482698c7,1088,0.1781,30
8110685,760,0.1808,1
6d4fb380,801,0.1808,1
6b9c50bf,961,0.1808,1
6e2707ad,617,0.1808,1
6e8211c2,834,0.1808,1
7ec17c21,766,0.1753,1
7751d2ee,39,0.1781,1
219da9c6,297,0.1808,1
5fefb036,704,0.1781,1
2a3aff9e,560,0.1808,1
53059e95,895,0.1808,1
5c356475,918,0.1808,1
1f9aceaa,423,0.1808,1
3d56b36f,345,0.1781,1
406d7d54,395,0.1808,1
3f63a2fa,155,0.1808,1
76c5d422,1312,0.1808,1
7e80dc5e,874,0.1808,1
55ac9907,466,0.1753,1
77fa953a,938,0.1808,1
2fc63b23,612,0.1781,1
575c70a9,734,0.1808,1
436d9261,427,0.1808,1
6609afe4,405,0.1808,1
45f9a55a,1280,0.1808,1
5bf891e5,721,0.1781,1
6f157b0b,509,0.1808,1
44c88f82,84,0.1753,1
6c8446d7,156,0.1808,1
4c933134,1287,0.1808,1
537bf6fa,887,0.1808,1
177202bd,528,0.1808,1
17462b4e,656,0.1781,1
4289b203,62,0.1781,1
4e49508e,244,0.1808,1
49a9d410,273,0.1836,1
6f138a30,924,0.1836,1
6005347b,157,0.1781,1
64ccd5d5,1291,0.1836,1
63428408,642,0.1836,1
10f3d05a,1123,0.1808,1
591c98d3,1307,0.1836,1
5b7c8c58,1182,0.1836,1
2ce921fb,695,0.1836,1
2216453c,726,0.1808,1
1f719bad,655,0.1836,1
20d0da57,120,0.1808,1
45d3c14f,672,0.1836,1
557c436c,1199,0.1836,1
46c3169d,683,0.1808,1
60677e70,591,0.1808,1
657d738d,814,0.1836,1
3be5028a,40,0.1808,1
54a88987,544,0.1836,1
c3551b9,574,0.1836,1
521cd95c,729,0.1836,1
953b991,320,0.1836,7
1a310b63,917,0.1836,1
3c2f2905,298,0.1808,1
84dd1e5,583,0.1808,1
1cc67e4c,336,0.1808,1
e3e04a4,727,0.1781,1
4b9c7367,962,0.1836,1
2d384108,1244,0.1781,1
2236efd,631,0.1836,1
7c465139,1133,0.1836,32
54e9129d,1072,0.1836,1
3b363909,1007,0.1863,1
4612ab34,1371,0.1863,1
227bec14,576,0.1863,1
6cfabefb,904,0.1863,1
701b3403,804,0.1836,1
7a6fa578,186,0.1836,1
789fd6d,337,0.1863,1
3e3d8601,825,0.1836,1
17af16e9,1083,0.1863,1
10ec3501,716,0.1863,1
5846c0e4,937,0.1863,1
a995863,158,0.1863,1
52028c62,674,0.1863,1
65ee1f87,245,0.1863,1
14db6a06,1180,0.1863,1
7a74c999,495,0.1863,1
41cf9cb5,641,0.1808,1
3aeeccf4,221,0.1836,1
2fe9fe09,945,0.1863,1
60ad2aa8,599,0.1863,1
3cc90f25,1239,0.1863,1
700cfd24,1185,0.1863,1
10754c9a,857,0.1863,1
1904cc56,159,0.1863,1
6d405874,545,0.1863,1
7a327d25,979,0.1863,1
4019ff65,442,0.1863,1
7f40ed4c,995,0.1808,1
102c9928,648,0.1863,1
791e055d,1091,0.1863,1
76733fcc,586,0.1863,1
e2186c3,1129,0.1863,1
7a30abf6,935,0.1863,1
738d7d00,540,0.1863,1
1c6fb1e2,694,0.1863,1
1efa2b32,1181,0.1863,1
616a5c00,121,0.1863,1
79975850,596,0.1863,1
4344e9e2,399,0.1808,1
4edd2b82,784,0.1863,1
18961621,944,0.1863,1
57fa1dba,1122,0.1863,1
64c3c119,1212,0.1836,1
27555009,1056,0.1863,29
f5a6ddc,915,0.1863,1
8cab640,321,0.1836,1
a70556c,85,0.189,1
5fb6d32a,1315,0.189,1
72fb6549,299,0.189,1
7fa3a607,160,0.189,1
234b00a2,563,0.1753,1
7eeeca3d,1251,0.1863,1
57962984,592,0.1836,1
35e72eef,622,0.1863,1
68e247fc,1077,0.189,1
218e6863,658,0.189,1
4ed266e1,187,0.189,1
46e5e224,869,0.189,1
20d93975,222,0.1863,1
2cc5ebd7,322,0.189,1
717d65c0,607,0.1863,1
18e05d09,1052,0.189,1
719bddf1,161,0.189,1
72031b46,752,0.189,1
68ca23a3,300,0.189,1
72d823a6,925,0.189,1
5d031c59,1049,0.1863,1
37b0e594,1098,0.189,1
ede0ffa,1008,0.1863,1
788ceabc,1059,0.189,1
48a02c7c,122,0.189,1
367f5b4d,1086,0.189,30
4de8597e,1294,0.189,1
52ae9375,246,0.189,1
1b249690,813,0.189,1
12863bef,810,0.189,1
2fe70362,996,0.189,1
574d038a,905,0.1863,1
58e193b4,812,0.1863,1
7ef296e6,578,0.1863,1
415d1fbe,690,0.189,1
7eb3154c,1125,0.189,1
2a9b451d,1222,0.1918,1
4034b30e,223,0.189,1
693df459,1174,0.1918,1
f428547,1252,0.1918,1
7f818a1f,838,0.1836,1
1ac8fa22,274,0.189,1
1c515a1e,433,0.1863,1
7c76cee1,899,0.1918,1
7a28c6e,552,0.1918,1
74803ff7,566,0.1918,1
4b3ffd7b,41,0.189,1
29c4c2af,301,0.1918,1
3fd3ec23,910,0.1918,1
2c81c64b,762,0.189,1
598b3bab,188,0.1918,1
56555b8f,1372,0.1918,1
c115203,949,0.1863,1
76c71792,818,0.1918,1
5456349f,275,0.189,1
54000bdd,717,0.1918,1
2875abf1,189,0.1836,1
664042ea,638,0.1918,1
3576071,346,0.1918,1
575ddd25,323,0.189,1
5272de1c,276,0.1918,1
36c191aa,277,0.1918,1
e2d3beb,570,0.1918,1
37207bfe,513,0.1918,1
7366d138,815,0.1918,1
4990523f,347,0.1753,1
2e05da85,1040,0.1945,1
1a4ebb30,963,0.189,1
f7b032,889,0.1945,1
5fe44650,1170,0.1945,1
50ea4f61,515,0.1945,1
14aee639,593,0.1945,1
14ffc7db,247,0.189,1
7b07794f,393,0.1945,1
6ac76b9,123,0.1945,1
6550d77b,662,0.1918,1
ffb1515,530,0.1918,1
4ff6c8a4,1009,0.1945,1
2a0a665d,162,0.1918,1
16990528,248,0.1836,1
49829768,302,0.1945,1
1e8660f0,413,0.1918,1
2319755c,278,0.1918,1
67cc286c,224,0.1918,1
75f95539,644,0.1945,1
200f9ae0,737,0.1945,1
1e0d9246,348,0.1945,1
43e96f38,1011,0.1918,1
6ec50655,124,0.1945,1
684cdca9,809,0.1973,1
1a21fc44,472,0.1973,1
12b9c097,239,0.1973,1
54889b3b,349,0.1973,10
5fb38615,981,0.1918,27
d0f94af,862,0.1973,1
5aafbc97,880,0.1973,1
4f79a85a,1218,0.1973,1
1318645a,385,0.189,1
3d96441,731,0.1945,1
24b52ba9,1111,0.1973,1
260c6c1d,678,0.1945,1
3e557fd3,414,0.1973,1
3330f3d3,1308,0.1918,1
76990d2c,1050,0.1973,1
378fb2ab,497,0.1945,13
22b1e86e,163,0.1973,1
162b2980,868,0.2,1
2865b604,901,0.2,1
62b55349,836,0.2,1
4fea35e9,279,0.1945,1
14889733,830,0.2,1
fa1caa4,324,0.2,8
c262bd,680,0.2,1
5923137,1275,0.2,1
3e2d2095,666,0.2,1
4d7505d7,1109,0.1945,1
53ae24ed,225,0.2,1
71ccd7d1,350,0.2,1
40ea73af,1026,0.2027,1
5465f90c,1076,0.1973,1
315b15ea,1217,0.1973,1
13f0d660,439,0.2,1
14a8ba,865,0.2027,1
119ac76d,378,0.2027,1
7bc28c2d,338,0.2027,1
7ab4ccb5,249,0.2027,1
12df22fa,803,0.2,1
709b517,606,0.2,1
227d8c34,325,0.1973,1
4d31dfb2,361,0.2027,1
2612ec1c,1035,0.2,1
6c7954c4,787,0.2027,1
222b6953,190,0.2027,1
6124eeeb,1299,0.2027,1
50678cdf,585,0.2027,1
761e3d63,667,0.2027,1
f06a302,434,0.2027,1
499347bf,518,0.2027,1
257e2b26,993,0.2,1
220cffcf,779,0.2055,1
1828463f,458,0.2055,1
4bd5443a,875,0.2055,1
1f26617d,976,0.2,1
5f85ec40,1047,0.2055,1
5a1117d1,319,0.2027,1
d2ab12,42,0.2,1
6147cba6,685,0.2055,1
4d46637a,1207,0.2027,1
1fbb5a9c,939,0.2055,1
aa4e842,805,0.2055,1
55e1184b,303,0.2055,1
2bc2ec3e,280,0.2055,1
6e682c60,699,0.2055,1
4a175048,788,0.1973,1
6e0623a1,1021,0.2055,28
35c69a9,1134,0.2082,32
43233f17,555,0.2055,1
758437d6,281,0.2027,1
1edd4478,1298,0.2082,1
22c2f881,1045,0.2082,1
173f272d,191,0.2082,1
de6cb95,125,0.2082,1
57e786b9,1046,0.2082,1
23edf6b9,326,0.2082,1
165e14b5,1143,0.2055,1
2d5fcf88,126,0.2082,1
249f738d,192,0.2055,1
46e646d4,522,0.2082,1
a72388f,282,0.2082,1
6c6f7ec8,127,0.211,1
3f1fcf42,1210,0.211,1
4b3bee93,738,0.2055,1
5016113b,1038,0.211,1
4718accf,966,0.211,1
21178b03,517,0.211,1
63c1eb1,561,0.211,1
12e72793,86,0.2082,1
7218633d,1110,0.2082,1
70e4d765,980,0.2,1
16cb865e,691,0.211,1
3dbbf0ab,977,0.211,1
c8b7daa,611,0.2137,1
5a82dca1,283,0.2137,1
10b158d9,525,0.2137,1
726ddccc,470,0.2137,1
123e69d2,795,0.2055,1
29c8c596,965,0.2137,1
5116f8bf,128,0.2137,1
255c9906,193,0.211,1
69772ed8,129,0.211,1
731ac4bf,819,0.2137,1
6f8dfdac,351,0.2137,1
49ebd356,556,0.2137,1
2ed8cdf2,743,0.2164,1
7e09371f,982,0.2137,27
5b933b5d,1171,0.2164,1
5bf3dd1e,1017,0.2164,1
332c2ccf,250,0.2164,1
4aa447a,719,0.2164,1
46a1ce61,506,0.2164,1
3ffe086,164,0.2137,1
1b9bc3f7,893,0.2164,1
5167ee62,1150,0.2164,1
738f9a0,670,0.2164,1
553b15c9,87,0.2164,1
4f22fde0,969,0.2164,1
33a5df52,284,0.2082,1
5ddf33ba,800,0.2137,1
1d6a3458,549,0.2164,1
45ff07e8,664,0.2192,1
58bd1f4a,339,0.2192,9
70f378da,272,0.2192,5
7c5bb504,759,0.2192,1
30df9623,1248,0.2192,1
da20797,845,0.2192,1
3d550e26,846,0.2219,1
1c877f1d,194,0.2219,1
50a58c20,700,0.2219,1
4d26b71c,340,0.2219,1
5817b4a0,1313,0.2192,1
7fcf4728,1053,0.2219,1
3f7007d,808,0.2219,1
7b91d948,285,0.2164,1
60574f5c,1067,0.2247,1
1e46d02e,920,0.2247,1
3cd57dca,927,0.2247,1
3de95fb,1223,0.2219,1
1bb522c9,842,0.2274,23
207a3d2a,327,0.2274,1
55d4fbf4,823,0.2274,1
7d3b86c0,1028,0.2274,1
4f2a50c4,1144,0.2301,1
3e48a766,407,0.2274,1
4c31e000,589,0.2301,1
6d1d72c0,848,0.2301,1
70acb3d7,745,0.2301,1
b244933,705,0.2329,1
485699b7,1145,0.2329,1
4edb690f,1219,0.2329,1
5b7c5908,744,0.2329,1
10e08af4,559,0.2329,1
7238fe85,984,0.2329,1
e5f5a54,1176,0.2329,34
1b59d981,1260,0.2356,1
22d467fb,989,0.2356,1
172d69f2,195,0.2384,1
63540cb9,474,0.2384,1
36944483,516,0.2384,1
54fa899c,696,0.2384,20
377e1615,843,0.2384,23
4be08bf1,835,0.2411,1
81267f0,251,0.2329,1
1c368a2d,304,0.2466,1
5b3fe900,63,0.2466,1
2bfc4656,1249,0.2493,37
144f5e95,997,0.2493,1
b5731e6,601,0.2521,1
2d253a1c,692,0.2493,19
4978ec89,88,0.2521,1
ff9860b,663,0.2521,1
27b6023b,903,0.2548,1
3659824,356,0.2521,1
6d30c52b,885,0.2438,1
2e3adf58,770,0.2548,1
29996de,305,0.2575,1
16221b75,1036,0.263,1
390ab77e,854,0.263,1
1601acc3,1264,0.263,40
7df33ab5,753,0.263,1
54bea4c,634,0.2685,18
69961cdc,797,0.2685,1
79bda5a7,286,0.274,1
726ac299,653,0.2795,1
16a868f3,902,0.2712,1
4234bf3b,587,0.2849,1
15427c5d,502,0.2932,1
31981a66,1090,0.2986,30
7eb495de,64,0.3096,1
64220356,130,0.3562,1
74bd96d5,1375,0.3699,1
7715d2cb,365,0.3836,1
7133e8e0,1376,0.4329,1
89978a,131,0.4493,1
73726f36,1220,0.4493,1
74c51c7e,132,0.4959,1
1d7024ad,1342,0.5123,42
2d9f1ba7,1383,0.5233,1
4385921c,1316,0.6219,42
78437238,1225,0.6411,35
ffc7821,1325,0.6849,42
44528f66,1379,0.7041,1
5386a34c,1373,0.726,1
691d8b8,368,0.7726,1
696baf04,1329,0.7808,42
53aef78,1227,0.789,35
6340b050,856,0.8,1
63e2f7d2,1226,0.8,35
1d42edc2,1346,0.811,42
6b1ce098,1317,0.8247,42
5f3b6170,1265,0.8301,41
da814c0,1330,0.8384,42
6b8ce715,1347,0.926,42
6798c2dc,1377,0.9836,1
63ac0fbe,1272,0.9918,40
2a94f602,1266,1.0027,40
2eef091f,1378,0.9945,1
22d7e798,1267,1.0192,40
79c86a56,1268,1.0384,40
6010489c,1271,1.0548,40
4b37ba2b,1386,1.0603,1
3784f3c,1326,1.0658,42
2a6112,1374,1.0904,1
565b27f9,1380,1.1041,1
4b2de18d,1332,1.1041,42
44aad40f,1327,1.1151,42
aed567b,1328,1.1315,42
21360728,1331,1.1479,42
7730d615,1270,1.1507,40
591c84c5,1269,1.1863,40
56f714f0,1273,1.2164,40
7272b62a,1334,1.2274,42
124c7891,1381,1.2274,1
2f4bfcb1,1387,1.2548,1
41f52d3c,1394,1.274,1
265100ce,1333,1.2767,42
57287c65,1229,1.3123,36
4f1c1ff3,1228,1.3425,36
43314aee,1348,1.3616,42
2776bc45,1320,1.4192,42
4f02e95a,1395,1.4575,1
61fbd704,1396,1.4685,1
744a78b2,1388,1.5041,44
75a4440a,1389,1.5479,44
67a25a6f,1318,1.5589,42
3f3227f8,1319,1.6493,42
ce84ed,1415,1.7041,1
39b4a0c5,1349,1.7014,42
34535ba8,1343,1.7068,42
579d14ea,1233,1.7151,36
22995d54,1422,1.726,1
cbaa318,1232,1.7753,36
55f520a,1391,1.7808,1
27dc0626,1234,1.7945,36
7f963323,1419,1.8055,1
7827b78e,1397,1.811,1
4722d624,1321,1.8411,42
2f394069,1429,1.8466,1
76c294f5,1382,1.8466,1
339cd664,1335,1.8438,42
62deb5c5,1230,1.8548,36
7819bff,1384,1.8658,1
44a3047d,1322,1.8767,42
54e146d6,1235,1.8767,36
38021cf1,1231,1.8767,36
6506d2c6,1344,1.9151,42
30fc07f4,1398,1.9397,1
46aa6d2c,1400,1.9589,1
279bfcb3,1412,1.9753,1
42fc2e2b,1399,1.9753,1
5dafcea8,1390,2.0082,1
2c4ed5dc,1401,2.0082,1
458aa12,1416,2.0329,1
182c8315,1420,2.0493,1
23de36fe,1402,2.0575,1
7f8da271,1430,2.0603,1
521e4e70,1336,2.0849,42
2f1ec9d3,1431,2.0959,1
5718d6e7,1236,2.1068,36
da209ed,1323,2.1315,42
1f2ebc02,1442,2.1808,1
10ba7bbc,1345,2.1918,42
52bede8f,1324,2.2082,42
46a7be65,1392,2.2877,1
42a2023b,1351,2.2932,42
646eefdf,1444,2.2959,1
20de209,1237,2.2986,36
2d0b0b96,1385,2.3096,1
5799e7b8,1450,2.326,1
1aa35f4c,1433,2.3342,1
bedb0ff,1393,2.3726,1
1291bd68,1421,2.4356,1
4a6961c7,1445,2.4356,1
6f304d01,1483,2.4521,1
20cd0a24,1443,2.4603,1
6b877c5,1350,2.4822,42
3be82425,1403,2.4932,1
5b62ccce,1417,2.5178,1
7ae1269e,1407,2.5205,1
435e543d,1413,2.5397,1
d46a0a7,1405,2.5397,1
423862c8,1414,2.5425,1
69271ca3,1337,2.5452,42
18a0c882,1404,2.5479,1
aecdc81,1432,2.5507,1
44702740,1446,2.5534,1
472565ae,1352,2.5616,42
766b3ecb,1339,2.5753,42
1a2e74de,1406,2.5753,1
34499eed,1408,2.5753,1
77c43cec,1340,2.5808,42
1ba0fe41,1411,2.6,1
43966ab7,1409,2.6027,1
6dfc666e,1447,2.6329,1
1d89a4f2,1451,2.6329,1
7744f08e,1410,2.6329,1
58f605cb,1484,2.7178,1
e037165,1358,2.7589,42
12cdc412,1487,2.7562,1
39450d59,1453,2.7808,1
425d8645,1486,2.789,1
5e2a3471,1353,2.7973,42
2a6d0b98,1448,2.8,1
3f70cfe9,1463,2.8274,1
5880bcda,1434,2.8301,1
43e17141,1341,2.8466,42
6d20b8d6,1449,2.8603,1
bfb7560,1454,2.863,1
2fd35f21,1359,2.874,42
1665d2b5,1452,2.8877,1
5e46d241,1360,2.9041,42
7825a88b,1423,2.9041,1
27af08df,1338,2.9014,42
36482757,1464,2.9315,1
3d75ce8,1435,2.9397,45
3b9fc65d,1488,2.9452,1
53a3cfb5,1465,2.9562,1
3143b733,1467,2.9589,1
24a63809,1466,2.9863,1
80673e2,1485,2.9863,1
76ff17ee,1363,2.9973,42
1daf0069,1361,3.0027,42
32962d72,1437,3.0192,1
58c790af,1468,3.0548,1
3c331d5a,1469,3.0575,1
75c01079,1418,3.0575,1
15d42265,1354,3.0658,42
6d260c21,1500,3.0767,1
2726a6,1472,3.0822,1
656ec283,1501,3.0849,1
1487469,1436,3.1178,1
59613c5f,1494,3.126,1
35bba92f,1520,3.1534,1
6af7bd30,1362,3.1452,42
c90bb28,1355,3.1452,42
1f790ae3,1455,3.1671,1
5d50de59,1518,3.1753,1
35cae60d,1426,3.189,1
3c8a4267,1493,3.1918,1
74138857,1490,3.2082,1
5f1fab64,1489,3.2219,1
6b736907,1424,3.2356,1
45b9c6a5,1503,3.2411,1
2939d8e6,1491,3.2356,1
6d412fb5,1356,3.2493,42
46e1aabf,1502,3.2521,1
308ad026,1521,3.2603,1
33fa4d69,1470,3.274,1
5292a2b4,1495,3.2795,1
3ce55bfb,1427,3.2795,1
4c2e3631,1471,3.2904,1
6897bd61,1519,3.3041,1
2a43c472,1508,3.3151,1
6d83548c,1504,3.3178,1
382ba60d,1492,3.3342,1
7baff044,1364,3.3452,43
620614d,1522,3.4027,1
62eb8652,1357,3.4055,42
65e70144,1473,3.4192,1
468dcebe,1456,3.4247,1
491c5ae7,1365,3.4301,43
7259f249,1425,3.4411,1
589ffba,1457,3.4493,1
61125311,1509,3.4384,1
120029f,1459,3.4767,1
29f0d43b,1474,3.4795,1
1406b0f6,1510,3.5507,1
5e38f9e3,1536,3.5589,1
5f8d2c41,1512,3.5616,1
752c2ff4,1506,3.5726,1
1972f464,1537,3.5753,1
35895fc,1523,3.5753,1
70f37a87,1505,3.5753,1
51d3f56f,1511,3.5863,1
57c7f9f1,1514,3.5945,1
1ba268c0,1440,3.6027,1
483df957,1513,3.6055,1
442f8513,1507,3.611,1
7ee42b35,1525,3.6438,1
35d0aad,1458,3.6411,1
3889aa46,1366,3.6548,43
1528512c,1475,3.663,1
5b1ea66b,1538,3.6603,1
63e36cba,1460,3.6658,1
7cce1b1e,1515,3.6986,1
439d3daa,1438,3.7014,1
6056cb75,1531,3.7123,1
23ac2a31,1533,3.726,1
745aae59,1539,3.7315,1
5ad96347,1530,3.726,1
47774a85,1428,3.7397,1
56c395e9,1524,3.7397,1
14fcc0a2,1540,3.7589,1
35f59c02,1516,3.7808,1
24a712a0,1529,3.789,1
6e81a700,1534,3.7973,1
1c0a83a2,1527,3.8055,1
452cbc85,1528,3.8082,1
50619ad,1542,3.8274,1
192839bf,1544,3.8301,1
70ff05ef,1543,3.8274,1
1da243ed,1678,3.8384,1
7af2243d,1526,3.8438,1
32adaf52,1532,3.8466,1
25178994,1551,3.863,1
547df885,1517,3.863,1
16f92b0a,1541,3.8658,1
75313db,1441,3.8685,1
14c4eede,1367,3.8849,43
239f3993,1675,3.8904,1
2fc91856,1461,3.8904,1
247593ec,1676,3.9041,1
5fee374f,1368,3.9123,43
34d62343,1550,3.9178,1
2c0f65ef,1545,3.9178,1
65d688aa,1679,3.9397,1
6b5eddb4,1535,3.9425,1
45bad053,1496,3.9479,1
740cc6cf,1677,3.9507,1
5a76d34e,1690,3.9726,1
3a5d46d8,1682,3.9753,1
245b69a3,1709,3.9836,1
30605f1d,1369,4.0027,43
5fbf2f78,1554,4.0219,46
4211ea46,1370,4.0247,43
50396675,1477,4.0384,1
3c39239f,1548,4.0603,1
1a5b1f8f,1439,4.0603,1
57d58558,1462,4.063,1
4c445b19,1689,4.0795,1
3914acd5,1546,4.0932,1
7b716b1f,1547,4.1096,1
f5ce6c,1696,4.1151,1
633f91e8,1691,4.1178,1
6e07d1f8,1684,4.1205,1
72e9bae9,1685,4.1178,1
44c5c43f,1478,4.1233,1
44ed92e9,1713,4.126,1
2b00e38,1695,4.1315,1
2c1826ac,1681,4.1342,1
7c40bac6,1680,4.1452,1
17fa5a8c,1692,4.1562,1
43416955,1549,4.1562,1
152eeda6,1686,4.1589,1
7cc2f6d,1561,4.1726,46
41027ecb,1564,4.1726,46
45858832,1497,4.1781,1
3dcdce84,1821,4.1836,1
2cc21d01,1577,4.1918,46
55ad14d5,1683,4.1918,1
51b23e6e,1648,4.1918,46
3a088b9d,1557,4.2055,46
72ac4b45,1829,4.2082,1
35ebd9bf,1559,4.2082,46
1bf9104d,1828,4.2055,1
1d6ed4f4,1579,4.211,46
47e84530,1822,4.2082,1
4fc815b4,1563,4.2137,46
48b03ec,1693,4.2137,1
735e3359,1552,4.2219,1
4e688a5b,1710,4.2219,1
4d2139a4,1588,4.2219,46
6d401ddf,1595,4.2274,46
36c04150,1698,4.2274,1
254a3e16,1694,4.2301,1
2aa0fabe,1565,4.2274,46
1d1c25c3,1608,4.2329,46
accc2db,1699,4.2356,1
66b83bf,1666,4.2384,46
435df7f7,1687,4.2411,1
68f64a53,1562,4.2438,46
36b0a00d,1568,4.2438,46
28e6c048,1578,4.2438,46
22d6bd5d,1553,4.2466,1
475cdecc,1712,4.2493,1
56989d9f,1589,4.2493,46
702bdc8c,1665,4.2493,46
7bc0e8f8,1697,4.2548,1
65ba8348,1558,4.2548,46
7291f6f7,1590,4.2548,46
6077f95f,1702,4.2548,1
2e3246c5,1566,4.2548,46
89990b0,1570,4.2575,46
1c8c5a81,1596,4.263,46
2d1d3a9b,1567,4.263,46
1a82bd3b,1668,4.2685,46
50465781,1555,4.2685,46
f24e1d7,1714,4.263,1
7102fae0,1654,4.2712,46
79470c29,1688,4.2767,1
350fcfb9,1609,4.2767,46
57976cc6,1655,4.2795,46
7f1515ba,1647,4.2795,46
19262542,1711,4.2795,1
11e415ea,1623,4.2849,46
61cfb46d,1580,4.2849,46
521f53d8,1753,4.2849,1
3e02f401,1700,4.2904,1
1b04b3e2,1572,4.2932,46
69ed9ebe,1619,4.2877,46
2172a623,1616,4.2986,46
41c9baf4,1649,4.3014,46
39ab2956,1569,4.3041,46
69e0b086,1751,4.3123,1
7bd97052,1672,4.3123,46
7dcd9d63,1610,4.3123,46
1283620f,1556,4.3205,46
40ebe347,1624,4.3178,46
45768d8a,1715,4.3178,1
41624851,1752,4.3178,1
22174ae6,1584,4.3233,46
49e481ca,1597,4.326,46
5c5d2558,1591,4.3315,46
25ec7cf0,1632,4.3342,46
3a8242d1,1571,4.3342,46
4ec1f82a,1724,4.3342,1
4b6982d6,1716,4.337,1
266ea0a0,1652,4.337,46
11f5161d,1631,4.3425,46
60a35361,1617,4.3452,46
481f116e,1823,4.3452,1
2f39c47e,1669,4.3507,46
4a87145a,1560,4.3534,46
4fe74589,1582,4.3534,46
1cdf8775,1674,4.3589,46
661de7d4,1618,4.3616,46
604d0570,1633,4.3616,46
56b90e18,1718,4.3616,1
16bf5d68,1651,4.3616,46
18a56da8,1628,4.3671,46
2307d24b,1663,4.3699,46
43030d71,1786,4.3699,1
4a296182,1657,4.3671,46
1142389d,1653,4.3753,46
232657f0,1645,4.3781,46
79ceee51,1785,4.3781,1
54fe6f11,1635,4.3808,46
3bebe97d,1630,4.3863,46
49f67a4f,1575,4.3836,46
7ad198f7,1661,4.3863,46
12c58e85,1574,4.3863,46
2ab2ad55,1659,4.389,46
13e1c82e,1863,4.389,1
34c0bba4,1634,4.3918,46
4e9e9b71,1705,4.3918,1
540793fb,1643,4.3918,46
74bb3f70,1701,4.3945,1
70918581,1673,4.3973,46
6dac8305,1583,4.389,46
5c80088f,1611,4.4,46
74d93bce,1573,4.4,46
667f557d,1824,4.4,1
2693e9b3,1658,4.4027,46
54d799c6,1656,4.4055,46
1abe79be,1598,4.4082,46
13037547,1667,4.4055,46
4f9bd3d8,1727,4.4192,1
5353a3eb,1650,4.4219,46
3a4943b6,1599,4.4247,46
3268b0f5,1825,4.4274,1
79aae602,1725,4.4247,1
2a50bef6,1587,4.4301,46
237ca073,1625,4.4274,46
6d7e130c,1593,4.4301,46
2c0c7dd7,1660,4.4356,46
7668d122,1629,4.4356,46
4e567c93,1862,4.4384,1
1ddab9e6,1826,4.4384,1
2722f379,1594,4.4384,46
6a425db0,1592,4.4411,46
2cfb07b3,1612,4.4411,46
1b29f66,1827,4.4438,1
7f091aba,1670,4.4438,46
252baa7f,1585,4.4466,46
2e9b7196,1792,4.4575,1
31809753,1790,4.4575,1
79dd1d0c,1498,4.4575,1
18a705a,1664,4.463,46
52e7c570,1787,4.4712,1
75b82947,1644,4.4685,46
403702ac,1581,4.4712,46
542cb5eb,1671,4.474,46
24baadd1,1476,4.4767,1
511342db,1662,4.4767,46
6f6a3659,1799,4.4822,1
349e003,1586,4.4822,46
4d235418,1499,4.4849,1
378f033c,1626,4.4849,46
4f554503,1794,4.4877,1
49bc3a8,1830,4.4904,1
1c629d63,1758,4.4932,1
489e72c0,1481,4.4932,1
7470e0c,1728,4.4959,1
625f2eba,1788,4.5014,1
41b4c0f6,1620,4.5041,46
3793267d,1722,4.5041,1
54be11d2,1809,4.5096,1
778d9a6c,1831,4.5096,1
380327da,1576,4.5123,46
4fbd0efb,1622,4.5123,46
5636da42,1802,4.5151,1
100927dc,1627,4.5151,46
3b04a68,1800,4.5205,1
727b55d5,1621,4.5151,46
3cb8137c,1759,4.5178,1
4b1b9643,1791,4.5178,1
2709c0af,1707,4.5178,1
6951e63,1642,4.5205,46
1f9fb008,1646,4.5288,46
7f7f7d3,1789,4.5315,1
7b2837a2,1801,4.5315,1
2438e9e5,1721,4.5342,1
4c91ec20,1717,4.5397,1
23a6a4b3,1796,4.537,1
12cd8cd0,1719,4.5425,1
3c05feec,1706,4.5425,1
474dfd0,1761,4.5425,48
3edb6ddb,1479,4.5562,1
445eaa1a,1613,4.5589,46
408ecddc,1838,4.5589,1
536fb9bf,1726,4.5616,1
5ba913cb,1843,4.5671,1
585d8f46,1762,4.5671,48
7147765d,1793,4.5671,1
1417781b,1760,4.5726,48
2241a768,1729,4.5753,1
c4d40de,1840,4.5836,1
46f23a94,1868,4.5836,1
24e6e3cb,1895,4.5836,1
609659f6,1850,4.5863,1
690a55f1,1797,4.589,1
465fd55f,1795,4.5863,1
20f236fa,1832,4.5945,1
77838eea,1846,4.5973,1
7edfce83,1853,4.6,1
4c9df836,1723,4.6,1
704b27a8,1836,4.6027,1
745039d7,1834,4.6,1
45a48441,1767,4.6164,48
2e3ba6c1,1864,4.6192,1
6803cca6,1833,4.6137,1
4cbd9c66,1852,4.6247,1
d44b778,1482,4.6247,1
78afa986,1614,4.6274,46
1948ac5e,1805,4.6274,1
2734eab3,1756,4.6274,1
24335cd0,1754,4.6301,1
6b758e11,1844,4.6219,1
6ab60c18,1730,4.6329,1
42619941,1638,4.6356,46
6cf4775c,1896,4.6329,1
179df4ec,1811,4.6411,1
5453ee2b,1810,4.6438,1
4787fb12,1865,4.6438,1
1bf195e0,1851,4.6466,1
417d9c4a,1755,4.6493,1
6ee83de6,1798,4.6548,1
55c953ec,1703,4.6521,1
5e5a1b7e,1806,4.6575,1
f18beb5,1866,4.6575,1
5605b7ab,1480,4.6575,1
77bf8b2f,1848,4.6575,1
60f65ead,1704,4.6603,1
4d441135,1869,4.6658,1
fbfbe6f,1845,4.674,1
763f33e,1736,4.6849,1
4162f04e,1720,4.6822,47
c8ee60e,1807,4.6849,1
5edfd204,1769,4.6877,48
33ffad53,1803,4.6932,1
689445fc,1847,4.6959,1
2b1d4211,1835,4.6904,1
5a48aa3c,1639,4.6986,46
50d87fea,1839,4.7014,1
36000ab7,1603,4.7014,46
7d40def6,1897,4.7014,1
4193320f,1808,4.7041,1
1690e585,1837,4.7123,1
59581923,1731,4.7205,1
7037d807,1867,4.7288,1
3eec7667,1770,4.7288,48
7fa0b661,1708,4.7233,1
6c94b150,1812,4.7342,1
22adab25,1735,4.7452,1
7fafae59,1774,4.7671,48
5c61c73,1768,4.7699,48
4c1123aa,1615,4.7699,46
32a5d8e,1636,4.7699,46
65aa024,1841,4.7781,1
46614815,1814,4.7781,1
175f6d4,1738,4.7808,1
48690ac1,1972,4.7836,1
34e5570d,1737,4.7836,1
2288bd93,1764,4.7945,48
2aa9d535,1842,4.7945,1
7859b1fe,1815,4.7945,1
2a19b326,1604,4.7973,46
3c16b192,1765,4.8,48
712c3e48,2014,4.8027,1
203bdbce,1898,4.8027,1
e565a4b,1858,4.8082,1
109539b3,2015,4.811,1
5b8b97,1741,4.8082,1
7ec0d5f9,1899,4.8137,1
3da268d2,1854,4.8164,1
42f84c68,2022,4.8192,1
7b99bd25,1744,4.8247,1
27c286f2,1813,4.8247,1
5f55f0ee,2016,4.8274,1
159a7db1,1781,4.8219,48
5f4e7c60,1817,4.8301,1
69889239,1746,4.8329,1
5a4e6cec,1775,4.8356,48
45af246f,1742,4.8356,1
2aec25cb,1748,4.8274,1
66de18a,1745,4.8301,1
14dfb76c,1773,4.8384,48
2bd9b224,1732,4.8411,1
25992bf,2384,4.8384,1
49503d42,1874,4.8411,1
6437d8a,2269,4.8356,1
20d8e453,1776,4.8438,48
46762afe,1763,4.8521,49
8f484e5,1860,4.8521,1
40861294,1849,4.8548,1
271b8cab,1601,4.8603,46
17a88ac5,1782,4.863,48
4ecc8057,1757,4.863,1
50cd636c,1733,4.8712,1
1125cc24,2323,4.8685,1
7cb2163c,1778,4.874,48
c50a98c,2410,4.874,1
77550279,1779,4.874,48
757ba2ca,2324,4.8712,1
4cb8d9fc,1976,4.8767,1
20d725a1,2023,4.8767,1
2942f4fe,1605,4.8795,46
59609376,3565,4.8767,1
50a1552f,1743,4.8795,1
76db6d65,1777,4.8822,48
7c262d7b,1804,4.8795,1
6545e573,1734,4.8849,1
3a3ff754,2024,4.8877,1
2e117301,1766,4.8904,48
5b1e0821,1739,4.8877,1
7603e662,2152,4.9041,1
3b83502c,2282,4.9041,1
71a75452,1973,4.9096,1
4c69f364,2493,4.9123,1
5ad31547,2126,4.9151,1
2954e236,2293,4.9178,1
338ac889,1637,4.9178,46
1229ece4,3582,4.9205,1
59e72f37,1876,4.9233,1
1bdc6061,1855,4.9233,1
788bb688,1600,4.926,46
7ef73d13,1747,4.9205,1
23e4b0e5,1602,4.9288,46
439abd39,1977,4.9315,1
3b3d1243,1878,4.937,1
7ce5bf92,3583,4.937,1
7a804b73,1816,4.9397,1
5048b504,1879,4.9342,1
6ce5426f,2283,4.9452,1
3f19eaba,2342,4.9479,1
24792b15,3584,4.9452,1
6e51dbe4,2235,4.9479,1
7890555e,3564,4.9479,1
87e2c26,2132,4.9534,1
16f2de8e,2127,4.9589,1
50421005,2017,4.9589,1
5007ac8b,1771,4.9616,48
20fe6c8d,1880,4.9616,1
40900d8d,1870,4.9616,1
410025,1606,4.9589,46
4016adbf,2064,4.9671,1
944f80,2404,4.9699,1
535dc11b,1875,4.9699,1
13614298,2418,4.9699,1
452c7547,3569,4.9753,1
666f6e1e,1859,4.9781,1
44a5c51c,1856,4.9753,1
1466b39c,2296,4.9808,1
619febaa,2440,4.9836,1
79cd818a,1783,4.9808,48
60a179a9,2203,4.989,1
7da3f43d,1780,4.9918,48
174453b0,1740,4.9863,1
2904103,2206,4.9918,1
69971cc9,2200,4.9945,1
bf70fda,2343,4.9945,1
3e1b04c7,2346,4.9973,1
3e03c25e,2069,4.9973,1
6fa3f003,3573,4.9973,1
5c99abf2,1784,4.9973,48
3a42b19a,2068,4.9945,1
1af395be,2270,4.9973,1
6aa04d0b,2076,5,1
7b77ad96,1871,5.0027,1
54961d03,1818,5.0027,1
52ce3c4a,2199,5.0055,1
30ed0a82,1907,5.0055,1
787cfbbf,1974,5.0055,1
5811e21a,2156,5.0027,1
3aeefb0d,2170,5.0055,1
7cb3fadb,2287,5.0082,1
18a98e4b,2276,5.0082,1
3a757687,2411,5.0082,1
3b26cd78,2288,5.0082,1
765d7f82,2204,5.011,1
15db26b0,2225,5.011,1
41542996,1900,5.0137,1
86749a0,2275,5.0137,1
415fd297,1888,5.0137,1
4c9461c9,2135,5.0137,1
5128b6b6,2306,5.0192,1
1d0ae485,2285,5.0192,1
6f650242,2385,5.0192,1
7df2662b,1607,5.0192,46
1207ca75,2297,5.0192,1
60e4385,3572,5.0192,1
4c6aa10d,2414,5.0274,1
70bc0c13,2134,5.0274,1
1eed6287,2208,5.0247,1
72b6cbfd,2251,5.0274,1
174dbb8f,2376,5.0247,1
6b3fa16,2047,5.0301,1
22c75595,1772,5.0301,48
3c84e513,1857,5.0301,1
e3f67da,2087,5.0301,1
7a590ff3,1882,5.0301,1
6322bb7c,1978,5.0301,1
f9617bf,2406,5.0329,1
5b329a47,1872,5.0329,1
70417398,2325,5.0356,1
67c926c6,2286,5.0356,1
3c0ae076,3585,5.0356,1
7b513170,1819,5.0356,1
494b1ba3,2417,5.0384,1
e259877,2428,5.0329,1
2bdabe41,2157,5.0384,54
3c3138d7,2405,5.0384,1
4a3e8d76,2303,5.0438,1
3896eff0,2133,5.0411,1
1ad22eb5,2298,5.0438,1
2c03476f,2356,5.0438,1
2f104ab8,2128,5.0438,1
11fb3711,2420,5.0466,1
1e9db3b1,3575,5.0466,1
15318151,2357,5.0493,1
39f42813,2304,5.0493,1
38595cc5,2236,5.0493,1
3f1f82a2,2442,5.0548,1
70d2b760,3577,5.0548,1
3a182f0,2421,5.0548,1
1a83b0dc,2372,5.0548,1
684e783d,3570,5.0575,1
dc2abe3,2130,5.0548,1
27b0ea9,2205,5.0548,1
5794b6a,2229,5.0575,1
1eed4468,2448,5.0575,1
645b1633,2300,5.0575,1
14fc3a32,2419,5.0603,1
6220f043,2164,5.0603,54
2179b3b9,2136,5.0603,1
6203fa49,2209,5.063,1
37fa246e,2408,5.063,1
6e879e5,2347,5.063,1
5cbc31d7,2350,5.0575,1
13d10331,3571,5.063,1
6642ec71,2098,5.0658,1
24825c94,3586,5.0658,1
3d9e86f,2284,5.0658,1
67ebcb27,2255,5.0658,1
17eccbd1,3587,5.0548,1
5da25deb,3665,5.0685,1
2289a16e,1877,5.0685,1
402f7bc5,2026,5.0685,1
1f060e61,2071,5.0658,1
4554e3b,2393,5.0685,1
3d5e1f65,2407,5.0658,1
52334b71,2432,5.0658,1
7d692250,2072,5.0712,1
53638f50,2256,5.0685,1
39410584,2231,5.074,1
3c0614dc,2422,5.074,1
5b2cda08,1861,5.074,1
1e0b076e,3602,5.0685,1
562baf1d,1883,5.074,1
62e47c2a,3566,5.074,1
4fb3aab9,1889,5.0795,1
14a86e81,2395,5.0795,1
2d327629,3567,5.0795,1
1c872c12,2129,5.0822,1
6b443496,2277,5.0795,1
3bef9266,2426,5.0822,1
601c2da4,2018,5.0822,1
21d808a1,2097,5.0849,1
1fe5a18d,3603,5.0849,1
5275c589,2391,5.0795,1
6f1c6928,2333,5.0849,1
554fc663,2171,5.0849,1
4e434544,2351,5.0877,1
b795f6d,2218,5.0877,1
54bfb063,2388,5.0877,59
35433755,2271,5.0877,1
79801b9,2305,5.0904,1
ff603ce,2220,5.0904,1
37a8a62,2177,5.0932,1
2ccfb3f7,2088,5.0904,1
5da32a5,2387,5.0849,59
14ea691f,3574,5.0932,1
298f44d4,2202,5.0932,1
6e5d1d95,1975,5.0904,1
3fdc4ba2,1884,5.0932,1
2f594a3,3578,5.0932,1
12157e44,2412,5.0959,1
6bc709e6,3666,5.0959,1
383d59ae,2307,5.0959,1
3e0a4a89,2025,5.0959,1
63d697b1,2327,5.0959,1
6cc055da,2201,5.0932,1
308d2a14,2158,5.0959,54
622fe582,2230,5.0959,1
723ecd34,2415,5.0959,1
25a0f485,2100,5.0986,1
e1da54c,1873,5.0986,1
36cfdf2b,2374,5.0986,1
59a1c021,2329,5.0986,1
50da6f9b,1938,5.1014,1
1a0717bb,2344,5.1041,1
a59c8b,2424,5.1041,1
1d3b7ae8,2215,5.1041,1
7e6f8bc6,2099,5.1068,1
5f3eece0,2086,5.1068,1
2998ece2,2278,5.1068,1
5756c9e,1981,5.1068,1
435faae2,2413,5.1123,1
416c28f4,3608,5.1096,1
266426c6,1979,5.1123,1
2f7d23c7,3667,5.1123,1
142bb2a,2994,5.1123,1
3ff4195a,2212,5.1123,1
1fffbdd8,2429,5.1014,1
59dac6fb,2423,5.1151,1
4dd5bd01,1886,5.1151,1
445bc947,1902,5.1178,1
52745328,2317,5.1151,1
308735c3,1881,5.1178,1
3fe5d036,2348,5.1205,1
30f9d020,1980,5.1205,1
414eb468,2066,5.1178,1
5fb85f7e,1887,5.1205,1
46c026d0,3605,5.1233,1
2fa5aab2,2238,5.1233,1
2605bba8,2182,5.1233,1
3770bb3e,2995,5.1233,1
15d7d920,1903,5.1233,1
2aae5101,1944,5.126,1
28dc8edc,2294,5.126,1
230fa894,2335,5.1205,1
4dd857c5,2409,5.1233,1
4d3cc362,3669,5.126,1
11144e80,2131,5.126,1
49ea23fa,2449,5.1178,1
58cee75,2517,5.126,1
5b99bd58,2441,5.126,1
79a14768,1922,5.1288,1
68ca88e5,2518,5.1288,1
702793f5,3630,5.126,1
123a34c2,2380,5.126,1
6c2a6b9f,2389,5.1288,59
45f38a0,2326,5.1288,1
556dbc42,2386,5.126,59
386e156e,3604,5.1315,1
3304cba5,2328,5.1315,1
741a81ad,2079,5.1288,1
1b5ce699,3568,5.1233,1
374537c8,2000,5.1342,1
4a2283b8,2172,5.1288,1
22f2af7,2349,5.1342,1
2298c4f6,2138,5.1315,1
3cfd4c1a,2295,5.1342,1
25368264,3588,5.1315,1
2878dc02,3606,5.1342,1
629c277e,3576,5.137,1
191fd148,2119,5.137,1
4338f2a1,2162,5.137,54
676cbedf,2290,5.137,1
7d4419e9,2308,5.1342,1
2b8f07c7,2065,5.137,1
17f1095e,2165,5.1342,54
5d1dd639,1937,5.1342,1
282b621f,2373,5.137,1
4f5973c3,3580,5.1397,1
536c8467,3641,5.1425,1
4165a7d4,2019,5.1425,1
1842920a,2397,5.1425,1
120fa090,3595,5.1397,1
416d3c29,2184,5.1397,1
468186a9,2361,5.1425,1
7c6c132b,2516,5.1397,1
2d531fdb,3634,5.1425,1
32a59581,2188,5.1425,1
36e62f7d,2142,5.1397,1
87a9152,2160,5.1425,54
59020211,1909,5.1452,1
566437d0,1912,5.1452,1
455f4241,2443,5.1452,1
728a3276,2362,5.1397,1
3bd7864b,2166,5.1479,54
20916eec,2437,5.1479,1
6d062adf,3609,5.1479,1
7af5dc85,2263,5.1479,1
71a6e16c,2987,5.137,1
1eb3565d,2253,5.1452,1
6f316b44,3594,5.1507,1
68ab3c18,1929,5.1507,1
2170a996,1908,5.1507,1
63237c99,2029,5.1507,1
1c16e6b9,2379,5.1507,1
55850253,2226,5.1534,1
7aa3ac8e,2074,5.1534,1
671b9155,2596,5.1562,1
4423357e,2445,5.1534,1
394bdb9,1940,5.1562,1
422a0ca5,2434,5.1534,1
dddf380,2330,5.1562,1
32ee1a2f,2352,5.1562,1
16f629fd,2416,5.1589,1
2ddc934f,2582,5.1589,1
b839a38,2355,5.1589,1
6f4fa7b5,2310,5.1589,1
3361a0c,2309,5.1616,1
497ec605,2264,5.1616,1
6ee0a716,1905,5.1616,1
1e63e97,3306,5.1589,1
276f176e,2154,5.1589,1
4a53a2fc,1954,5.1616,1
302a1be1,2049,5.1616,1
f5bbd0f,2435,5.1644,1
646873e5,2139,5.1644,1
3be3dc61,2988,5.1616,1
5b762def,2082,5.1616,1
7b29e44d,1999,5.1644,1
118d6b01,1939,5.1671,1
6e9a1fde,2559,5.1671,1
917404b,2470,5.1671,1
16998c1d,2375,5.1671,1
2e47edd7,1893,5.1671,1
61110d19,2331,5.1644,1
17d06152,2560,5.1644,1
705e1cf2,2257,5.1671,1
be22caa,2248,5.1671,1
231a1c09,2425,5.1671,1
6191616c,2140,5.1671,1
5237600d,2143,5.1699,1
3433793b,3625,5.1699,1
7f9a18d1,2382,5.1671,1
43e6b837,2178,5.1699,1
409dd8e9,2398,5.1699,1
69dd0793,2239,5.1671,1
438f06c9,2031,5.1699,52
35162703,3596,5.1699,1
5912f56e,2005,5.1726,1
463120e8,2498,5.1726,1
33626521,2145,5.1726,1
478e2f40,2273,5.1726,1
5a3c4c48,2474,5.1726,1
928dfa9,1749,5.1726,1
61bea088,2261,5.1753,1
1339ff89,1918,5.1726,1
2fc98054,1892,5.1699,1
f22a3e1,2301,5.1753,1
3744e041,1901,5.1753,1
23eaacc1,2497,5.1753,1
41ce3f76,2112,5.1753,1
404253c8,2223,5.1753,1
5ae5dd8a,2153,5.1781,1
4a33787f,3035,5.1781,1
3c49495c,2358,5.1781,1
6e47810e,2007,5.1753,1
1a3a18c1,2113,5.1781,1
54daed24,2161,5.1753,54
4b9b7b79,3681,5.1781,1
3deec8ff,1910,5.1781,1
6f7361bd,1982,5.1781,1
34bc0caf,2392,5.1781,1
25c58082,2039,5.1753,1
636904b2,2252,5.1781,1
359577f0,2224,5.1808,1
7ef7e88d,2471,5.1808,1
424e0e42,2444,5.1808,1
29edf470,2077,5.1836,1
a7d0067,2035,5.1836,1
3b5503a,2050,5.1836,1
1d018d4b,2981,5.1836,1
5cf3ade6,2137,5.1836,1
625cd02d,2292,5.1836,1
3e6ff027,2095,5.1836,1
17f24350,2365,5.1836,1
499fdd6c,2394,5.1863,1
608ef30,3589,5.1808,1
6195d8f2,3601,5.1863,1
47d5ee8a,3232,5.1863,1
1ebb2e3b,1919,5.1836,1
67ac09f,3808,5.1863,1
397ebc3,2144,5.189,1
65406eb5,2044,5.189,1
7db76d36,2163,5.189,54
7483cc08,3639,5.189,1
42a7f5ee,1890,5.189,1
2aeee28e,2381,5.189,1
2112daf6,3607,5.189,1
1b656747,2237,5.1918,1
7a40b174,1983,5.1918,1
456ed442,2436,5.1918,1
4635840c,2982,5.1918,1
7922e2f4,2213,5.189,1
3b4011a1,2334,5.1918,1
6fe8d8ce,2073,5.1918,1
66676ed5,2051,5.1918,1
58f33138,2438,5.189,1
4dfb6b81,2313,5.1945,1
19d3b87c,2037,5.1945,1
73ac4aae,3671,5.1945,1
48da9063,3616,5.1945,1
15965e6b,2299,5.1945,1
110204fd,2207,5.1945,1
eac549,1989,5.1945,1
451e4530,1906,5.1918,1
1caf14bf,2258,5.1945,1
3bed7447,3635,5.1973,1
3ac9ba2b,2173,5.1973,1
6c5ff0b6,2272,5.1945,1
8311b6e,2367,5.1973,1
582e1963,3036,5.1973,1
2f41e8af,1941,5.1973,1
3c0877b1,2028,5.1973,1
3c62e135,2363,5.1973,1
14af02db,3001,5.2,1
348b9471,2475,5.2,1
4bc1d8ae,2030,5.2027,1
6081e3aa,2246,5.2027,1
c549cbb,2566,5.2,1
6b245196,2096,5.1973,1
59de74e1,2396,5.2027,1
6414b95c,2183,5.2027,1
21d509d8,3597,5.2,1
4ea622fb,3590,5.2027,1
663fced0,2219,5.2027,1
1983a6d8,2364,5.2055,1
37e85e8,2092,5.2055,1
27a05512,1986,5.2055,1
7b375bb4,2179,5.2055,55
2ab85e4a,3593,5.2082,1
2eb213f7,2314,5.2082,1
2b0a7b60,1885,5.211,1
6a1735c6,2067,5.2082,1
51fc5d20,2146,5.211,1
49ad4081,3037,5.211,1
6c009463,3610,5.211,1
38db8208,2366,5.2055,1
52931fbf,2243,5.211,1
61b54d90,2291,5.211,1
42bfb06f,2222,5.211,1
77a50c92,3626,5.2137,1
516c3a82,1950,5.2137,1
2a7497d7,2562,5.2137,1
60501bc1,2274,5.2137,1
1704bff4,3003,5.2137,1
2bc20396,1904,5.2137,1
57cc9d64,2111,5.2137,1
1663f7c8,3659,5.2164,1
39ba2a0f,2120,5.2164,1
77d49cd7,2147,5.2164,1
2471be16,2390,5.2164,1
1441f249,3579,5.2192,1
1a050539,2354,5.2164,1
7a6b9bab,2433,5.2137,1
6fc6fde2,3591,5.2192,1
418ee9c3,1820,5.2137,1
5ac69801,2242,5.2164,1
68d872ad,2159,5.2192,54
4ec80ade,3628,5.2192,1
5c24d91e,2427,5.2219,1
78be2235,3647,5.2219,1
37691c8a,3007,5.2219,1
532fe02c,2262,5.2219,1
16d6bbb3,3592,5.2247,1
3d30eede,2244,5.2192,1
4e1a6aee,2020,5.2247,1
33209d5c,3615,5.2247,1
3a06be87,1987,5.2219,1
19ae8157,2180,5.2247,55
98e27a2,2043,5.2274,1
23d2daa2,3668,5.2247,1
142f69f9,2141,5.2274,1
3f3e64f8,3581,5.2274,1
1b521f7d,2254,5.2301,1
9d9cbb5,2259,5.2301,1
769b9179,2090,5.2301,1
432942c2,2978,5.2301,1
2c268bff,3775,5.2301,1
2784d0f1,3004,5.2329,1
2c433ac9,2383,5.2329,1
dbe9d21,2336,5.2247,1
488f106,2048,5.2329,1
536e8ab5,3636,5.2356,1
5bc1b810,2155,5.2329,1
1ce9fb1b,2149,5.2329,1
1deba32f,3640,5.2356,1
64456226,2430,5.2356,1
2706bf69,2080,5.2356,1
7464b9b1,1988,5.2356,1
34d68ec9,3644,5.2384,1
7b4d9e27,3676,5.2384,1
2f584478,2401,5.2384,1
69229bd0,3006,5.2356,1
385a1e74,1921,5.2384,1
6df1323c,2345,5.2384,1
38fa7f70,3458,5.2411,1
2f5162ee,2052,5.2411,1
525080cf,2081,5.2411,1
3a118d4f,3116,5.2411,1
124b306a,2977,5.2411,1
51fb7482,2302,5.2411,1
75193a41,2148,5.2384,1
23199ad5,2488,5.2438,1
15d4100c,3618,5.2438,1
1f813950,1915,5.2438,1
1a40cde1,3755,5.2438,1
3b500f38,2260,5.2438,1
23f6d3d3,2114,5.2438,1
4cd62a4a,3791,5.2438,1
79b717ac,3654,5.2466,1
6f6afa73,2446,5.2466,1
7a97d406,1913,5.2356,1
76e3564,2602,5.2438,1
46255852,2197,5.2466,1
7ea49b87,2217,5.2466,1
3ad757b1,2353,5.2438,1
660d1b9e,2075,5.2438,1
4ce4909a,3632,5.2493,1
20efb69c,2214,5.2493,1
37d6aa58,2993,5.2493,1
7a4d79a5,3371,5.2493,1
7a27c382,2216,5.2466,1
61c10bb4,2227,5.2493,1
122fec1c,1942,5.2521,1
4fa9e393,3642,5.2521,1
5e382b92,2992,5.2521,1
2556408c,2250,5.2521,1
1a47d804,1948,5.2521,1
7765885c,3255,5.2521,1
77505858,3369,5.2521,1
682b899b,3649,5.2521,1
6d7a309c,2008,5.2521,1
4d356bba,2108,5.2548,1
4c08fb62,3420,5.2548,1
616f9ab8,3046,5.2548,1
17f4add7,2519,5.2521,1
6293a5e9,2249,5.2521,1
38f250ab,2975,5.2521,1
56c08f71,2240,5.2493,1
17a8534e,3308,5.2548,1
5d98ad20,2482,5.2548,1
6fb02951,3372,5.2548,1
107365a3,3041,5.2548,1
421acbdb,1911,5.2548,1
5a739f15,2078,5.2548,1
34e7dfab,1932,5.2548,1
3fb2eae9,1956,5.2548,50
2b62aad7,3631,5.2575,1
6daf1399,1985,5.2575,1
673f8300,2494,5.2548,1
7703aee2,2983,5.2575,1
1b4d7b1a,1984,5.2575,1
4ff2d8ac,2997,5.2575,1
6b323c25,3357,5.2603,1
5070b1c9,2189,5.2603,1
71f8e797,2083,5.2575,1
64de11ea,2431,5.2575,1
7fe2a9f2,2192,5.2603,1
268c391a,2186,5.2575,1
628768e0,3653,5.2603,1
107eb603,3656,5.2603,1
21a52cbe,2311,5.263,1
43bb4a7,3173,5.2575,1
6e7c30eb,2107,5.2603,1
29ff90d7,2060,5.2603,1
4c54e545,2036,5.263,1
2aa1120a,3764,5.263,1
1593eee4,2053,5.263,1
1ae76fd5,2040,5.2603,1
537c5e7b,2540,5.2575,1
61681414,3712,5.263,1
4fcb3d76,1993,5.2603,1
24de8707,1750,5.2658,1
779b7497,2528,5.263,1
22ab5fb5,2472,5.2658,1
2e30a9b6,2561,5.2603,1
4810f362,2027,5.2658,1
f88f262,2056,5.263,1
19be5e68,2104,5.2658,1
498804e7,3627,5.2658,1
625e7979,2368,5.2603,1
2a0d8cb2,2054,5.2658,1
41abda85,2399,5.263,1
488d516b,2221,5.2658,1
6c9e3f69,2450,5.263,1
400d3fa9,1952,5.2685,1
59897cb2,1916,5.2685,1
3ff4b2cb,3423,5.2603,1
40427660,2318,5.2685,1
12e09088,1640,5.2685,46
1fa7132d,2033,5.2658,52
478dae,2150,5.2685,1
7ca1f44b,2369,5.2658,1
3928742b,1923,5.2685,1
226382c4,2032,5.2685,52
309d06d6,2509,5.2712,1
17045593,2247,5.2712,1
2b128020,3648,5.2712,1
15595224,2337,5.2712,1
4daa4def,2377,5.2685,1
78372104,2185,5.2712,1
479bbda2,2370,5.2712,1
188c1f07,2091,5.2712,1
756eccc,1957,5.274,50
3dbfef82,2058,5.2658,1
46a8d223,3763,5.274,1
5cc411f9,2228,5.274,1
24c85941,2315,5.2767,1
1448f198,2084,5.2767,1
14f100f8,2089,5.2767,1
68468046,2400,5.2795,1
ea2de5e,2122,5.2795,53
26a71dfe,2121,5.2795,1
23cf66dd,2989,5.2795,1
7801b26d,2371,5.2795,1
5180b5cb,3314,5.2795,1
5d353a23,2359,5.2767,1
2adf1b5e,3307,5.2795,1
41df17bd,1935,5.2795,1
1dc7fb70,2378,5.2795,1
50f96b8,1951,5.2795,1
719f5018,3373,5.2795,1
48c4c369,2245,5.2822,1
de7632d,2151,5.274,1
6a7aad7a,2486,5.2822,1
13b95cdb,2588,5.2822,1
182dc124,2191,5.2795,1
2e2c4ce0,2537,5.2822,1
769c96c3,2986,5.2767,1
4c284c07,3239,5.2822,1
44d9e8bd,2567,5.2822,1
26ba1880,2483,5.2849,1
49b2f417,1930,5.2849,1
30ecfb63,3612,5.2822,1
10b4267e,2312,5.2849,1
29e27695,1891,5.2849,1
4c8af95f,3652,5.2849,1
70101a62,2568,5.2849,1
4482cc64,2597,5.2877,1
bca7698,2481,5.2877,1
66e6e1ad,2584,5.2877,1
745e493c,2210,5.2904,1
2a9209ec,2990,5.2904,1
1ba45d16,1936,5.2904,1
33f269d5,3318,5.2904,1
4a1e2c46,1990,5.2822,1
792f39ed,2102,5.2904,1
6f0ebaf5,1991,5.2904,1
4c0f8b90,2093,5.2849,1
76682694,3660,5.2904,1
4f9d89a2,2055,5.2904,1
7ad7944e,2534,5.2877,1
74daf00b,1925,5.2932,1
4439b60b,3717,5.2932,1
7352649e,3309,5.2932,1
50a123cf,2586,5.2932,1
73d8db78,2510,5.2932,1
7896c6c9,3246,5.2932,1
7ad8b2e6,3421,5.2959,1
1a4e4fb7,2021,5.2959,1
43a8a86a,3194,5.2959,1
761eb87c,2402,5.2959,1
496e6bdb,2603,5.2932,1
2135b6b6,3672,5.2986,1
27d8b102,3657,5.2904,1
240620dd,2605,5.2986,1
66951026,1931,5.2959,1
3371d6af,2059,5.2959,1
1e8cb735,1933,5.2986,1
6285b666,2061,5.2986,1
12003254,2454,5.2932,60
7032c1b7,1996,5.2986,1
65a707a4,3638,5.2986,1
23491b84,2193,5.2986,1
1ee9313a,2175,5.2986,1
48c2a69c,3233,5.2986,1
d682221,3005,5.3014,1
6bb17542,3661,5.2986,1
36f6c5b7,2539,5.3014,1
4c62ad32,3716,5.3014,1
3738f679,1927,5.3014,1
79001781,3792,5.3014,1
614152b2,2233,5.2986,1
2df40d91,1926,5.2986,1
4d0f6608,3809,5.3014,1
4dd4c963,2057,5.3014,1
34503505,2289,5.3014,1
266bd6a9,3361,5.3014,1
2bfecf70,3650,5.3014,1
1df7d321,2117,5.3041,1
2307e5d,2604,5.3068,1
76839e2d,1997,5.3068,1
e25c0ca,1928,5.3068,1
537d1b31,2101,5.3068,1
70b0a4a4,2045,5.3068,1
1a283e69,2458,5.3068,1
3aab8e76,2541,5.3068,1
45365ca0,2265,5.3096,56
2712df97,3039,5.3068,1
1b4ae81,2181,5.3041,55
6ed2d3bf,2484,5.3096,1
19af3be9,3673,5.3096,1
50f00559,3020,5.3096,1
7454bf97,3733,5.3096,1
2fd41c02,1960,5.3096,50
49eaffb0,3193,5.3096,1
394e5ba5,3794,5.3123,1
6d8e80aa,2996,5.3096,1
3cf7228b,3830,5.3123,1
334c0d1b,2998,5.3041,1
2dc563bd,2543,5.3123,1
34572d7f,2477,5.3123,1
31b1a204,2523,5.3123,1
74ac2d2,3789,5.3123,1
62c645fc,2190,5.3096,1
64980a92,3374,5.3096,1
69a9efab,1953,5.3123,1
5534c118,2455,5.3151,1
50d87e7,3348,5.3151,1
45718b29,2094,5.3151,1
37e50338,1992,5.3151,1
474c7cba,2118,5.3123,1
1c9e2517,2123,5.3123,1
2096655e,2006,5.3151,51
1052f34f,3629,5.3096,1
7a34ee04,3311,5.3151,1
2165c14e,2360,5.3178,1
2b9a0f14,3346,5.3178,1
43a45bbb,1641,5.3178,46
26a79b79,2544,5.3178,1
797a67e,3112,5.3178,1
74589b95,3141,5.3205,1
1d830846,3347,5.3205,1
12e3d509,2447,5.3205,1
3c75f08e,2572,5.3205,1
948b88c,2042,5.3205,1
28fd257d,2529,5.3205,1
184987c4,2460,5.3205,1
1d8d6db3,1934,5.3205,1
11caa896,2046,5.3205,1
505da11f,2473,5.3205,1
3069de02,2439,5.3205,1
4fe6b77,2110,5.3233,1
72e87eae,2211,5.3233,1
36a2f67d,3310,5.3178,1
bcafcef,2476,5.326,1
6f33368a,3619,5.3233,1
7e5ddf70,3024,5.326,1
5440a95e,3175,5.3288,1
7c988b32,3734,5.3288,1
4d348701,3620,5.326,1
78afa308,3117,5.3288,1
6c0481c4,2999,5.3315,1
3075252f,3397,5.326,1
88cf908,2194,5.3315,1
15b5931a,3637,5.3288,1
5a333af4,3235,5.3315,1
2389d3bc,2041,5.3315,1
61697b97,3713,5.3315,1
292bccdf,2009,5.3315,1
30eed888,3176,5.3315,1
5fc52324,3645,5.3315,1
75da5e88,3038,5.3315,1
26039d8,3180,5.3315,1
440c8b84,3177,5.3233,1
32a65c22,3378,5.3288,1
15af6ae0,2495,5.3342,1
16023f74,3459,5.3342,1
62c185d1,3241,5.3315,1
83d9687,2542,5.3315,1
3672c69b,3440,5.3342,1
3635cb3b,3428,5.3315,69
58a35f77,3744,5.3342,1
5f5d3288,2569,5.3342,1
7fbb61e6,2485,5.3342,1
48b2db29,3197,5.337,1
674f0139,3025,5.337,1
2555b240,2105,5.337,1
132a0d10,1946,5.337,1
37bafac2,3153,5.337,1
28e363c5,3745,5.337,1
198fa30d,2241,5.337,1
78a1596a,3110,5.337,1
20ac032b,2034,5.337,52
632dc8a3,3334,5.3397,1
2323b19e,3178,5.3397,1
2dd5e54,2103,5.3397,1
32152ee,2457,5.3397,1
306ff404,2195,5.3397,1
709a1c79,3743,5.3397,1
6a435eaa,3769,5.3397,1
7d7faa19,2490,5.3425,1
516b08cd,3191,5.337,1
84f5269,2267,5.3425,57
5ce3b73b,2167,5.3425,54
7440217a,1958,5.3425,50
6cfa67f4,2232,5.3425,1
3bc03422,3329,5.3425,1
6e9deb77,1949,5.3425,1
1b199ef7,2319,5.3397,1
1b36c0ef,2530,5.3425,1
6e086902,3646,5.3452,1
6b9e1da2,2590,5.3452,1
545331c5,3352,5.3452,1
78734229,3759,5.3452,1
3eae39e,2316,5.3452,1
2ef67ab4,2038,5.3425,1
31b5611,3398,5.3452,1
26e0abf5,3240,5.3452,1
4e8b92ae,2266,5.3452,56
4693436b,2507,5.3452,1
480bfba,3326,5.3452,1
339a79ea,1998,5.3479,1
1aa97ef2,2010,5.3479,1
8b54b25,2599,5.3479,1
38609925,3114,5.3397,1
79794c9,2174,5.3479,1
5ee5f1f4,2403,5.3479,1
4ce90664,2570,5.3452,1
1d66bfe5,2234,5.3479,1
266c415c,3611,5.3479,1
41adca7d,2598,5.3507,1
57776e34,2980,5.3479,1
53a98898,2571,5.3507,1
7b989c9f,2591,5.3507,1
3f3a5411,3749,5.3479,1
478af4f1,2535,5.3479,1
53508b0c,2187,5.3534,1
4c2234b6,2747,5.3534,1
73e125c9,2106,5.3452,1
1e167d78,3655,5.3507,1
6edf8aa7,2489,5.3534,1
5abcb3ce,3375,5.3534,1
49498d5d,3010,5.3507,1
38b838b0,3765,5.3562,1
14939746,3770,5.3562,1
57cc9cbe,3042,5.3562,1
41f168a,3242,5.3562,1
4c19ef48,3424,5.3425,1
6ea62770,3319,5.3534,1
7b4455a4,3234,5.3562,1
43766a61,3617,5.3562,1
46d02437,3633,5.3562,1
5c2a8c6d,2617,5.3562,1
54b02a2c,3358,5.3562,1
4ef1b20c,2576,5.3562,1
11339105,1947,5.3534,1
61e6c420,3868,5.3589,1
2650a5b7,2984,5.3589,1
657212a3,2491,5.3562,1
68c41cb1,2085,5.3589,1
3f54124d,2573,5.3589,1
15c67684,2332,5.3534,1
1c8a750d,3756,5.3589,1
77aedfeb,2520,5.3616,1
69988b35,3742,5.3589,1
1b46849d,3137,5.3616,1
21f13323,2496,5.3589,1
3ea88b2a,2011,5.3616,1
1cbe48c6,2585,5.3616,1
7145a3ef,3720,5.3616,1
5c294fd1,3422,5.3616,1
74e9175c,3002,5.3616,1
193b16fa,2487,5.3644,1
ee23330,3772,5.3616,1
52e4a3d8,2506,5.3589,1
44252992,3000,5.3644,1
784a85bd,2338,5.3671,1
78c90d68,3598,5.3671,1
6e1595c7,2521,5.3671,1
67ae4237,3154,5.3644,1
170fb3fd,3658,5.3671,1
10a3c779,1943,5.3671,1
7da71546,3376,5.3671,1
62b18d6,3873,5.3671,1
6931cb73,3136,5.3671,1
51ec1022,3448,5.3699,1
71d77ea4,3155,5.3671,1
44c65fd2,2536,5.3699,1
452ae3c9,2592,5.3699,1
7d0afb22,3651,5.3671,1
636d740d,3621,5.3699,1
4a50d03c,2124,5.3644,1
6d00faa9,2468,5.3699,1
f18e115,3689,5.3699,1
670b0822,2744,5.3726,1
3e449dd4,3872,5.3726,1
488a7d01,2641,5.3671,1
417951c,3718,5.3671,1
4c4fccc2,2464,5.3726,1
567f52a2,3685,5.3726,1
7a2416f4,3677,5.3726,1
4d065f19,2600,5.3753,1
291b64be,3447,5.3699,1
6c396d5e,3599,5.3753,1
4572c8d9,2003,5.3753,1
797e8fd8,3390,5.3726,1
4f0e7599,2508,5.3781,1
9bf17bb,2979,5.3781,1
75018cd0,2499,5.3781,1
3e1f4a8a,1917,5.3753,1
455536c0,2268,5.3753,57
471a776e,2575,5.3781,1
6bdcd76d,1959,5.3781,50
14ddb398,1924,5.3753,1
6dc3cadf,3723,5.3753,1
1b8fb711,3381,5.3808,1
79f6710e,2525,5.3808,1
7efa6747,3776,5.3808,1
741ca6e2,3331,5.3808,1
d248a8a,3292,5.3808,1
7e423cc3,2196,5.3781,1
34f64c04,2522,5.3808,1
25ccc7ce,3463,5.3836,1
769533c4,2512,5.3836,1
c157927,2462,5.3836,1
8298f03,3011,5.3836,1
63def842,3406,5.3836,1
225da9ad,2565,5.3863,1
654e0e51,2478,5.3836,1
168bd681,3019,5.3863,1
267f4781,2465,5.3863,1
164b2661,3719,5.3863,1
104ce28,2479,5.3863,1
158c3aa2,3766,5.3863,1
a592c4,2587,5.3863,1
5cba8e1e,3462,5.3863,1
7be86e2f,3021,5.3863,1
f4502da,3674,5.3863,1
23da8244,3831,5.389,1
2b18225f,1914,5.3836,1
a2a6742,3145,5.3863,1
314a1d77,3683,5.3863,1
318e2371,3771,5.3863,1
1339b805,3613,5.389,1
344d3b6a,2461,5.389,1
43f25705,2168,5.389,54
29928ffe,3693,5.3918,1
77b5e359,3882,5.3918,1
2fbd3c6e,2466,5.3918,1
2a7e00ae,3675,5.3918,1
7be5209b,3403,5.3945,1
46b5bd66,2531,5.3945,1
1e4221c2,3399,5.3945,1
446339d4,3151,5.3863,1
16d0383b,1955,5.3945,1
7de5f90a,2548,5.3945,1
2a77200,3113,5.3918,1
72269b45,3179,5.3918,1
2f56a14c,3663,5.3945,1
3850457d,3367,5.3973,1
2c9435e3,2985,5.3973,1
68edc80e,3237,5.3973,1
6aafd6d4,3290,5.3973,1
395d1d41,3700,5.3945,1
2c159477,2463,5.3973,1
4a40837f,3320,5.3945,1
36530c78,2976,5.3973,1
47aaa8da,3120,5.3973,1
c12dc62,3874,5.3973,1
469e58fe,3400,5.3836,1
181fb242,2467,5.3973,1
18292b1a,3330,5.4,1
36b7c4ab,2492,5.4,1
2cdcffd3,3402,5.4,1
49b4c5a8,2115,5.4,1
1814467f,2004,5.4,1
34c53e60,3686,5.4,1
100e5b4a,1961,5.4,50
6eba6d41,2116,5.4,1
479c086c,3662,5.4,1
6575e7c7,3389,5.4,1
2a63b2d5,3690,5.4,1
51a4338d,3740,5.4027,1
32849e24,3401,5.4027,1
5b671cff,2583,5.4055,1
34110bbe,3848,5.4055,1
e0c84fd,3121,5.4055,1
6cba4a7d,3139,5.4055,1
f5933f1,3363,5.4055,1
3329955f,3124,5.4055,1
202d7a01,3192,5.4082,1
3a281179,3111,5.4027,1
3e4dc8d8,3684,5.4055,1
59e8c4ab,3643,5.4027,1
673f8449,3028,5.4055,1
2101ff9c,2524,5.4082,1
4d64a0c6,3701,5.4082,1
3494dd99,3454,5.4082,1
21bff5e4,3026,5.4082,1
2f32da38,2001,5.4082,1
5ec31fe1,3236,5.4082,1
4111550e,1994,5.4,1
764e8eb9,3146,5.4082,1
250d2919,3333,5.411,1
5a979ca9,3714,5.411,1
45952ca,3518,5.411,1
42a369b7,3724,5.411,1
72b39144,3517,5.4137,1
951fdc8,2002,5.4137,1
6fc55a9f,4064,5.4137,1
21448aaf,3027,5.4137,1
78f3a1e1,3426,5.4137,69
7ecabc8a,2563,5.4137,1
6180c693,3443,5.411,1
4de9bd25,4104,5.4137,1
4533058e,3115,5.4164,1
3b1e006e,3379,5.4164,1
1be72c4,2526,5.4137,1
3e8af450,3452,5.4164,1
5b13a6c9,3043,5.4164,1
70166fcd,3354,5.411,1
3b400cd1,3451,5.4192,1
5201579d,2109,5.4192,1
14e296fa,3336,5.4137,1
5749ebac,2527,5.4192,1
6c544310,1920,5.4192,1
34b14cb8,3431,5.4192,69
34645992,3425,5.4192,69
2c68d039,3349,5.4219,1
62ea4a67,3129,5.4219,1
24222b80,3368,5.4192,1
5c801e0e,3814,5.4219,1
688a74a6,3353,5.4219,1
42fbf955,3040,5.4219,1
4abe64c5,3767,5.4219,1
20bd9cb3,3802,5.4219,1
103443b1,3427,5.4192,69
4c984fd7,4065,5.4219,1
2d4b4a4e,3682,5.4192,1
730ce87,3898,5.4219,1
6f5c5a10,3312,5.4247,1
75b992cd,3263,5.4247,1
64c971f9,3519,5.4247,1
6e82294a,2176,5.4247,1
39add0cd,3031,5.4247,1
bb62582,3449,5.4219,1
5de25d4,3600,5.4247,1
3cc8f058,3174,5.4247,1
6b3464b4,3736,5.4219,1
5194d665,3746,5.4274,1
52786d16,2743,5.4274,1
40dde7c,3679,5.4137,1
2590b906,3247,5.4274,1
b910912,3703,5.4247,1
5ea1c7dc,2513,5.4247,1
16f81978,3249,5.4247,1
61a8c23c,2606,5.4274,1
162adb72,3790,5.4301,1
4339f4c,2198,5.4301,1
2bb51da6,3158,5.4301,1
35ef685f,2618,5.4301,1
41501f86,3016,5.4274,1
119fbf57,3238,5.4301,1
477a47c5,3199,5.4301,1
60e4d434,3138,5.4301,1
21095b81,3623,5.4329,1
4d003df0,3142,5.4329,1
58d11ffa,2660,5.4301,1
2ffd1759,3815,5.4301,1
1d651d34,3355,5.4274,1
1ed235a0,3156,5.4274,1
2d3984be,3118,5.4329,1
756ca0a8,2593,5.4329,1
620faa8e,2514,5.4356,1
721a184b,3678,5.4356,1
39cfec48,3196,5.4274,1
7f064333,3773,5.4356,1
1cd721be,3391,5.4356,1
47218cef,3322,5.4356,1
69b11a44,3439,5.4356,1
731d1e97,3327,5.4356,1
66c14de7,3243,5.4356,1
7638d877,3157,5.4384,1
3053d754,2642,5.4384,1
51519820,3125,5.4384,1
3d135998,3356,5.4356,1
d58c52d,3195,5.4301,1
afd45a9,3315,5.4384,1
239f4aa5,3622,5.4411,1
4340256b,3541,5.4411,1
7e52566e,3267,5.4411,1
6bf4245e,2469,5.4329,1
592a0fa5,3883,5.4438,1
1210d800,3022,5.4411,1
77fc6d5d,3885,5.4438,1
4b837285,3795,5.4438,1
270ebcbd,3750,5.4384,1
2e50c8de,3365,5.4466,1
3a14c5cc,2619,5.4438,1
599f37c7,3521,5.4493,1
6a539f51,3812,5.4493,1
38ea3df2,1995,5.4493,1
633ad756,3725,5.4493,1
10540409,3271,5.4466,1
69a41401,3687,5.4493,1
c72996a,3362,5.4493,1
7aad26a2,2545,5.4493,1
134181a8,3013,5.4521,1
4685671b,3128,5.4521,1
2385ab85,3774,5.4521,1
3ba4df56,3444,5.4466,1
76808970,2651,5.4548,1
282f66b6,3433,5.4548,69
37fcfeda,2620,5.4548,1
392ba223,2643,5.4548,1
24e8943f,3737,5.4548,1
280f5e84,3380,5.4548,1
215e0040,3268,5.4521,1
622c0be4,2991,5.4548,1
77214cc2,3133,5.4548,1
66b69e55,3886,5.4575,1
6926c9c1,3704,5.4575,1
27fb66d2,2532,5.4548,1
230ccf93,3624,5.4603,1
5e36d06c,3289,5.4548,1
2287e08e,3738,5.4575,1
3d26dc4,3404,5.4603,1
32bb2356,3014,5.4575,1
4e5b8638,4534,5.4603,1
45caea19,3050,5.4603,1
b6eb837,2012,5.463,1
6333ac86,2607,5.463,1
7eadb3fe,3130,5.463,1
6cd59055,3023,5.4575,1
30a63958,3880,5.4603,1
128432f8,3285,5.4575,1
6c2debb2,2503,5.463,1
6823d4d,3134,5.4658,1
7f0c978a,2451,5.4548,1
3f9bf706,3436,5.4658,69
51591936,2502,5.4658,1
c3b01ff,3119,5.4658,1
7cf845cb,2456,5.4658,1
f480bb1,3881,5.4658,1
2153b012,3272,5.463,1
14e37d15,3152,5.4685,1
745ae205,3383,5.4685,1
162e1210,2480,5.4685,1
30596d39,3721,5.4685,1
74a09b48,3321,5.4685,1
204058da,3816,5.4685,1
6f1adae0,3727,5.4685,1
bc2b759,3810,5.4658,1
3bfe7258,2577,5.4685,1
1fe841be,2511,5.4712,1
601e19c3,3890,5.4712,1
605d647e,2745,5.4712,1
1014a453,3126,5.4712,1
968fd90,3520,5.4712,1
3230b803,2609,5.4685,1
4dad2e9d,3144,5.4712,1
bc4a97f,3256,5.4658,1
1b0479c5,3244,5.4712,1
2e0770ca,3875,5.4712,1
469619cd,4201,5.4685,1
672e56a8,3259,5.474,1
194025a9,4068,5.474,1
334b670e,3015,5.474,1
680535e,3032,5.4712,1
37e1e8af,2564,5.474,1
34e90ed1,3286,5.474,1
f1365c7,3366,5.474,1
1a87d5cf,3832,5.474,1
6db1852c,3008,5.4767,1
145fdc53,3184,5.474,1
272c65b,3143,5.4767,1
3a6ef22a,2279,5.4712,1
3ea11462,3135,5.4795,1
2e4785fd,3364,5.4795,1
aca1457,3264,5.4795,1
4593ecc2,3715,5.4767,1
1e1e4b4b,3741,5.4795,1
4a4fcf06,4066,5.4795,1
532c0500,2125,5.4767,1
41d60af5,1945,5.4795,1
6628db23,3437,5.4795,69
48b6dba7,3405,5.4795,1
1be4d634,3726,5.4822,1
31655ae2,3044,5.4822,1
77cc9210,3313,5.4822,1
44fb8dec,3017,5.4795,1
350bb624,2611,5.4795,1
1e1e78c2,3897,5.4822,1
5f6ea138,3453,5.4795,1
3c51ac7a,3377,5.4849,1
8e383c7,3382,5.4849,1
30eeae48,3524,5.4849,1
c99b438,3370,5.4849,1
1b2cccd9,3350,5.4849,1
3a0a6bd,3531,5.4849,1
6bf29a7b,3332,5.4849,1
7f1bd179,2636,5.4849,1
2ac9047,2621,5.4822,1
4bf5be1,3109,5.4849,1
7b61384f,3149,5.4822,1
5a50ae43,3752,5.4877,1
44b81984,2515,5.4877,1
3c9823e6,3323,5.4877,1
558a83fe,3434,5.4877,69
420607c7,2656,5.4795,1
17c343bb,3688,5.4904,1
1133fbad,3217,5.4904,1
3057ec88,3695,5.4904,1
6faa6e77,2169,5.4904,54
1250f777,2610,5.4904,1
601af2c5,3876,5.4904,1
6f2661e2,3691,5.4904,1
7c3686d2,3033,5.4932,1
53c363a7,2578,5.4932,1
46bdcde7,3009,5.4932,1
7186832f,1894,5.4904,1
51edec12,3413,5.4932,1
2df3d58c,3386,5.4904,1
3bb80a8a,3250,5.4932,1
656555ce,2533,5.4932,1
4d9f7e70,3530,5.4932,1
8451317,2601,5.4932,1
1275cb5d,3131,5.4932,1
3ba9f826,3287,5.4932,1
742d01b8,3877,5.4932,1
42f78db3,3147,5.4959,1
6c658805,3029,5.4932,1
53058ab9,3429,5.4959,69
4a117ff3,3455,5.4932,1
620af351,2574,5.4959,1
31325722,3751,5.4986,1
2d3c5168,3937,5.4959,1
16965ffe,3359,5.4986,1
70763b65,2452,5.4959,1
44c3315a,5172,5.4959,1
2e4863c5,3884,5.5014,1
a2aac55,2070,5.4986,1
744e22b6,3522,5.4986,1
41ebd715,2500,5.4986,1
65a60979,3159,5.5014,1
3ab1599c,3257,5.5014,1
3f6f87ee,3298,5.5014,1
20a3ac69,3817,5.5041,1
5583b232,3201,5.5041,1
759b94c5,3047,5.5041,1
434fb02f,3696,5.5041,1
45d65e53,3012,5.5041,1
6c5f1f0,3739,5.4986,1
5a520653,2622,5.5014,1
64e7dcb8,3412,5.5068,1
3bb8d5a5,3731,5.5068,1
66cf511a,3793,5.5068,1
722ecca,2594,5.5041,1
122c43ab,3122,5.5068,1
11401d15,3030,5.5068,1
65ffa37b,3730,5.5041,1
7b69a02c,3435,5.5068,69
2009459,3432,5.5096,69
4c9c8445,3335,5.5096,1
2049944,5173,5.5096,1
31f4758e,2644,5.5096,1
407b0a78,3735,5.5123,1
41b54900,3780,5.5096,1
5949ce36,3550,5.5123,1
71dfc7f6,2013,5.5123,1
483bcd35,3707,5.5123,1
63958446,3888,5.5068,1
28c691db,3045,5.5151,1
2019bf16,3407,5.5123,1
728fc3fa,2280,5.5151,1
8032c7d,3680,5.5178,1
1fac7b35,3801,5.5178,1
1043ef41,3148,5.5178,1
5fbbeebb,2549,5.5178,1
4e4a41f5,2632,5.5205,1
7ab636d9,2320,5.5205,1
74c67c6b,3351,5.5178,1
3243feda,2321,5.5178,1
3d753634,3132,5.5178,1
3870b9c6,2579,5.5205,1
3d3bd917,3127,5.5205,1
1af1eecc,14378,5.5205,1
21e272ac,3753,5.5205,1
cfafd64,3547,5.5233,1
4fe30092,3813,5.5233,1
63b8e20e,3251,5.5205,1
182aae59,2580,5.5233,1
23c9d887,3034,5.526,1
7b3a3f2a,3833,5.526,1
49ff45f3,3670,5.526,1
19b42e0c,3150,5.526,1
12358075,3328,5.526,1
5f20ac0c,3818,5.526,1
75c91bad,3417,5.5288,1
195f7fd,3489,5.5288,1
46aa083a,3768,5.5288,1
78a21eb2,4535,5.5288,1
22389d66,2637,5.5315,1
1f91eeff,2782,5.5315,1
96cdeef,2627,5.5315,1
2a9a7380,3912,5.5315,1
700a0fb8,2459,5.5315,1
615306fe,3063,5.5315,1
2efac4a5,3288,5.5315,1
7e6741f,3697,5.5315,1
1790840a,3316,5.5288,1
7864abb1,3782,5.5342,1
24ee0952,3411,5.5342,1
38c14c70,3938,5.5342,1
1f926b5,3805,5.5342,1
358bec19,3269,5.5342,1
26288e76,2550,5.5288,1
7bcc9021,3185,5.5342,1
33c8cd63,4069,5.5342,1
59490427,3291,5.5342,1
3b706a46,2504,5.537,1
24a2b891,3464,5.537,1
5174dab3,3387,5.5342,1
1d2bb8eb,2339,5.5342,58
400d9486,2553,5.5342,1
7897f49b,2613,5.537,1
4940ad28,3266,5.537,1
3e9657f1,3294,5.5397,1
12934d01,4072,5.5397,1
55f33ea,3409,5.5397,1
556750e4,2612,5.537,1
19828e8d,3293,5.5342,1
6ae1e6fc,2746,5.5425,1
15a77b93,2062,5.5425,1
72db444d,2789,5.5425,1
7f205a7d,3283,5.537,1
1b9ef89a,2281,5.5452,1
5175cde9,3181,5.5452,1
6aa1f77b,3485,5.5452,1
42f02f4e,3493,5.5452,1
3f7e76df,3804,5.5452,1
409bfe5c,2634,5.5452,1
25e4c31b,3338,5.5452,1
630cab2d,4070,5.5397,1
662d12b6,3062,5.5452,1
2aa95822,2645,5.5452,1
4cf3e5a4,3852,5.5479,1
2b748ec6,3273,5.5452,1
355f2a35,3483,5.5452,1
36a0db9e,3384,5.5479,1
3816d75e,3664,5.5479,1
581ee036,3408,5.5479,1
145c7782,3729,5.5507,1
249032bc,3551,5.5507,1
696bd599,7470,5.5507,1
2a32bd57,3940,5.5507,1
51410207,3796,5.5507,1
d2138e2,3051,5.5534,1
502f777,3260,5.5534,1
72957032,3465,5.5534,1
5735a90e,3337,5.5534,1
68526eba,3487,5.5507,1
7af99588,3460,5.5534,1
7d5e1b88,3728,5.5534,1
169fe565,3265,5.5534,1
23346e05,3245,5.5534,1
5933deb4,3438,5.5507,69
22ef5c96,3282,5.5562,1
140cd896,3853,5.5534,1
1448c854,6038,5.5562,1
53c96217,3018,5.5589,1
b9a9f14,3797,5.5589,1
79a02e99,3182,5.5589,1
2b784391,2638,5.5589,1
33395533,3781,5.5589,1
6c040e7f,2341,5.5589,58
2f4aa34f,3385,5.5562,1
14a83180,3450,5.5616,1
65ac03c6,3445,5.5616,1
214fd5eb,3052,5.5589,1
7da59c4f,3850,5.5616,1
77c6da30,3526,5.5616,1
4ccce05,2668,5.5644,1
48f75f15,3418,5.5644,1
1d8653ba,2581,5.5644,1
4c90e3a1,2501,5.5644,1
2ecea0d0,3360,5.5644,1
714431c1,3410,5.5616,1
5cb35deb,3488,5.5671,1
7307ce44,2649,5.5671,1
38c1b66e,3916,5.5644,1
63524986,3913,5.5671,1
25c80c02,3917,5.5671,1
4fb82351,3486,5.5671,1
21dfa5c1,3757,5.5589,1
68709311,3887,5.5644,1
2e4dccfb,3747,5.5644,1
5db73ab7,3473,5.5699,1
2cd856fe,2661,5.5699,1
4915e77b,3341,5.5699,1
4117f9d4,2505,5.5699,1
2f9628ae,3532,5.5726,1
495e3c18,4071,5.5671,1
2651903a,3889,5.5753,1
1caf8bf2,3834,5.5753,1
64eb5f0,3466,5.5753,1
bd09c29,4067,5.5753,1
13665937,3758,5.5753,1
6488dbe5,2595,5.5616,1
2686f6d3,3614,5.5753,1
1a2f57f9,3754,5.5781,1
571409dc,3200,5.5781,1
462df4a,3248,5.5781,68
3ce48d22,2614,5.5753,1
1e913ea8,4238,5.5781,1
7260aaba,3893,5.5781,1
7e61221c,3186,5.5781,1
6c6b2a15,3895,5.5808,1
747e3727,3474,5.5808,1
630d337e,3799,5.5808,1
148b9cc1,2646,5.5808,1
218527c7,2322,5.5836,1
2447ebdf,3270,5.5836,1
2e5bbaea,3702,5.5836,1
327b0e2c,2648,5.5836,1
54f20a8c,3198,5.589,1
579056a1,2652,5.589,1
667e5674,2615,5.589,1
3ccc5d62,3161,5.589,1
6ecdee63,3548,5.589,1
75cff976,2547,5.5918,1
63081cf,3495,5.5918,1
4844d746,3869,5.5918,1
8c5f7f8,2589,5.5918,1
12e9aa8b,3123,5.5945,1
4aa1800e,3212,5.5945,1
13d6f043,3849,5.5918,1
1958bf06,2662,5.5945,1
10a6dd1d,3430,5.5863,69
1b646b1b,3694,5.5945,1
4406370e,3252,5.5918,1
773219d2,3339,5.5945,1
60f68325,4344,5.5945,1
4c3a4e80,2633,5.5945,1
3c0ab0b2,3854,5.5945,1
2e54b1ce,3055,5.5973,1
74e52c06,3914,5.5973,1
48e289b,3253,5.5973,1
7d96d642,3416,5.5973,1
7145d143,3783,5.6,1
7a667223,2760,5.6027,1
25fe9be5,3165,5.6027,1
4c9830c8,3698,5.6027,1
189b6d82,3467,5.6027,1
39271330,3258,5.6055,1
66b7029e,3261,5.6055,1
37478c1e,3722,5.6082,1
30e2683a,3507,5.6082,1
3a54e44e,3302,5.6055,1
3b6bcea7,2663,5.6055,1
7a11452,2551,5.6082,1
3bf25c4c,3777,5.6055,1
659688a6,3490,5.6082,1
6ebacf76,3527,5.6082,1
7351307b,3899,5.6082,1
6398b3d5,3800,5.611,1
16aad640,2546,5.611,1
4728af8b,3388,5.611,1
4755b9de,2673,5.6137,1
7fd10967,2657,5.611,1
67e8ca4e,3837,5.6164,1
76be8d0b,2635,5.6164,1
5f92c0e,3494,5.6164,1
4521e227,2340,5.611,58
1d5d32b7,2647,5.6137,1
47f759ff,2788,5.6164,1
301afa57,3525,5.6164,1
525aa6a3,7663,5.6137,1
7c4f3906,4582,5.6164,1
2cad945b,3183,5.6164,1
36b5cc72,8164,5.6164,1
62af81b1,3760,5.6137,1
4b7053fa,4105,5.6192,1
53a91762,3900,5.6192,1
7aee371,2758,5.6192,1
1986dd12,3497,5.6192,1
58d4e98c,3915,5.6192,1
2c5fc081,3835,5.6219,1
295d4b05,2767,5.6192,1
3113d400,3842,5.6219,1
78b5be5b,2764,5.6247,1
f55daaf,3296,5.6247,1
63344266,3839,5.6247,1
f00436f,3496,5.6247,1
47b0dea0,2639,5.6247,1
14a03a8a,3851,5.6247,1
2a3c2204,3902,5.6247,1
697a5125,2653,5.6247,1
46662bde,3823,5.6247,1
31dc15e2,3205,5.6274,1
2816d894,3920,5.6274,1
13f4022f,3203,5.6274,1
58933e57,2765,5.6247,1
635baf19,4237,5.6301,1
14145077,3209,5.6301,1
27c2dda0,2624,5.6301,1
f33ec31,3213,5.6274,1
66e22e89,3553,5.6274,1
58ff762b,3297,5.6329,1
38ff2d4,3699,5.6329,1
6e5e12ab,3711,5.6356,1
5fc0fd1d,3053,5.6356,1
28a1060a,6039,5.6329,1
bcc731b,8165,5.6356,1
1519e383,3922,5.6356,1
4d69cc28,2628,5.6384,1
2996ba19,3202,5.6384,1
6d5812d9,3295,5.6384,1
5e4e0c2,3279,5.6384,1
5fbb0e06,3475,5.6438,1
5c309155,3942,5.6438,1
71538ed0,3918,5.6438,1
531382c8,3778,5.6438,1
54df7d92,3140,5.6438,1
cbdf465,3528,5.6411,1
29fc1a1e,14720,5.6438,1
11ac9710,3393,5.6438,1
2e4d6573,3941,5.6438,1
7c82d8c3,5227,5.6438,84
61f5ce2c,2556,5.6466,1
68095f95,3803,5.6466,1
2e3f1518,2768,5.6493,1
4c199a27,3508,5.6521,1
1a3cea0,2675,5.6521,1
56e9554f,3931,5.6548,1
27c06a5d,3162,5.6548,1
62de1c2d,3761,5.6548,1
2d152af4,4111,5.6548,1
7b547d9b,3891,5.6548,1
641d6a9f,2616,5.6548,1
76303d45,3552,5.6548,1
1c7daed7,2695,5.6548,1
7276ebfd,2669,5.6548,1
673fcbaa,2631,5.6575,1
2a16e88d,3894,5.6575,1
255036c2,3484,5.6575,1
3913baa5,5919,5.6575,1
52fdfd38,3557,5.6603,1
1791dd99,2623,5.6603,1
55691406,3748,5.6603,1
a5e0d66,3456,5.6603,1
5628d37c,3069,5.6603,1
2e1cdcc9,4583,5.6603,1
13b5f00f,3956,5.6603,1
a518af5,3549,5.6575,1
5a832c57,2554,5.6603,61
755af898,3878,5.663,1
16963577,2453,5.6548,1
31ff55bf,2748,5.663,1
701e83e4,8707,5.663,1
382ce3ba,2629,5.6575,1
4254938,3523,5.663,1
2a57d6b,8223,5.663,1
620df78,3554,5.6658,1
59cecd35,3274,5.6658,1
770c23bd,2625,5.6658,1
5e6b5612,3825,5.6658,1
279fbfc9,3284,5.6658,1
5e3089b8,3785,5.6575,1
71b8402e,3905,5.6658,1
673f946f,3278,5.6658,1
6360955c,2538,5.6658,1
39c7adc1,3826,5.6658,1
46fce382,2654,5.6658,1
acd33e7,3820,5.6658,1
114a423d,14721,5.6658,1
76e7ff3d,3855,5.6658,1
72cafd85,3304,5.663,1
11fbba30,3441,5.6685,1
52e35998,5410,5.6685,1
1bb44aee,8166,5.6685,1
3e37aac8,3870,5.6685,1
7251bd04,3930,5.6685,1
3ab6054f,3710,5.6685,1
36ccbcd,4939,5.6685,1
34be0343,2555,5.6658,61
75fe7cde,3784,5.6712,1
8e5082,3779,5.6712,1
7fc8740a,3317,5.6712,1
755e8ac1,4944,5.6712,1
10890504,3210,5.674,1
26f8f40c,2783,5.674,1
62f14dd7,3919,5.674,1
a151174,3787,5.6767,1
5e250da7,3167,5.6767,1
5f2c9c20,3419,5.6767,1
7d503e4,2630,5.674,1
6fa2793c,14723,5.6767,1
64676d0,3821,5.6712,1
191c095a,3856,5.6795,1
226a4bc5,4150,5.6767,1
60712d00,3219,5.6795,67
643ff93e,3208,5.6795,1
14018f27,3822,5.6795,1
d8fa64f,3254,5.6795,1
7198555b,3446,5.6795,1
246d7a73,3543,5.6795,1
46bcda4e,3929,5.6822,1
8b7d4eb,3903,5.6822,1
78f3825b,2650,5.6822,1
38f912e2,3732,5.6822,1
83eeed4,2674,5.6849,1
3bbf5005,2658,5.6822,1
d19db15,3344,5.6849,1
22570767,3542,5.6822,1
70f347a1,14722,5.6849,1
691c61b7,4112,5.6849,1
b62cb5e,3085,5.6877,1
16ab7a0e,3840,5.6877,1
57d53fa6,3921,5.6877,1
7b32c6d5,6207,5.6877,1
14d7873a,4122,5.6877,1
1ecc5dce,3807,5.6904,1
53fa3f13,3806,5.6849,1
2d2c02c5,3838,5.6904,1
385c20d1,3952,5.6904,1
5eabe0d,3836,5.6904,1
7934b153,3811,5.6904,1
7b340bc1,4151,5.6904,1
36430448,4542,5.6877,1
6609de5b,3262,5.6932,1
2266311e,3343,5.6904,1
3aeb55e0,4135,5.6904,1
61da2b7f,4549,5.6904,1
4f151248,3556,5.6959,1
1817d367,3968,5.6959,1
57867899,3394,5.6959,1
6746e6f7,3340,5.6959,1
7e2ebaa,3500,5.6959,1
3753b9fa,2762,5.6959,1
50336a0a,3299,5.6986,1
925fa5,4537,5.6959,1
5aeb1f15,3211,5.6959,1
103d5ba6,4452,5.6986,1
101703e5,3904,5.6986,1
1f23f6ff,8248,5.6986,1
4766075f,2608,5.7014,1
3a0bac32,6200,5.7014,1
7123e243,3163,5.6986,1
63dee4b5,3819,5.7014,1
4bddbdbb,4536,5.6986,1
19c46303,5340,5.7014,1
7e492635,4403,5.7041,1
1096e245,6254,5.7041,1
4f947ae,3498,5.7041,1
3e9fe049,2796,5.7041,1
9d00121,3089,5.7014,1
2e735e94,3164,5.7041,1
3527abad,2557,5.7041,1
6079b8c3,4202,5.7068,1
b34659,3901,5.7068,1
2e53e0f6,3533,5.7014,1
4ad0c21a,3843,5.7096,1
21a5812d,3457,5.7068,1
159d600e,3943,5.7041,1
2b91e706,3906,5.7068,1
28755531,3545,5.7096,1
332c3248,4347,5.7096,1
1cc62955,2803,5.7123,1
367b5ad,4404,5.7123,1
31d435ae,3544,5.7123,1
3c756650,3342,5.7123,1
3e2b7032,3538,5.7123,1
138a7a23,2799,5.7151,1
26984e73,4566,5.7178,1
3e344b9,6201,5.7178,1
14b3e573,3214,5.7178,1
717cad37,2821,5.7178,63
299457b2,3879,5.7178,1
31679a59,4073,5.7178,1
28b8d640,4259,5.7178,1
23ab3659,4568,5.7205,1
372a220e,4175,5.7205,1
3f518623,2784,5.7205,1
1c35d3e,5178,5.7205,84
2567d987,3534,5.7178,1
527a1916,4564,5.7205,1
49a81a03,2763,5.7233,1
39cc20c5,8313,5.7233,1
44cbecd3,4940,5.7233,1
3a92c3e0,6054,5.7233,1
54761824,4428,5.726,1
2e95e50d,3501,5.726,1
48c98883,14400,5.726,1
1792ed28,2671,5.7233,1
64e8cfb9,4245,5.726,1
3b5c38,3555,5.726,1
1077cbf,2664,5.7233,1
58e618c,3786,5.726,1
27b9f383,3491,5.7151,1
7d39a1d0,3057,5.726,1
481eb80d,3075,5.7288,1
47e1d84c,3461,5.7288,1
3115433d,3160,5.7288,1
122fc5e5,3824,5.7288,1
6edac29a,3709,5.726,1
366a90d4,3798,5.7288,1
59589b77,8275,5.7315,1
7edcf78c,3395,5.7315,1
695f96ad,4649,5.7315,1
20b51072,3414,5.7342,1
38974f53,3857,5.7315,1
3ba2b3f2,4012,5.7315,1
263c14d2,5228,5.7342,84
f75956,4803,5.7342,1
33c30446,2761,5.7342,1
459b20a4,3939,5.7315,1
754038c8,3708,5.7315,1
3b7db4cc,3168,5.7342,1
35ab4ef,3705,5.7288,70
65a9435d,3056,5.737,1
156ebd72,5240,5.737,84
5332b189,4046,5.737,1
5639a65e,5241,5.737,84
6e867b3d,3187,5.7397,1
78f86e9d,4592,5.7397,1
2e756e9a,2672,5.7397,1
4e10c30b,6040,5.7397,1
8689db9,3946,5.737,1
112fe3a0,7824,5.7397,1
335f96af,4941,5.7397,1
28bfcb27,4567,5.737,1
74b4badf,5251,5.7425,84
36db3fe0,3907,5.7397,1
7e9baaab,3477,5.7425,1
32527594,2750,5.7425,1
7df7779f,4022,5.7425,1
123c63fe,4543,5.737,1
31514de0,3529,5.7425,1
100e608b,6742,5.7397,1
5683b69a,4007,5.7452,1
27d10c27,3957,5.7397,1
3fc95964,4538,5.7452,1
1c547b70,3066,5.7425,1
7fbd5a49,3762,5.7452,1
34c10442,3476,5.7397,1
11155b7f,3054,5.7452,1
5fc06eb4,3492,5.7452,1
1bde86c9,8315,5.7479,1
64449f69,2670,5.7452,1
246ee139,6639,5.737,1
2cc58f50,4144,5.7479,1
319488ef,3692,5.7479,1
4f7fb4ff,4003,5.7479,1
2f165a21,2749,5.7479,1
d4b798b,5355,5.7507,1
176d8ac6,3086,5.7479,1
1f731b67,2711,5.7479,1
3f4518b1,4957,5.7507,1
4bc9b03e,4942,5.7479,1
62cc5e25,4429,5.7507,1
31781c6c,4540,5.7507,1
243e295c,2797,5.7479,1
72ef8b71,4476,5.7479,1
72d2ce7f,3945,5.7507,1
53c59f47,3345,5.7507,1
3382735,3059,5.7507,1
1542d79,4756,5.7507,1
56999ac7,3392,5.7507,1
971fa63,5239,5.7534,84
58233766,3546,5.7534,1
3c8a9ba5,5409,5.7534,1
3c66bb2b,4482,5.7534,1
7ea5321d,4874,5.7507,1
64f0c0ac,7847,5.7534,1
25a94353,4603,5.7507,1
2c1f1b2e,4752,5.7534,1
7bfdf16a,6208,5.7534,1
7f00a27,5192,5.7507,84
196abb19,3415,5.7534,1
76b6c0bc,3950,5.7507,1
22a4732f,3065,5.7562,1
36c6a0b0,3535,5.7562,1
48585ca8,4139,5.7562,1
7ab86702,4593,5.7589,1
3a4bebc9,7684,5.7589,1
3b77caa4,2558,5.7562,1
38b73e5a,4801,5.7589,1
10ede39,6300,5.7589,1
64fe7872,3166,5.7589,1
5bcd1fcb,7623,5.7562,1
61d9bca3,3276,5.7562,1
609d1b2c,8712,5.7589,1
4ba9d181,4106,5.7616,1
47eae3af,4246,5.7616,1
1795fe10,4038,5.7616,1
581387c3,4586,5.7616,1
5e23618b,4545,5.7616,1
3f3978,3861,5.7616,1
2cafa178,3841,5.7616,1
642e91c3,4172,5.7616,1
3d4e81fb,4483,5.7644,1
24638bba,5182,5.7644,84
1c3e9458,4228,5.7644,1
65339a5e,4138,5.7616,1
344643e1,3067,5.7671,1
c402088,8730,5.7671,1
6434e90c,3468,5.7671,1
1dac7ebe,6795,5.7671,1
1bf37fa1,4544,5.7671,1
16ba4837,3499,5.7671,1
5585af65,3862,5.7699,1
7b879024,4477,5.7671,1
2b2262e5,6299,5.7671,1
2b2c1e57,4214,5.7671,1
2b084a3,8728,5.7699,1
13ec96f6,4558,5.7699,1
de8793d,4827,5.7699,1
68d5a752,3926,5.7671,1
3b85a11f,3958,5.7699,1
6f9310f5,3948,5.7699,1
23d565d4,4203,5.7699,1
7e6dae66,3070,5.7726,1
179564e5,2700,5.7699,1
2f9809b8,2676,5.7726,1
3aa7635e,2798,5.7726,1
640d64ba,2833,5.7726,63
13eed476,4771,5.7699,1
2f6028a2,3977,5.7726,1
40da313f,2769,5.7753,1
4f7da52a,3478,5.7753,1
2a5595d7,3442,5.7699,1
45e9d07,5176,5.7753,84
159c177a,3396,5.7726,1
37eab416,5252,5.7753,84
31176411,14379,5.7753,1
41d17191,6006,5.7753,1
34039916,3923,5.7753,1
562bc184,2712,5.7753,1
5c9600bc,4569,5.7753,1
1601af46,14762,5.7781,1
3e625fb9,3058,5.7699,1
36cd9e10,4260,5.7781,1
5ab2fb95,2687,5.7781,1
4659478a,4242,5.7781,1
4152141a,2626,5.7781,1
6de1041e,4875,5.7781,1
37063aac,8314,5.7781,1
7aa5018a,3844,5.7781,1
1be02a7f,4561,5.7781,1
5124833c,4224,5.7781,1
24fdd81e,4217,5.7781,1
2b062800,4480,5.7753,1
4e22088a,4958,5.7781,1
48f788b8,3226,5.7808,67
1a8c797d,4434,5.7808,1
3775c914,3932,5.7781,1
82b0e6f,4213,5.7808,1
3ed480c6,3220,5.7808,67
52d0e7a,2683,5.7781,1
a3b6a66,9087,5.7781,1
500404,4169,5.7808,1
439170d1,5253,5.7808,84
476517b0,4650,5.7836,1
2a2ecbe1,2677,5.7836,1
72e5124a,4479,5.7836,1
53900848,8360,5.7836,1
5360561a,5229,5.7808,84
2f6ef2e,4225,5.7836,1
7f7b98ce,4427,5.7808,1
4cc12870,8472,5.7808,1
4d62332f,3215,5.7836,1
106c83ca,4107,5.7836,1
5dd08c2a,4173,5.7863,1
4ff98639,2696,5.7863,1
436d1bc7,4170,5.7863,1
126c5536,7685,5.7863,1
572b7da3,4405,5.7836,1
232dc65f,3221,5.7863,67
83542de,7720,5.7863,1
7880630b,8181,5.7836,1
74cacfdd,3218,5.7836,67
3918f025,2659,5.7863,1
7b2ffdd8,4557,5.7863,1
1b99666a,4847,5.7863,1
607ad629,3280,5.789,1
426c59dc,3788,5.7863,1
6bacfe0d,3048,5.789,1
3c0b106c,2766,5.789,1
3127b612,3275,5.789,1
5bcb4ec8,14832,5.789,1
674c4264,4627,5.7808,1
6cf19bb1,2785,5.789,1
246a8b2d,14698,5.7863,1
5a0cd398,8761,5.7918,1
7a8ed3bc,2751,5.7918,1
c90ddd9,4585,5.7918,1
1ee234f1,3277,5.7918,1
7eae088f,4389,5.7918,1
6620af7,4346,5.789,1
428284d1,3303,5.789,1
4e1dbc0e,4763,5.7918,1
21b49fc,3993,5.7918,1
41574c80,3049,5.7918,1
1bb825f1,4113,5.7918,1
4fb3de55,7848,5.789,1
19c17f7e,4658,5.789,1
3a9f5d84,4996,5.7918,1
140371aa,4539,5.7945,1
4157251b,4595,5.7945,1
10c70a12,7664,5.7918,1
26fbdfb,7708,5.7945,1
195e0c3d,4348,5.7918,1
42dca34f,14386,5.7945,1
3adb29f2,5242,5.7945,84
533987f0,3935,5.7945,1
27859516,5288,5.7918,1
4a4032ff,5058,5.7945,83
12642321,5723,5.7945,87
6d1bc4f3,5565,5.7945,87
4a7ac4c4,4208,5.7973,1
290de0c0,2726,5.7973,1
b5ba895,2800,5.7945,1
1a43a3eb,8480,5.7973,1
360c43b4,6256,5.7945,1
294cd00c,4386,5.7945,1
358c7d05,14761,5.7973,1
73419094,5386,5.7973,1
749a29ec,3962,5.7973,1
3b995bc3,4753,5.7973,1
40fbe22b,4571,5.7945,1
6dab7de0,4463,5.7973,1
4145ba17,4821,5.7945,1
129195f1,3969,5.7973,1
7dfe45c0,4262,5.8,1
37e10b06,4464,5.8,1
46d7197a,4744,5.8,1
6638a45d,6746,5.7945,1
7025383d,7624,5.8,1
5f89914a,4052,5.8,1
6e8515d5,3060,5.7973,1
51838a38,4565,5.7973,1
6d94e143,8089,5.8,1
30b3cf1c,4469,5.7973,1
2fe155bb,4279,5.8,1
765c64aa,4005,5.8,1
48580524,7538,5.8,1
407e7ff,3947,5.8027,1
30b1fc09,5203,5.8027,84
7d2e726d,4901,5.8027,82
544f7852,14408,5.8027,1
716a32eb,9176,5.8027,1
5847acfe,2655,5.8027,1
7ecf8130,4584,5.8027,1
1199b275,3188,5.8,1
114b11a8,3892,5.8055,1
4dabfa68,9179,5.8055,1
2b1c4149,2665,5.8055,1
72c51660,4475,5.8055,1
5fb95299,4470,5.8055,1
7cf6bf4f,4283,5.8055,1
1933dc73,3871,5.8055,1
b591d87,2688,5.8055,1
51757c9a,4805,5.8055,1
1830bd3c,3470,5.8055,1
1f672a0d,5290,5.8055,1
5c11a943,8361,5.8027,1
5de2ecab,8251,5.8055,1
7d64656e,3506,5.8055,1
267a9ff7,8377,5.8055,1
32087ada,7665,5.8055,1
3b3e0f59,3845,5.8082,1
1daf7d71,2786,5.8082,1
4c258436,4230,5.8055,1
3ed22f62,7910,5.8082,1
755dab26,2703,5.8082,1
13ff0409,3970,5.811,1
5b25f197,3999,5.811,1
739b3674,8002,5.8082,1
4dab271c,2713,5.811,1
7b83bb13,3934,5.811,1
5c9dae5a,6146,5.811,1
44812a74,4174,5.811,1
2fb5a1a1,3101,5.811,1
5371ab5,4550,5.811,1
2f322565,5989,5.811,1
34e99b37,6161,5.8137,1
79f6d554,5945,5.8137,1
7bcccb62,5955,5.8137,1
4613841c,3206,5.8137,1
3edb8fca,7471,5.8082,1
7148a130,5194,5.8137,84
6c42f3a0,6233,5.8137,1
362ba950,4802,5.8137,1
546cd580,5659,5.8137,87
38608292,6144,5.8164,1
6099af1c,14706,5.8137,1
1b3d8f5c,3953,5.8164,1
7037c442,5195,5.8164,84
4245df11,5190,5.8164,84
72717def,3189,5.8164,1
6f09690a,4363,5.8164,1
18b94cd8,9309,5.8137,1
56629e59,6080,5.8164,1
2485c34f,4004,5.8164,1
3a337ed3,5514,5.8192,87
1e5611a6,2776,5.8137,1
4cdb5138,5303,5.8192,1
3624e7c2,5547,5.8164,87
17cb03f,4233,5.8192,1
e098eac,7849,5.8192,1
2fedbc58,4559,5.8192,1
6b1b8497,6619,5.8192,1
1185322,3078,5.8192,1
175c80a8,3933,5.8192,1
55e20001,4562,5.8219,1
172f7999,3559,5.8219,1
7aa4a330,8729,5.8219,1
54eda91d,14700,5.8219,1
27c72ae8,5983,5.8192,1
6260d419,4220,5.8219,1
e6f9a7d,4244,5.8192,1
37737fec,2681,5.8219,1
297d9380,5946,5.8219,1
5d9f204e,5411,5.8219,87
4d594aaa,4980,5.8219,1
3f979d0e,4945,5.8219,1
4c44986c,3536,5.8219,1
1337190f,5929,5.8192,1
3960909,6135,5.8247,1
51186508,8934,5.8247,1
5264fdc8,6154,5.8247,1
79b069ea,3077,5.8219,1
28054a48,4142,5.8247,1
34a5170f,3998,5.8247,1
260714b6,7570,5.8247,1
583a9c9c,2684,5.8247,1
1a1b619c,6063,5.8247,1
1a35fde7,5925,5.8219,1
53f82703,9177,5.8247,1
29fdebaf,5664,5.8247,87
357c8cf0,4345,5.8219,1
46db6a0c,5356,5.8247,1
2bc08c4d,6743,5.8247,1
39927609,9178,5.8274,1
4caaa94,3064,5.8219,1
7f745207,8526,5.8274,1
2ebe5a15,3090,5.8247,1
24c5af20,4607,5.8274,1
133196b,2774,5.8274,1
2b3b057a,3959,5.8247,1
4d7f99c3,4596,5.8274,1
76828e70,5391,5.8274,1
2a301c47,5193,5.8274,84
3f274a50,3989,5.8274,1
7148085a,3827,5.8274,1
3351b02b,4636,5.8301,1
40b273ee,3061,5.8301,1
22219486,6622,5.8301,1
5402fea8,4401,5.8274,1
8d976a1,3863,5.8301,1
36b75f79,4438,5.8301,1
56c535f5,5930,5.8301,1
cd04e9b,5387,5.8301,1
65c97742,9184,5.8301,1
4be25ad9,2791,5.8301,1
8cd517a,5993,5.8301,1
40d9b8d,3325,5.8301,1
2a508f29,7709,5.8329,1
73bd2c28,9043,5.8329,1
1119f5a4,4547,5.8301,1
79a0d5f9,5198,5.8329,84
57273423,2792,5.8329,1
4de19e83,4651,5.8329,1
38230834,4171,5.8329,1
7494c29d,3924,5.8329,1
138be64e,9027,5.8329,1
6cfbf6db,4239,5.8301,1
293514b,4241,5.8329,1
4347d21c,5052,5.8301,83
18c87dc5,5342,5.8329,1
22bab60f,14587,5.8274,1
3b0fdf8d,2802,5.8329,1
fb2f5ac,4804,5.8329,1
3c4c97af,2692,5.8329,1
39a2ba6,14701,5.8329,1
2fe33fde,4114,5.8356,1
52c2598c,4626,5.8356,1
244d9064,8174,5.8356,1
59e761c3,8171,5.8356,1
4160f0c6,4364,5.8356,1
1949e6aa,8481,5.8356,1
514f8b57,6303,5.8356,1
5618408,4179,5.8356,1
334411c4,5937,5.8356,1
75e421aa,4478,5.8356,1
234ef50a,7688,5.8356,1
78a57e06,3324,5.8329,1
7a00245d,6744,5.8356,1
e76d707,6269,5.8356,1
1d2f2d3c,5588,5.8356,87
4912a642,4361,5.8329,1
4bb5ec82,8492,5.8384,1
9d70591,7882,5.8384,1
1da0eccf,4453,5.8356,1
25d6ce93,2827,5.8384,63
7fd6a269,4754,5.8384,1
5e801df7,8345,5.8384,1
417451d8,5979,5.8384,1
5d14ca88,9023,5.8384,1
1d88cf02,2826,5.8384,63
7548ee8,9180,5.8384,1
56b30f71,6301,5.8384,1
5d3d5817,7721,5.8384,1
14e56ac7,7569,5.8384,1
2923a26b,8686,5.8384,1
77fc1312,14683,5.8384,1
2cd73230,5956,5.8329,1
fd7ca8c,8611,5.8411,1
30db3ae3,5191,5.8384,84
2728db69,4570,5.8301,1
7bfe53d,3300,5.8411,1
1e00dee5,7666,5.8411,1
75d2e3e5,4232,5.8411,1
327b3b0e,2822,5.8411,63
1e4b5b1f,6270,5.8411,1
3c90467,9047,5.8411,1
6a2c3adf,2698,5.8411,1
2c6e8913,4597,5.8384,77
b3e5760,2697,5.8411,1
21113a69,3994,5.8384,1
191fc3b2,5966,5.8411,1
60f6ae42,3954,5.8411,1
2bd76407,5472,5.8411,87
20265960,2752,5.8411,1
59da8f53,4086,5.8411,1
564b38d,4263,5.8411,1
c0bbe94,7826,5.8411,1
78545f2c,3978,5.8438,1
1c6c144e,6620,5.8438,1
e93b3fa,3469,5.8438,1
3be156c,4625,5.8411,1
5210f491,3088,5.8438,1
2e2254f9,5222,5.8438,84
3d3d2ea4,6705,5.8438,1
4edb591a,3081,5.8438,1
1bba982c,9088,5.8438,1
2783923e,8482,5.8438,1
e69979d,3828,5.8438,1
739fd064,3281,5.8438,1
67184484,2790,5.8411,1
282cdbb3,2828,5.8411,63
1305beea,7691,5.8438,1
1e94401e,2801,5.8438,1
23fdb0f4,14724,5.8438,1
3b8d1b2c,5214,5.8466,84
70fcdf24,3964,5.8466,1
1367fca7,6145,5.8438,1
75b2aead,14699,5.8466,1
4bfeac1f,7689,5.8466,1
77d681ce,4047,5.8438,1
24d1b063,2770,5.8466,1
5e55e3c2,7686,5.8466,1
4476a592,4481,5.8466,1
7a567757,2727,5.8466,1
39cd5122,4973,5.8438,1
10b6acd0,14388,5.8466,1
43918469,8683,5.8438,1
edf09f9,3170,5.8438,1
619dc161,4183,5.8466,1
28b8eeca,9221,5.8438,1
7baffebe,7730,5.8466,1
5eda1d37,8719,5.8466,1
331b267e,4998,5.8493,83
3a33a236,4587,5.8493,1
51c34944,8316,5.8438,1
3e622308,3560,5.8493,1
3abc6074,14760,5.8466,1
3401f1b1,5087,5.8493,83
7f43071c,7984,5.8493,1
5096119f,6478,5.8466,1
9f07439,8167,5.8493,1
32c780cf,3072,5.8438,1
55db0a6c,2682,5.8493,1
35a1e3a1,5341,5.8466,1
3f7a1890,2794,5.8493,1
2ac0689,6093,5.8466,1
5e89d512,3981,5.8493,1
31352648,4460,5.8466,1
3cb0d268,7515,5.8521,1
6b692b4,4221,5.8493,1
69e7b46a,7983,5.8493,1
71f8c878,4362,5.8493,1
4be167bd,8473,5.8521,1
79706f47,9044,5.8493,1
56b81b27,3502,5.8521,1
2de0c0e7,5060,5.8493,83
1a6c662b,3997,5.8521,1
5a702654,8527,5.8466,1
2080700a,3093,5.8521,1
bcc7b05,8249,5.8521,1
72681969,3858,5.8521,1
29f1c3f6,5175,5.8411,84
a52e6e2,4546,5.8493,1
59d656f7,5204,5.8521,84
622eb0fe,6388,5.8521,1
503f5e83,3102,5.8521,1
4adbea98,4053,5.8521,1
7776c901,4792,5.8493,1
6a0e44fb,3510,5.8548,1
7d30b004,2778,5.8548,1
57513267,5304,5.8548,1
143fef21,8188,5.8521,1
162ed74d,2753,5.8548,1
e9f70ef,4822,5.8548,1
7ae049f2,14940,5.8548,1
172b3003,4027,5.8493,1
76d751a8,7732,5.8548,1
60d22e97,5995,5.8548,1
284b871f,3972,5.8548,1
483fb9e4,14679,5.8575,1
b5b870f,8672,5.8575,1
3dd2a004,4206,5.8575,1
6a741636,6162,5.8548,1
2b4033e3,5243,5.8575,84
12759d7e,4446,5.8575,1
71c4fc07,4039,5.8575,1
36f9724b,3965,5.8575,1
129a1dc6,8607,5.8575,1
543ee5f,4579,5.8575,1
54572bc0,6900,5.8548,1
cac2e8,4302,5.8575,1
4652a95c,4145,5.8575,1
3006878a,6272,5.8575,1
18fcc30e,5230,5.8575,84
2eaec22e,3511,5.8575,1
abb613c,4146,5.8603,1
1d185c0d,3171,5.8603,1
4e0e30d2,2804,5.8603,63
26f19c6e,14775,5.8603,1
54251e5a,2775,5.8603,1
509bf983,4380,5.8575,1
2e01b42d,4028,5.8603,1
d9a1dd4,6155,5.8603,1
1b8327c8,4048,5.8603,1
11b6899f,7825,5.8603,1
6d1d823d,4588,5.8603,1
624529fc,4890,5.8603,1
41464945,3094,5.8603,1
76606b76,8631,5.8603,1
6499ca83,5677,5.8603,87
685ae854,4226,5.8603,1
6594a047,4417,5.8603,1
39e8a3a0,2679,5.8603,1
2e556fc0,2701,5.8603,1
5d2a172e,6055,5.8575,1
774d13da,8731,5.863,1
371b13ec,5566,5.863,87
323541a0,6202,5.863,1
3f2ba3af,5981,5.8603,1
20e7b453,4435,5.863,1
71161828,5718,5.863,87
4f0c47d0,8676,5.863,1
572c37d0,4637,5.863,1
3578d041,5177,5.863,84
2820bf91,4459,5.863,74
53f4f82,4552,5.863,1
339b6a42,6718,5.863,1
40924ea8,5180,5.863,84
3586f7dc,6203,5.863,1
6d63bd1c,4608,5.863,1
59b16bff,4030,5.863,1
12dfbc6d,8635,5.863,1
7afe0d0e,2699,5.863,1
63ca60da,3936,5.863,1
284bfbf7,2640,5.863,1
583038bf,5519,5.863,87
37e3db00,5059,5.863,83
3d7f268f,14421,5.8658,1
4a1ce694,4572,5.8658,1
1330daa8,5724,5.863,87
3aa22815,8187,5.863,1
7ead3a90,4188,5.8658,1
53285b97,7687,5.8658,1
46d83ec0,3706,5.8658,1
1572f60c,8320,5.8658,1
6d11448e,3092,5.863,1
7a7f9a06,5388,5.863,1
6b1a923d,6706,5.8658,1
6c338fa0,8474,5.8658,1
b61839c,5256,5.8658,84
734a02cc,8416,5.8658,1
dc8875c,3227,5.8658,67
32fc77a2,4115,5.8685,1
4242a0d2,8640,5.8685,1
4538b665,8760,5.8685,1
c832bf9,3513,5.8658,1
5d930cac,8753,5.8685,1
a8073fc,4024,5.8685,1
a8b6757,4841,5.8658,1
1f42491c,3983,5.8685,1
68c112ea,3207,5.863,1
5a71c034,3927,5.8685,1
33f8af16,6545,5.8685,1
53674715,4883,5.8685,1
20723f1,5997,5.8685,1
f809004,3925,5.8685,1
5b2481a0,4503,5.8685,1
53074061,4143,5.8603,1
32122a3e,4402,5.8712,1
9b18f26,7783,5.8712,1
1d1d7d3,3216,5.8712,1
2ba3ea4,5520,5.8712,87
7d6c96d2,9258,5.8685,1
5e0c109b,4035,5.8712,1
5cd2535d,5398,5.8712,1
4ec458e2,2809,5.8712,63
5b417cc3,8378,5.8712,1
5c7bdf57,5063,5.8712,83
8dd2611,4897,5.8712,1
119eebde,4757,5.8712,1
2fa8a9be,5357,5.8712,1
1ba55ee0,4778,5.8712,1
7f5f7fec,8260,5.8712,1
1ed323b8,8475,5.8712,1
78f5eba7,6041,5.8712,1
65d7090,4577,5.8712,1
12fa585e,3966,5.8712,1
3ee1c5b8,3301,5.8685,1
165ef5f2,6255,5.8712,1
1197ca62,2552,5.8685,1
46e8a324,6800,5.8712,1
3148db63,4860,5.874,1
6903b0f,8170,5.874,1
22ee6c4,3509,5.874,1
6700af4a,4604,5.8712,1
561d96cc,7497,5.8712,1
48ebbd12,3896,5.8712,1
4b19c6a8,4553,5.8712,1
7312235f,4889,5.874,1
1f285141,4184,5.874,1
4cd6c487,4365,5.874,1
3b835945,4817,5.874,1
7b114822,4136,5.8712,1
2ece58a8,5207,5.8712,84
3bd8634e,3558,5.874,1
3e71de1b,4147,5.874,1
44f9d7ae,4554,5.874,1
182ecc81,14681,5.874,1
60940ed9,7495,5.8712,1
1fc1f5d,3910,5.874,1
50a595d6,7731,5.874,1
5a6b7ccb,4234,5.874,1
34cfe9c3,4831,5.8767,1
746dcb45,4249,5.8767,1
c7502bb,3091,5.8767,1
81aeb3b,14384,5.8767,1
91643d7,14743,5.8767,1
42dc22c7,8385,5.8767,1
4dba4110,6007,5.8767,1
58f1ee3a,5926,5.8767,1
76d852c,4814,5.8767,1
2dea091e,4943,5.8767,1
3c5e76ed,8172,5.8767,1
2aa02801,8732,5.8767,1
1fb7a1bb,6898,5.8767,1
48601c49,6020,5.8795,1
234fb48c,14728,5.8795,1
6c694716,8616,5.8795,1
4e719959,9244,5.8795,1
4babe2ba,6109,5.8795,1
6bb468a,6058,5.8767,1
107f0351,3512,5.8795,1
580e7905,7584,5.8795,1
4a090e45,5196,5.8767,84
7ef9d4e5,8169,5.8767,1
5ca09c2,3539,5.8795,1
f8e71c0,8323,5.8795,1
3c802132,5513,5.8795,87
894af9,6621,5.8712,1
d898145,4413,5.8767,1
12bec2d2,6284,5.8795,1
60d3bf3e,8755,5.8795,1
4b3e3470,3980,5.8767,1
5b6db0f9,5315,5.8795,1
29a570c4,8977,5.8795,1
7b508f0e,7501,5.8822,1
46e4a8e7,5401,5.8822,1
4a284988,5394,5.8822,1
751a02ae,3230,5.8795,67
3bb3d54a,4733,5.8822,1
114ebf8,8796,5.8822,1
7e432c2b,3231,5.8767,67
1d030094,4414,5.8795,1
383f9ffb,5389,5.8822,1
1e52f82f,3099,5.8822,1
3677061c,6273,5.8822,1
7997adba,6212,5.8822,1
7c9515bc,5985,5.8822,1
2e27295a,3079,5.8822,1
38918d92,5982,5.8795,1
65aafdbb,7673,5.8795,1
318b992f,8774,5.8822,1
406a8fef,8708,5.8795,1
753508d9,4423,5.8822,1
6b318935,14763,5.8795,1
2159db36,4835,5.8822,1
15102f92,3537,5.8822,1
78bf8efe,3984,5.874,1
259122f0,4830,5.8822,1
4a7edd1f,9296,5.8822,1
2384589d,4422,5.8822,1
5e86177d,5522,5.8849,87
63e52a5,3928,5.8849,1
5a4aaa2d,8341,5.8849,1
76e08536,3169,5.8849,1
e2da98c,2829,5.8849,63
22d4fa,6848,5.8849,1
4a4a38d0,4210,5.8849,1
2419f31b,4240,5.8849,1
2b0d2e77,8778,5.8849,1
59b6d715,4211,5.8849,1
4221e84b,6899,5.8849,1
294b4a3f,6042,5.8849,1
6b77b7f7,5183,5.8849,84
451f1d70,3103,5.8849,1
496dbf3,7857,5.8849,1
49b8089a,8808,5.8849,1
3a51a920,4876,5.8849,1
6ccf7992,6418,5.8849,1
5e346ebb,4548,5.8849,1
5741413f,8639,5.8795,1
606eea5e,4560,5.8822,75
77fa1c28,8370,5.8849,1
5cdd0160,14742,5.8849,1
a46e5da,7556,5.8849,1
57d30514,3979,5.8822,1
407829aa,5521,5.8849,87
67c476d1,4962,5.8849,1
5a1127c6,8250,5.8822,1
15256235,8752,5.8849,1
14112c42,3514,5.8849,1
5027a2ef,8995,5.8849,1
35b903a,4659,5.8849,1
3d516eae,14794,5.8877,1
20bf267a,3864,5.8877,1
73104b68,8674,5.8877,1
4de2d858,4076,5.8822,73
12e75b9e,8173,5.8877,1
24756372,9297,5.8795,1
7da00d70,4395,5.8877,1
265b2a84,4594,5.8877,1
e48be7a,14704,5.8849,1
1292232,5991,5.8877,1
7c1f64ea,4218,5.8877,1
3ef7ee7,5343,5.8795,1
481fab8e,5963,5.8877,1
6f280d,6623,5.8877,1
59890a8,4856,5.8877,1
2113c354,4376,5.8849,1
75024de,6116,5.8877,1
49d39746,4755,5.8877,1
7f307a95,4235,5.8877,1
92dbb18,2777,5.8877,1
4ac6ed26,3471,5.8877,1
33909b33,2719,5.8877,1
35602f4b,4140,5.8877,1
49781fa0,1966,5.8877,50
342a7474,5373,5.8904,1
35438c1,4912,5.8904,82
377a5597,7542,5.8904,1
3ef6c9c7,6258,5.8904,1
591893b9,7502,5.8904,1
7b283a6b,4563,5.8904,1
1e1b1e74,4794,5.8877,1
162b5481,4366,5.8904,1
b3398a6,5554,5.8904,87
2442ea4,4974,5.8904,1
317200c9,4541,5.8877,1
775c402d,5665,5.8904,87
3b1f9d1b,8775,5.8877,1
723be7e5,4161,5.8932,1
8a8b628,5372,5.8904,1
7c04b26d,7539,5.8932,1
b663e3,4473,5.8932,1
2c7ed476,5523,5.8932,87
d2bed78,4396,5.8932,1
64136845,8750,5.8932,1
18e399d8,2063,5.8932,1
5f53389a,5289,5.8904,1
5549a62,8090,5.8932,1
7b94b4b3,5953,5.8932,1
5746f79d,2843,5.8932,64
3e8d16f0,14381,5.8932,1
53ef89f4,8991,5.8932,1
4ba653b4,7585,5.8932,1
153eecfb,3846,5.8932,1
3418f3b4,2715,5.8932,1
548210b5,3087,5.8932,1
7b8d93f8,5502,5.8904,87
19b6e146,8029,5.8932,1
6ac02497,8754,5.8932,1
2e8396c2,4390,5.8932,1
57378eb5,7933,5.8904,1
3906d2b9,3911,5.8932,1
1794a80e,5174,5.8904,84
7c1bc2f7,8028,5.8932,1
4e1c6e30,8264,5.8932,1
4100fe50,9243,5.8932,1
4890e7b5,3204,5.8959,1
26fe2419,4601,5.8904,1
73e6faa6,3908,5.8959,1
51c88257,2716,5.8932,1
5da388be,3503,5.8959,1
7c880bb0,14558,5.8959,1
3a3c880f,4008,5.8959,1
7e4b7624,4185,5.8959,1
6b849980,4367,5.8959,1
931d36c,8196,5.8959,1
576dcacb,8682,5.8959,1
9cf4cd9,14383,5.8959,1
e46021a,5555,5.8932,87
2c10f192,14394,5.8959,1
63173509,8288,5.8932,1
5a158032,6069,5.8959,1
294fb62d,6302,5.8959,1
309692de,4906,5.8904,82
2f84ef7,2689,5.8932,1
581d8cdc,3987,5.8959,1
32a8f599,14382,5.8959,1
2e7f83fd,6021,5.8959,1
7ad5a6c1,5719,5.8959,87
27ba7e19,4795,5.8959,1
3a9ad09a,5697,5.8959,87
e55d079,4058,5.8959,1
5ce7da25,2904,5.8904,64
bd38cd6,6656,5.8959,1
67a19336,14734,5.8959,1
47d751a3,6277,5.8959,1
68764407,8586,5.8986,1
25038d8e,4216,5.8986,1
174dc55a,4155,5.8986,1
322100c4,2666,5.8959,1
59720d95,4471,5.8986,1
24550551,14860,5.8986,1
1d0383a8,5292,5.8986,1
279e97ec,4222,5.8986,1
6ec9282f,6506,5.8932,1
58559a10,5729,5.8986,87
62bad72a,4613,5.8986,78
63250616,3504,5.8986,1
30d7cc69,9116,5.8986,1
1778120c,3951,5.8986,1
23cf944e,3991,5.8986,1
68112397,8617,5.8986,1
662b1e78,2738,5.8986,1
311498c3,3944,5.9014,1
6ea6174b,9217,5.9014,1
1cad5a1c,8827,5.9014,1
f4a9c93,4049,5.9014,1
312c9bdc,8317,5.9014,1
246bdfba,9259,5.9014,1
2761847a,4372,5.9014,1
7aa98833,8643,5.9014,1
215c3df1,2731,5.8986,1
747ba07d,5984,5.8959,1
e973747,3104,5.9014,1
6ed8fbd8,9130,5.9014,1
2d57552c,8168,5.9014,1
38c9ceb6,4786,5.8986,1
783adfeb,5244,5.9014,84
71d52975,5213,5.9014,84
51ebf0d9,3865,5.9014,1
6671d8ac,9104,5.9014,1
103b06aa,4806,5.9014,1
3ed046c1,4006,5.8877,1
592fac6e,3222,5.9014,67
30b314fa,4180,5.9014,1
2425b222,6481,5.9014,1
586f1ef8,3190,5.9014,1
52fed749,7756,5.9014,1
10a94d09,5402,5.9014,1
2cf3f793,7555,5.9041,1
44f2233,14941,5.9041,1
24f7749c,4842,5.9041,1
229dd58d,5962,5.9041,1
7eeca40e,6319,5.9041,1
4d108b2f,3096,5.9041,1
6b16d6d8,9192,5.9041,1
4276918f,4054,5.9014,1
30b37604,3076,5.9041,1
2fffb71a,4261,5.9014,1
3428aa3f,2720,5.9041,1
195829fe,8493,5.9041,1
7d281666,15162,5.9041,1
56804c91,4025,5.9041,1
415763c,5669,5.9041,87
751d5dd3,5684,5.9014,87
48bbee30,6043,5.9041,1
1c8bc772,6278,5.9041,1
7a024782,4576,5.9014,1
3380e649,9222,5.9041,1
2cecd62f,4590,5.9041,1
79c387bf,8239,5.9041,1
4d458460,3223,5.9041,67
40078d4a,5987,5.9041,1
62e61f3,14803,5.9014,1
2dd60b8d,14906,5.9041,1
7d26e49,5067,5.9068,83
59424c8f,6854,5.9068,1
37ece758,4013,5.9068,1
52f77065,9022,5.9041,1
337098df,4758,5.9068,1
274408de,5258,5.8986,84
614133b9,4212,5.9068,1
7742fd49,8424,5.9068,1
2aa92fc8,2736,5.9068,1
1edfcf9c,5066,5.9068,83
51f7c1c3,4977,5.9068,1
295e1af8,3949,5.9068,1
683a98bd,4578,5.9068,1
2e5be5f5,7590,5.9041,1
4e13fdc2,4288,5.9041,1
2e5068b3,6804,5.9041,1
323d051b,6136,5.9068,1
77003e5b,8268,5.9068,1
6851903,7528,5.9068,1
572909fc,4959,5.9041,1
a3209d3,4309,5.9068,1
7a91e65a,4087,5.9068,1
c95edb5,7911,5.9068,1
22f6a025,3982,5.9068,1
470859f8,4349,5.9041,1
3d8f2b6e,6849,5.9068,1
4859b9b3,8756,5.9068,1
6b020d48,4963,5.9096,1
116b445b,8386,5.9068,1
7c626f85,5628,5.9096,87
38f2ef3c,6719,5.9096,1
3de35db0,2805,5.9096,63
46706f09,8741,5.9096,1
29013e05,6497,5.9096,1
625bf16,7544,5.9096,1
58ab636e,4391,5.9068,1
218c7cbf,6048,5.9096,1
644157a0,4154,5.9068,1
4490ac3b,4997,5.9096,1
6fe666b0,14735,5.9096,1
36163e15,6500,5.9068,1
2dcd8677,8569,5.9096,1
33c9d80,5296,5.9068,1
43df2839,14525,5.9096,1
26fb50d,6060,5.9096,1
5ee09016,8330,5.9068,1
1f5f4b83,5949,5.9096,1
25fb26b1,8410,5.9041,1
1993a36c,4855,5.9068,1
5b723654,4014,5.9096,1
5ac328de,8269,5.9096,1
4b5d53ab,3100,5.9096,1
7963b0,7694,5.9096,1
651f236f,5395,5.9096,1
19ad5fd3,7517,5.9123,1
6d29802e,8687,5.9123,1
5a6b11e0,4619,5.9123,78
11448dfe,4964,5.9123,1
d5cc0e2,14861,5.9123,1
7efc455d,8476,5.8986,1
7c9abf73,7733,5.9123,1
67f64e95,6009,5.9123,1
4904f663,7883,5.9123,1
22347471,2823,5.9123,63
3e7e0bc7,8982,5.9096,1
51338bee,5368,5.9123,1
23b1eccb,4440,5.9123,1
256bff4c,5998,5.9123,1
17365a5c,6057,5.9123,1
79ef1137,9030,5.9123,1
713a8734,8324,5.9123,1
78f96587,5396,5.9123,1
3697796c,14442,5.9123,1
13562158,6264,5.9123,1
3e517b6e,4580,5.9096,1
12b1ecac,8758,5.9096,1
21d77620,14788,5.9123,1
2c06376f,6758,5.9123,1
ef89f56,6412,5.9123,1
1331c6a9,2718,5.9151,1
9cdd499,14392,5.9151,1
45fa9986,7529,5.9151,1
14ed3780,5179,5.9123,84
5e251864,5504,5.9151,87
43bc8987,9193,5.9151,1
2432f475,8580,5.9123,1
45b01c89,6059,5.9151,1
563b5b0f,14439,5.9123,1
591e8644,6749,5.9096,1
2f0e433b,7897,5.9151,1
85907ec,4375,5.9151,1
3bfbdbce,4204,5.9096,1
16fa4653,5958,5.9151,1
4bb0d82c,8528,5.9151,1
308b437,4406,5.9123,1
37b8800a,7531,5.9151,1
8d04507,3172,5.9151,1
b96c0d1,8318,5.9151,1
6ed65fc6,4612,5.9151,78
2a5a5491,4551,5.9123,1
6766884e,8829,5.9151,1
33b93568,3988,5.9151,71
5acb4c3b,7693,5.9096,1
6d3f427e,9241,5.9096,1
6bf10cb,6653,5.9151,1
7e392251,9089,5.9151,1
2dcee120,2732,5.9123,1
2de4da36,2708,5.9178,1
f597aa6,7992,5.9123,1
573e55f7,4848,5.9178,1
7144feab,4311,5.9178,1
53a3be09,6840,5.9178,1
53f51711,8570,5.9178,1
64bf2586,6271,5.9178,1
3e221fd0,5403,5.9178,1
359c5748,9141,5.9178,1
7b01f404,4267,5.9151,1
668f6df7,2793,5.9178,1
48fd3269,6062,5.9178,1
1f0c0a29,4031,5.9151,1
4af959d8,4844,5.9178,1
6b596c18,5259,5.9151,84
76245451,8629,5.9178,1
57eb5e86,9183,5.9178,1
28494b10,4280,5.9151,1
8d0cbad,5678,5.9178,87
5c82903a,5725,5.9178,87
5190fa42,6181,5.9151,1
227c1429,4602,5.9178,1
33633aab,4304,5.9151,1
3d6012c9,6281,5.9178,1
75ab461f,6413,5.9178,1
23bfe002,5660,5.9178,87
92330bc,5505,5.9178,87
6467de95,4019,5.9178,1
34689d0b,5181,5.9178,84
4c0b4e41,7726,5.9178,1
2d195e93,2693,5.9178,1
2cce2059,7869,5.9178,1
69584a9a,5091,5.9178,83
1bdcae27,5481,5.9151,87
47bff2ae,4430,5.9205,1
57098c35,6094,5.9205,1
2779c31a,7934,5.9205,1
19b5773d,4327,5.9205,1
59aaec44,1967,5.9205,50
61385f5d,6488,5.9178,1
145f92d1,7902,5.9205,1
7a4b1f6b,8821,5.9205,1
1343622b,4378,5.9205,1
10c76483,9253,5.9178,1
1d0564cb,4899,5.9205,82
3e640281,5881,5.9205,87
1cf6f261,8615,5.9178,1
1cc0f18a,8733,5.9151,1
40a9f889,5089,5.9205,83
14ac99ee,5503,5.9205,87
2239848c,4510,5.9205,1
3c57ea40,4605,5.9205,1
2b60d3c2,4297,5.9178,1
77e8d659,5536,5.9205,87
678aeaa5,6177,5.9205,1
9f91f3c,8319,5.9178,1
afff1a9,6280,5.9178,1
56a8914d,5568,5.9205,87
664796ff,9298,5.9205,1
278675f4,4845,5.9205,1
5201ba14,14401,5.9205,1
40b17be0,5639,5.9205,87
1a9bed67,4461,5.9205,1
6fb704b0,4353,5.9233,1
fca060d,15092,5.9151,1
ea60215,9114,5.9205,1
51a8d8cf,14807,5.9205,1
1a0dc761,8365,5.9205,1
5074b5fa,4779,5.9233,1
5fb8f192,2834,5.9233,64
61b0f6da,8743,5.9205,1
76c93483,4615,5.9233,78
20bc3f4,4447,5.9233,1
1a278646,4866,5.9233,1
7cc7b5fe,9148,5.9205,1
4395fbc9,8861,5.9205,1
1f5d842c,5293,5.9205,1
39ee3437,4891,5.9233,1
78c71eb1,5748,5.9205,87
68652f7f,6204,5.9178,1
1460e9d3,6504,5.9233,1
676f6397,4357,5.9205,1
2f68bcc1,4810,5.9205,1
429d9896,6260,5.9233,1
6f1a0d0b,14744,5.9205,1
7ca74f4a,15142,5.9233,1
6048e892,6654,5.9233,1
a2cceee,8197,5.9233,1
12479091,6168,5.9205,1
3561e8f5,4178,5.9205,1
73fa2c0c,2891,5.9233,64
54515699,14682,5.9233,1
3866a943,7667,5.9233,1
27ad8fa,6259,5.9233,1
20421ef5,4796,5.9205,1
7ef961fa,5215,5.926,84
7358f3d7,4884,5.926,1
398dfc77,9187,5.9233,1
3cb6e6a2,14412,5.926,1
27b1584e,14950,5.926,1
17344ffb,4156,5.9233,1
22771a56,5681,5.926,87
16859384,5788,5.926,87
3bdbca32,4838,5.9233,1
ea51125,7985,5.926,1
19c559,14823,5.926,1
149a1f0d,4759,5.926,1
6850df09,5569,5.926,87
2eb9a7a9,3106,5.9233,1
5663a2e5,5090,5.9205,83
4678093e,6672,5.9233,1
1fe3e04f,8485,5.926,1
428073e,8650,5.9233,1
142c2e6b,2667,5.9205,1
4bd66216,5977,5.926,1
6ddc7e70,3995,5.926,1
29fa66b1,5548,5.926,87
4a1d08c8,14393,5.926,1
77c0f4e8,4472,5.926,1
253ba5f1,4023,5.926,1
3223154f,9288,5.9288,1
54dec10e,5954,5.9288,1
3c82d285,14824,5.9288,1
46b7f44a,6841,5.9288,1
6ffdf53a,9045,5.926,1
2c56041d,4690,5.9288,1
644eff1c,2892,5.926,64
38277478,8176,5.9288,1
4e6d17b7,8415,5.9288,1
6451e205,4207,5.9288,1
43efeba,8266,5.9288,107
56e4ba41,8641,5.9288,1
5c417543,6411,5.9233,1
bf685f3,6485,5.9288,1
1ad77555,9302,5.9288,1
1d3d4f61,14717,5.9288,1
e98f5c5,4764,5.9288,1
6cf37d4a,8189,5.9288,1
760cb4e9,4275,5.926,1
28ee9b0e,4606,5.9288,1
33e66c7f,9300,5.9288,1
43c415dc,3955,5.9288,1
34f51c82,14410,5.9288,1
7d8af104,5186,5.926,84
21e02350,4160,5.9233,1
42e9b845,5360,5.926,1
5e64ad96,5752,5.9288,87
744c658f,3305,5.9288,1
549622f5,6017,5.9288,1
5bb283b2,4978,5.9233,1
20418d4f,2714,5.9288,1
37b6f4d5,9001,5.926,1
5252e95c,6924,5.9315,97
1db24fb7,6759,5.9315,1
31b582bb,4769,5.9288,1
31a5d804,6307,5.9288,1
519a0d21,4277,5.9315,1
74f8df65,5673,5.9315,87
7b38f9ba,6479,5.9315,1
66851c3c,4439,5.9315,1
797f9d10,4123,5.9315,1
4b4e66ad,9181,5.9288,1
7787b357,6414,5.9315,1
392d2567,4419,5.9315,1
3c3fb84f,4833,5.9315,1
47cca6b,4407,5.9315,1
4e2bdcb8,9271,5.9288,1
1efdce07,5232,5.9315,84
5e2bb368,4555,5.9315,1
5fc1e057,4269,5.9315,1
3d0c5656,2733,5.9315,1
2dd29353,4157,5.9315,1
5d2ffd18,8779,5.9315,1
dbc7db2,7534,5.9233,1
52dd34b5,5986,5.9315,1
6bac7db6,14956,5.9315,1
66f6173,18134,5.9315,1
3922db34,4181,5.9315,1
2b379595,4902,5.9315,82
17b32f68,5980,5.9315,1
49c98ae6,7852,5.9315,1
27f62f80,5947,5.9288,1
182dedfd,3229,5.9315,67
1c35df57,5068,5.9315,83
147c50aa,3080,5.9315,1
11677679,5996,5.9288,1
7fbc1fa,3829,5.9288,1
d32f02c,7757,5.9315,1
35867935,8270,5.9315,1
4389862f,8281,5.9315,1
29e48ad7,4205,5.9315,1
69f7f499,14949,5.9315,1
305a1c4c,9237,5.9342,1
361384a3,9133,5.9288,1
557104f9,6149,5.9342,1
3924c4b0,4950,5.9342,1
65fe6669,5332,5.9342,1
6fa1bc31,7473,5.9315,1
ff975f5,3228,5.9342,67
2763985c,5205,5.9342,84
2565ce35,2779,5.9315,1
3afb8f6d,7575,5.9342,1
58d9ec37,6085,5.9342,1
1ccb7c04,8401,5.9342,1
17d41dce,5549,5.9342,87
713268be,6205,5.9315,1
669d9afb,4298,5.9315,1
2171f170,2717,5.9342,1
167ca2fd,7748,5.9342,1
74694f14,4441,5.9342,1
7fc9465b,4620,5.9342,78
7e294920,8175,5.9315,1
507dcde4,8689,5.9342,1
640d9a84,6398,5.9342,1
23e5f65c,4124,5.9342,1
1dca0cdb,5019,5.9342,83
299e260b,4018,5.9342,1
17b2dc31,9063,5.9342,1
1be99f8d,3963,5.9342,1
4fce3f91,4284,5.9342,1
5608e4ff,8265,5.9288,107
27aa4321,8999,5.9342,1
e7e3e4b,4984,5.9342,1
2fed8e25,4251,5.937,1
fac28e1,5257,5.937,84
58eecb6e,8612,5.937,1
9eb05e5,4196,5.9315,1
49d0f390,8558,5.937,1
36231087,7850,5.937,1
58a6dd82,3224,5.937,67
763dd843,9355,5.937,124
38bfe967,15044,5.937,1
163671df,8045,5.937,1
6c3f3bb8,5571,5.9342,87
5b88c8b6,3082,5.9342,1
7812e456,6321,5.937,1
44e8a5b9,8183,5.937,1
6075c4d7,5726,5.937,87
21b5abbc,7643,5.9342,1
27c6ed6f,6517,5.937,1
25bd8c1,8346,5.9315,1
6d04bc88,2741,5.937,1
23999e83,4892,5.9342,1
3324b20a,3068,5.937,1
6f65e97f,8831,5.937,1
27cdf8e7,6013,5.9342,1
48cf171b,4573,5.937,1
5eed48ea,9051,5.9342,1
70deb892,14948,5.937,1
72620f9e,3105,5.937,1
1e836c59,5675,5.937,87
56c1b5ae,7858,5.9342,1
27f671d9,9131,5.9342,1
668617a2,3996,5.937,1
4a1654e4,5939,5.937,1
5298b980,15053,5.9342,1
57fcf62e,5231,5.937,84
c4b45ba,8257,5.937,1
5aa67896,6308,5.937,1
4d658efb,9356,5.9397,124
7d184cff,14411,5.9397,1
637c58f1,3973,5.9397,1
2b28b073,6498,5.9397,1
42a31f48,4418,5.9397,1
10af5e27,14837,5.9397,1
23d043b1,5674,5.937,87
1c109c80,5849,5.9397,87
60772c9e,5245,5.9397,84
72d51c59,4839,5.937,1
28561414,6016,5.9397,1
9ba0764,8477,5.9397,1
11d67e4f,15163,5.9397,1
4b3b9ff8,8389,5.9397,1
53d5c43f,3847,5.9397,1
a0d7806,5589,5.9397,87
288b4b0e,4254,5.9397,1
3f58d5b8,4465,5.9397,1
5c5eceaa,5074,5.9342,83
42d11a50,5421,5.9397,87
23fd9744,4358,5.937,1
515c6b0e,4252,5.9397,1
28509188,8504,5.9397,1
62990d48,7935,5.937,1
30c43c81,7594,5.9397,1
2d91e1e8,2837,5.9397,64
1fa7eb4f,6487,5.9397,1
4f30925e,2795,5.9397,1
33d7f5e2,6179,5.9397,1
190e4d9d,5633,5.9397,87
3bb271f5,6988,5.9397,97
1bef185f,7853,5.937,1
9e7138b,5208,5.9397,84
171b9625,8363,5.9397,1
7c1253fe,8642,5.9425,1
5dcf5af1,4408,5.9425,1
297700b3,8978,5.9425,1
37496f7f,9090,5.9425,1
7c287d0d,6501,5.9425,1
124b4cd5,6074,5.9425,1
7be733f4,2735,5.9425,1
7a98960,5064,5.9425,83
5f573b94,6285,5.9425,1
38d64c8d,14404,5.9397,1
70b382a6,4293,5.937,1
320967d7,2721,5.9425,1
731883f2,6127,5.9425,1
3ce72d3a,9260,5.9425,1
347cd4da,8782,5.9397,1
1f528985,9245,5.9397,1
669c6267,9428,5.9397,124
1f166f29,8939,5.9425,1
2826682a,8237,5.9425,1
23b3c20a,7540,5.9425,1
6a88d940,14732,5.9425,1
42378510,5419,5.9425,87
26391341,5530,5.9425,87
a7a5f88,5552,5.9425,87
118601d5,3095,5.9425,1
61be1e3d,14416,5.9397,1
7e02f1fb,8588,5.9425,1
2c98227d,14862,5.9397,1
42d59fb4,5088,5.9452,83
1a8b1e79,9024,5.9425,1
3ba23c54,7511,5.9452,1
56c46a97,4286,5.9452,1
388277c4,8026,5.9425,1
7ab8de7b,8253,5.9425,1
56948e17,5273,5.9425,84
50520de4,9113,5.9452,1
25b755ab,9191,5.9452,1
ea02a8e,5080,5.9452,83
32577627,5510,5.9452,87
722a60a4,7530,5.9425,1
6d2f7947,4137,5.9425,1
6254da36,7563,5.9452,1
6b3b6e15,4788,5.9452,1
4a350c96,8958,5.9452,1
5cc6a1d6,6209,5.9425,1
18074512,4599,5.9452,1
28fccbc1,4982,5.9452,1
4a4f33f4,3479,5.9452,1
23eee37a,4425,5.9452,1
1e31dc0,6032,5.9452,1
7cec3678,9149,5.9452,1
26ef807f,8833,5.9452,1
284dffac,4394,5.9452,1
70a6e050,8721,5.9452,1
3159ea78,5682,5.9452,87
1bbcb17d,4760,5.9452,1
5858821,4628,5.9479,1
18c7211f,4092,5.9452,1
5f300d34,6158,5.9479,1
21c42680,14440,5.9479,1
8297619,4653,5.9479,1
29c771da,8998,5.9397,1
7641907b,8551,5.9479,1
13905bee,7591,5.9425,1
3fe250f5,4026,5.9479,1
76314815,4370,5.9479,1
60eed02c,6262,5.9452,1
356b7174,3562,5.9452,1
27b09fa2,8832,5.9479,1
3bb12f61,6113,5.9479,1
5d080167,4368,5.9479,1
21058b33,7574,5.9425,1
4f8baeb6,7860,5.9452,1
344d5a7,4164,5.9479,1
30b0a94d,4774,5.9452,1
6ce5756a,8618,5.9479,1
717b52a8,5511,5.9452,87
7caa13a7,4511,5.9479,1
6ec6ec9a,4295,5.9479,1
294f8a0d,5882,5.9479,87
750e53c0,7516,5.9479,1
20a639e,4924,5.9479,82
776af427,4281,5.9479,1
22a01725,5308,5.9479,1
73e7967c,5039,5.9479,83
56a914b4,6156,5.9452,1
76c2198a,8102,5.9479,1
54f92148,6050,5.9479,1
1be219dd,8975,5.9425,1
5f0b2a1,6482,5.9479,1
6318e5dc,4116,5.9479,1
7ef67b96,9094,5.9479,1
3f30b1e5,8609,5.9479,1
7551a964,5534,5.9479,87
753468d5,5586,5.9479,87
51a645aa,5248,5.9479,84
17904547,5412,5.9479,87
1c41aec3,14859,5.9479,1
64232ea6,5501,5.9452,87
32078037,14801,5.9507,1
6f44f599,8292,5.9479,1
13f60646,5055,5.9479,83
51ef08c8,6640,5.9507,1
463c700b,4040,5.9507,1
40499380,8094,5.9479,1
7901a4bf,6095,5.9479,1
3de2d331,4387,5.9507,1
336afa82,4701,5.9507,1
1a6a1d6f,5313,5.9507,1
16b34831,6805,5.9507,1
47f0791c,5424,5.9507,87
3d637a8d,8742,5.9452,1
59b92949,5328,5.9507,1
13f2c674,9268,5.9507,1
1f0ce6fb,6624,5.9507,1
399d5085,9143,5.9452,1
29fed59e,5883,5.9507,87
2c3a77b3,9071,5.9479,1
54f977f1,9248,5.9507,1
7b30c93,7675,5.9507,1
3f2a7411,6677,5.9507,1
583e6bde,4236,5.9507,1
27460885,16819,5.9507,172
2820fec4,9029,5.9534,1
381fa563,8720,5.9534,1
710dcf0e,5359,5.9534,1
27d7f167,5617,5.9534,87
c1c1ed8,2882,5.9534,64
1b893dfe,8651,5.9534,1
5ef8a751,7784,5.9534,1
46bc2920,6306,5.9534,1
2aba05f1,5053,5.9534,83
780eab95,4516,5.9534,1
63d759ea,8828,5.9534,1
3abbc004,4816,5.9507,1
44059999,4969,5.9534,1
113b85f9,14780,5.9534,1
3e6a9965,5623,5.9507,87
368bc9f7,4787,5.9534,1
455e5d99,2813,5.9507,63
33b5cf3e,14729,5.9534,1
2d9e1e80,2678,5.9534,1
f53d8bd,8878,5.9479,1
6af4c8ab,8444,5.9534,1
2d54d3d,7862,5.9534,1
1862aee8,5486,5.9534,87
333a0c5d,2830,5.9534,63
681e5db3,6045,5.9534,1
75cfa3b1,8691,5.9534,1
2fe9fc1e,14478,5.9534,1
39328c33,7722,5.9534,1
1126928d,2704,5.9534,1
b4fb6df,5358,5.9507,1
113b5222,14424,5.9534,1
3954e2c,5679,5.9534,87
2e6b0979,14449,5.9534,1
b7c54c3,14423,5.9534,1
7df3e23d,8036,5.9534,1
54be2781,2885,5.9534,64
654e4dd9,4186,5.9534,1
2268dcae,3909,5.9534,1
4b5b4e6c,5488,5.9534,87
295bbf30,6102,5.9534,1
cfc17b5,14591,5.9534,1
68153728,9212,5.9507,1
1693ada1,8287,5.9534,1
792c3c68,5346,5.9534,1
d7aae42,5390,5.9534,1
61d741e7,4290,5.9562,1
2df99501,7474,5.9562,1
20ba9682,6030,5.9534,1
386d3181,9242,5.9562,1
54d6785e,6266,5.9562,1
603d9070,7596,5.9562,1
3b3e2de9,6844,5.9562,1
4f44a28a,8938,5.9562,1
1e7473da,5473,5.9534,87
12c6ce74,8184,5.9562,1
585de8a0,4415,5.9562,1
326741d3,5515,5.9562,87
fb00ee6,2690,5.9562,1
2ba1d40a,9272,5.9562,1
1c0e3136,2815,5.9562,63
146f82bd,9372,5.9562,124
1b2779e8,7749,5.9562,1
3e83ef02,6511,5.9562,1
5369ee65,4388,5.9562,1
3b7bf4df,8935,5.9562,1
b4c9934,9028,5.9562,1
1b332261,6856,5.9562,1
3ae935fa,4176,5.9534,1
26effe04,5433,5.9562,87
35eba6fb,7861,5.9562,1
42d63b0a,9399,5.9562,124
40f4391b,14733,5.9562,1
3341921a,9391,5.9562,124
6a8745a8,5553,5.9534,87
1497429d,5217,5.9562,84
197a2d99,8211,5.9562,1
2d3993e6,2730,5.9507,1
47c97f00,8571,5.9534,1
1733c854,18187,5.9562,1
5f6d29ce,3472,5.9562,1
18970cec,6486,5.9562,1
142a5181,14725,5.9562,1
1d524a38,4907,5.9562,82
7e63d8c9,6000,5.9534,1
6daa6b48,4765,5.9562,1
18264707,6721,5.9562,1
2bc73305,6257,5.9562,1
b17bafd,5417,5.9562,87
4df75447,4285,5.9562,1
427bc44b,5375,5.9562,1
50b6881a,6764,5.9589,1
64ea9a2d,4303,5.9589,1
664000a3,4192,5.9534,1
11622540,6480,5.9589,1
da7f2bb,5291,5.9589,1
69355d4d,3083,5.9562,1
f960dd0,14736,5.9589,1
f5e7147,5324,5.9589,1
3d5e683d,4718,5.9562,1
10691fd2,4454,5.9589,1
7e4285ee,8282,5.9589,1
3bee0f69,8620,5.9534,1
4185ef7b,5216,5.9589,84
3dad6a45,8602,5.9589,1
b04a358,7647,5.9589,1
737cf24d,4033,5.9589,1
2139734b,8759,5.9589,1
19fb7439,14707,5.9589,1
77ebbe4a,4981,5.9562,1
6def74b6,2780,5.9589,1
21421db0,6010,5.9589,1
35b87d4f,4486,5.9589,1
77208d7d,7898,5.9589,1
5d93743d,4209,5.9589,1
6c8d5da2,4050,5.9589,1
1aa90779,6752,5.9562,1
69912a34,5420,5.9589,87
47d21052,5201,5.9589,84
18b95ca,5968,5.9589,1
7488d02c,9072,5.9589,1
6d617075,5094,5.9562,83
2fe589a7,4955,5.9562,1
5b8b30af,6633,5.9589,1
3b791f52,5378,5.9589,1
2983a1b4,6183,5.9589,1
7b43f932,8675,5.9616,1
1b63bce4,4808,5.9616,1
1f1de721,6064,5.9616,1
18c8b69e,5826,5.9589,87
2c722a32,4694,5.9616,1
489cdce7,5970,5.9616,1
4e9edd8c,7654,5.9534,1
133fee87,6850,5.9616,1
2e216568,6657,5.9616,1
4c7f950,5940,5.9589,1
38be3090,6001,5.9616,1
253d0d00,5927,5.9616,1
5499aad6,14632,5.9616,1
71368f08,14643,5.9616,1
56180f16,5626,5.9589,87
1feb9ff5,4556,5.9616,1
6bd49c4,4191,5.9616,1
43b6d8d4,6028,5.9589,1
2a6b3691,4504,5.9589,1
55c01f0b,9353,5.9616,124
16972671,3515,5.9589,1
7a08ae0e,6812,5.9589,1
5565851b,4315,5.9589,1
49765bb6,5941,5.9616,1
f0db9e3,2810,5.9589,63
5ae0d74e,7705,5.9589,1
756bd6cd,6867,5.9616,1
4aac7eb0,5220,5.9616,84
288c04a7,8327,5.9616,1
748afc5f,6518,5.9616,1
5f7c91bd,5528,5.9616,87
768c3d1c,5061,5.9589,83
3e6db656,6141,5.9616,1
212cceac,2838,5.9616,64
1d26cdc0,2824,5.9589,63
319febac,8057,5.9616,1
629324cf,4306,5.9616,1
4970ad90,8177,5.9616,1
ded3b48,9188,5.9616,1
2967cffb,5219,5.9616,84
436163d2,14588,5.9616,1
720e712a,6755,5.9589,1
382f922d,4987,5.9616,1
747fa495,14409,5.9616,1
10ace629,2691,5.9616,1
581b781d,2709,5.9616,1
1ce137c9,14804,5.9616,1
153363cc,4775,5.9616,1
625942ed,5381,5.9616,86
6101052b,15141,5.9534,1
c3d254f,8619,5.9616,1
744b39bd,8572,5.9534,1
7a6809fb,5557,5.9616,87
528e7271,8623,5.9616,1
3b4f0d56,4913,5.9616,82
16644d53,4462,5.9616,1
679d3e4a,8347,5.9644,1
2cf9b9b5,6647,5.9644,1
6a5d8943,6537,5.9644,1
dc54ba1,4377,5.9644,1
4e23c2f2,3975,5.9644,1
7a1910b0,6044,5.9616,1
1b4c3a57,14805,5.9644,1
3c73e2dc,5322,5.9644,1
6c1793f2,6267,5.9644,1
26b3c226,8494,5.9644,1
5e398250,4467,5.9644,1
24dd9542,15117,5.9644,1
79bf607,14767,5.9644,1
57437d05,4436,5.9644,1
45fa5ebf,14487,5.9644,1
d45b4c7,2948,5.9644,64
55b650a6,5279,5.9644,84
1951b440,3516,5.9644,1
e490e73,5274,5.9644,84
2e8a70f1,7704,5.9644,1
49de36e6,6548,5.9616,1
5d396829,7876,5.9644,1
1bc5df6b,7576,5.9644,1
6635291a,8242,5.9616,1
5e645a3c,4725,5.9644,1
480a19f9,5142,5.9616,83
7d01b914,6636,5.9644,1
32332257,5583,5.9644,87
709ddd0f,4118,5.9644,1
4e7a3b97,9230,5.9644,1
15ddb03d,8371,5.9644,1
56272670,5967,5.9644,1
66e8bb48,5573,5.9644,87
7998892d,4834,5.9616,1
261eecb9,4333,5.9644,1
7f59e851,8787,5.9644,1
d1453b7,8442,5.9644,1
122d7701,6341,5.9589,1
7dd6d792,14903,5.9644,1
2c7c87b5,4197,5.9644,1
35af066,3563,5.9644,1
7a361a73,9313,5.9671,1
319728e0,5254,5.9589,84
799e4048,9095,5.9644,1
2d9356dd,8823,5.9671,1
5a549eea,5275,5.9671,84
673c249e,8462,5.9671,1
6f64c0b1,4437,5.9671,1
102898ff,6637,5.9671,1
64735115,6534,5.9671,1
5361d6f8,7692,5.9671,1
52a1b6b5,8190,5.9671,1
557f00de,5397,5.9671,1
1c573388,5964,5.9671,1
62d222ee,7475,5.9671,1
3fd9fe5a,2924,5.9671,64
128d708f,4487,5.9644,1
3763ca25,6502,5.9671,1
44d55b75,3974,5.9671,1
41e05527,4032,5.9671,1
4509035e,2771,5.9671,1
340e569b,4781,5.9644,1
4d7e419d,4598,5.9671,1
646588f5,5971,5.9671,1
a8569ff,7912,5.9671,1
4cf95cba,4768,5.9562,1
3d5d2046,5506,5.9671,87
73b49e11,6489,5.9671,1
3b5e82b2,4332,5.9671,1
4e6e9fff,6859,5.9671,1
1ab5deb7,4468,5.9671,1
1caf4dd7,3084,5.9671,1
3b5ec24f,4194,5.9671,1
4bbc1c45,7940,5.9671,1
4384c92,15007,5.9671,1
30cc7ac4,6766,5.9644,1
566b48ff,4614,5.9671,78
7d9e2843,5233,5.9699,84
3b84b7be,9105,5.9699,1
7b2f5a51,7725,5.9671,1
458fded2,5823,5.9671,87
68cde050,9092,5.9699,1
64ed6106,14998,5.9699,1
683d91e8,4282,5.9699,1
769af216,4660,5.9671,1
71d253f5,7636,5.9699,1
7eb8f998,5399,5.9699,1
7a0e9576,6105,5.9699,1
5ba5d263,7887,5.9671,1
388b7f19,8411,5.9671,1
30c629cc,8874,5.9699,1
2c60b2e7,4663,5.9644,1
14625a9,14443,5.9699,1
feda5d2,5634,5.9699,87
367e3a09,8198,5.9699,1
7a2e5886,8834,5.9671,1
19be836d,14684,5.9699,1
29e5869e,4654,5.9699,1
4b447545,4680,5.9699,1
4326fec3,9228,5.9699,1
2e6ea821,14726,5.9671,1
5f3564c7,5640,5.9699,87
2bba0a04,4074,5.9699,72
433cbc6b,6342,5.9699,1
37188229,14482,5.9699,1
36bd2fcd,4858,5.9699,1
6c6c1b4b,6159,5.9699,1
177dc6e8,9392,5.9699,124
3104ff88,4292,5.9699,1
427e2a4b,8709,5.9699,1
4e44c70c,2817,5.9671,63
34cb5147,4258,5.9699,1
37f702aa,4986,5.9699,1
21995363,7929,5.9699,1
12860969,5587,5.9699,87
630996b,5531,5.9726,87
7a92d092,5577,5.9726,87
2a5d6a90,4416,5.9699,1
757f6f38,3561,5.9699,1
1e9628bf,6676,5.9726,1
34b1aff3,4450,5.9726,1
3c79b745,9185,5.9726,1
5083f618,3976,5.9726,1
5e0b559f,7711,5.9726,1
71f74d31,6750,5.9726,1
450fd5,9098,5.9726,1
22cc3aa2,5629,5.9726,87
4f391af3,4772,5.9726,1
4b1a0926,8328,5.9726,1
285cc7da,9299,5.9699,1
2fb5bea0,8283,5.9699,1
347dc149,14713,5.9726,1
4e1506a4,4868,5.9699,1
397aab,7571,5.9726,1
27b84b2,4089,5.9726,1
58d67a3d,6839,5.9699,1
3e1067a5,3097,5.9726,1
7537aeee,5978,5.9726,1
2bb7faee,8227,5.9726,1
40db6a37,6756,5.9726,1
7d4b00c6,5211,5.9726,84
3543815f,7966,5.9726,1
21b77d93,8136,5.9726,1
3aa62140,5559,5.9726,87
1f4e4be2,15165,5.9726,1
596a8b0,6707,5.9726,1
36ae782d,5624,5.9726,87
2c6fd08e,3074,5.9726,1
5d9d2202,4158,5.9726,1
b5c48d1,14712,5.9726,1
27485862,4702,5.9726,1
4a340632,8258,5.9699,1
f9e6049,8745,5.9726,1
5d272a94,4818,5.9726,1
4ab33d7e,7651,5.9726,1
3849e21a,4885,5.9699,1
8edc6f,18178,5.9753,1
522666b7,14709,5.9753,1
2e46c892,5567,5.9753,87
2929ed97,4985,5.9753,1
4a513444,2866,5.9726,64
3dff5626,4369,5.9699,1
5c0d8cf0,6658,5.9726,1
4417ddbb,8348,5.9753,1
7273269,3990,5.9753,1
402e0acd,9365,5.9753,124
70747434,6710,5.9753,1
a749584,7625,5.9753,1
21643f8c,8192,5.9753,1
347e5ad9,14745,5.9753,1
4b656f9,8300,5.9753,1
322a770d,15045,5.9753,1
5730578f,6029,5.9753,1
47096ad2,6081,5.9726,1
79463058,4862,5.9753,1
3fa8153b,8816,5.9753,1
91f9da9,2835,5.9753,64
5c463f2a,6904,5.9753,1
144a100a,2886,5.9753,64
6bb4de75,14626,5.9753,1
1eb3e47f,6180,5.9753,1
77848651,5950,5.9753,1
5a4652b9,6033,5.9753,1
73e137ec,4117,5.9753,1
376fa3da,14843,5.9753,1
3d13c1d8,6570,5.9753,1
7a658434,4703,5.9753,1
7b74171b,4466,5.9753,1
1d011ce,6503,5.9753,1
4b6b035d,7536,5.9753,1
6a6a7255,9286,5.9753,1
1df96a20,8290,5.9753,1
46ee7a4b,9124,5.9753,1
47b14d39,8200,5.9726,1
54d3df79,3073,5.9726,1
22d17a9,9055,5.9753,1
2d01989c,4767,5.9753,1
37240985,3540,5.9753,1
53a5f1e2,6320,5.9753,1
2e56909,4431,5.9781,1
7a3152dd,9000,5.9699,1
30d372f5,14765,5.9781,1
5a29bb19,7702,5.9781,1
4d56f9f8,8240,5.9781,1
3d81ed35,4961,5.9781,1
166e74aa,14716,5.9781,1
188e40d,2808,5.9781,63
7beb54fd,8659,5.9781,1
4931f6f0,6754,5.9781,1
2c1f1058,9323,5.9753,1
6a71215a,4488,5.9781,1
4b1cdc55,5223,5.9781,84
d5c25b0,9200,5.9753,1
59957993,7541,5.9781,1
3a0de80a,4717,5.9781,1
175e656a,5701,5.9753,87
7b43a394,4591,5.9781,76
51ef0caf,8797,5.9726,1
968048e,14789,5.9781,1
2f917b1a,8241,5.9753,1
5c70e011,4887,5.9753,1
3861bbc0,5931,5.9781,1
5ed8f05b,4661,5.9781,1
175dc37a,6661,5.9671,1
6bff516a,4227,5.9781,1
4c76c9e8,7626,5.9753,1
32270e17,7886,5.9781,1
797cd41d,9360,5.9781,124
60bfa941,8555,5.9781,1
7b9f49cc,8224,5.9781,1
1980e03f,4730,5.9781,1
63c3436e,4616,5.9781,78
7c80bf37,6768,5.9781,1
6168e447,5676,5.9726,87
8018100,9033,5.9753,1
45568c5c,8792,5.9781,1
7f77714d,9049,5.9781,119
65685fe,7496,5.9781,1
b6ec738,5020,5.9753,83
3b375faa,7672,5.9781,1
7f56fb04,7535,5.9781,1
253e746f,5545,5.9781,87
1d52f734,6070,5.9781,1
593a6275,2787,5.9753,1
1d838d06,8798,5.9781,1
2f48823d,6119,5.9781,1
141a400c,4989,5.9781,1
670ec20b,8563,5.9808,1
6dad2d55,2722,5.9808,1
6c47665b,15188,5.9808,172
7f54884,4888,5.9781,1
16facceb,9142,5.9808,1
12b98ce4,6546,5.9808,1
557974da,5988,5.9781,1
451b5556,8788,5.9781,1
68078419,2844,5.9808,64
20a506c,5054,5.9808,83
450f9a39,4674,5.9781,1
492a4c07,4900,5.9808,82
285a9066,7630,5.9808,1
3f0275dc,6751,5.9808,1
76dae725,15164,5.9808,1
69f4bd4d,4746,5.9726,1
3d07cb26,6261,5.9808,1
4122b540,5092,5.9781,83
5e6cc8b6,9004,5.9808,1
6060818e,5990,5.9808,1
38356a63,8478,5.9808,1
2c32461a,4632,5.9808,1
2f6fe641,5853,5.9808,87
7b33de59,8996,5.9781,1
1f3b5c40,5516,5.9808,87
2187db2b,4125,5.9781,1
718a6cb4,2865,5.9781,64
142eb5ca,14646,5.9808,1
51b23253,5329,5.9808,1
4ef3e5cd,9096,5.9781,1
6c3ecf6b,5202,5.9808,84
ddfa7c3,7710,5.9808,1
4d3f2c81,5431,5.9808,87
1c336566,3071,5.9808,1
6ecb41c,8817,5.9808,1
76fdfabd,5365,5.9781,1
42928bc7,4506,5.9808,1
450dcea6,5300,5.9753,1
26a2ce4f,4879,5.9808,1
3f13f034,9189,5.9808,1
690998a2,4960,5.9808,1
42da13db,8103,5.9808,1
723a6d79,4664,5.9808,1
3adfedd6,4662,5.9808,1
5288b15a,16820,5.9808,172
55b11f03,4656,5.9836,1
7761ef21,2911,5.9836,64
65377edd,14705,5.9836,1
5b4cb5e2,5524,5.9781,87
174a506,4489,5.9836,1
444796a7,6091,5.9781,1
53d2ed14,4695,5.9836,1
286af801,4129,5.9836,1
785cadc,6214,5.9836,1
5f336b49,6090,5.9836,1
e147508,4574,5.9836,1
2b3218a8,4867,5.9808,1
75ad5a85,6121,5.9836,1
da71839,14414,5.9781,1
2c93bb79,9107,5.9836,1
49d9eed4,18180,5.9836,1
7215581f,9097,5.9781,1
6df34daa,2734,5.9836,1
58a0f6fd,4863,5.9836,1
5e091c73,8875,5.9836,1
684620d,8830,5.9836,1
71ede16a,2855,5.9836,64
2ea5f6b4,8979,5.9836,1
12bb57cc,8628,5.9753,1
7442367,6769,5.9808,1
38598d97,4697,5.9836,1
1de8049b,8826,5.9836,1
39040fd,4747,5.9808,1
201066d,6883,5.9836,1
7640168f,5529,5.9836,87
7763a78f,7560,5.9836,1
2b511800,7899,5.9781,1
2a47223f,6814,5.9836,1
338f18d3,8655,5.9836,1
22e72fd6,5749,5.9836,87
71ff6ea0,7800,5.9836,1
45ebc4c,4474,5.9808,1
20ff6b74,8510,5.9836,1
56fdf58a,7890,5.9836,1
75cf664d,2816,5.9836,63
290ebbbc,6505,5.9836,1
660ae411,5155,5.9836,83
3d75976f,8301,5.9836,1
539b166,4219,5.9836,1
41d64ee,5680,5.9836,87
9c8238d,6343,5.9836,1
aee972e,4109,5.9808,1
3b75d00e,6226,5.9836,1
2a2ae6e0,8794,5.9836,1
45ffcd5f,8505,5.9836,1
580983f9,7723,5.9808,1
d485069,5683,5.9808,87
3bd66529,5580,5.9836,87
2e3627fd,7558,5.9863,1
5356c93d,14746,5.9863,1
4a6ff01,8487,5.9863,1
68f8733d,5157,5.9836,83
600fbc26,5071,5.9863,83
7f196615,14533,5.9863,1
1a6347ea,5992,5.9863,1
3129ae00,4923,5.9863,82
2c5ada8f,14909,5.9863,1
184738df,4975,5.9808,1
189b702a,8326,5.9836,1
643e9497,7598,5.9863,1
3f4f13c5,14702,5.9863,1
1e4ab43d,5156,5.9863,83
3feae6eb,2739,5.9836,1
7cb3cb1c,8333,5.9863,1
386c8f30,8737,5.9836,1
6cb96231,14942,5.9808,1
2799d8c7,6206,5.9863,1
4facaf61,4307,5.9863,1
2d2566a3,14452,5.9863,1
44c8ed9c,2857,5.9863,64
a2a21dc,7931,5.9836,1
631c8fbe,5698,5.9863,87
49e1e31b,6521,5.9863,1
4ff794fa,4381,5.9863,1
14086819,5097,5.9863,83
136e7459,9190,5.9863,1
5551b414,6535,5.9863,1
7e0364d5,9238,5.9863,1
2672ba00,5703,5.9836,87
716d4677,8624,5.9836,1
11c128bf,5544,5.9753,87
4968df87,14772,5.9863,1
7af9de10,5507,5.9836,87
613c61c6,8780,5.9863,1
7920398e,8226,5.9863,1
763b55ca,4255,5.9863,1
42060c43,2858,5.9863,64
40b66794,4665,5.9863,1
38a2da45,5933,5.9863,1
149b4d9e,5284,5.9863,84
668d2f5a,4093,5.9863,1
15747ed8,2818,5.9836,63
3b2aeec1,8973,5.9808,1
7593b387,8417,5.9836,1
7aeba590,8630,5.9863,1
4c5f96ab,2728,5.9863,1
20ef2507,8764,5.9836,1
164b51ff,5661,5.9863,87
4888b516,14776,5.989,1
6f684eb2,4187,5.989,1
5f32773a,4790,5.989,1
62ca6c6,4589,5.989,1
b819310,15617,5.989,172
2631510c,4886,5.9863,1
6a766957,4229,5.989,1
98fe849,4791,5.9863,1
e91f37b,8622,5.989,1
22046a94,7798,5.9863,1
52bfe1c8,8299,5.989,1
7be19352,4420,5.989,1
ddaf1c7,4947,5.989,1
cd1c12c,6905,5.989,1
d004ae8,5075,5.989,83
2addcfb,7518,5.9863,1
7a0c3319,15006,5.9863,1
733d3d14,9402,5.9836,124
3f38b2d6,5197,5.9836,84
2002a156,5813,5.989,87
22d8dcdb,6400,5.989,1
647fd05a,9218,5.989,1
2d808562,6086,5.989,1
360fef30,7491,5.989,1
332f0b6,6906,5.989,1
67e8ca0f,5960,5.989,1
367b0be8,8595,5.9863,1
4e6ae805,7913,5.989,1
755e897,6781,5.989,1
13760f8b,8673,5.989,1
326f0758,6708,5.989,1
2bdcfbd0,7947,5.9863,1
3e5bf6c,5425,5.989,87
204ce2cc,4809,5.989,1
6ad3645a,9003,5.989,1
261d10ab,4983,5.9671,1
e1dcbb4,8539,5.989,1
82dc5db,9232,5.989,1
4fb00c90,7874,5.989,1
3eb04088,9255,5.9863,1
706687bd,5261,5.989,84
16838777,4051,5.989,1
5998ddbb,4861,5.989,1
65107200,8559,5.989,1
218f5a70,9213,5.9918,1
2b3dd909,5364,5.9918,1
3457acd0,6215,5.9918,1
52b15828,4965,5.9918,1
9b6d4d4,8589,5.9918,1
5243575f,3967,5.9918,1
4c86b17a,6745,5.9863,1
2ae6f80b,6008,5.9918,1
453eb516,4335,5.9863,1
1d96d581,6648,5.9918,1
2239a293,6240,5.9918,1
6e16ecf,4323,5.9918,1
5bcdcacf,6118,5.9863,1
6beb42a5,4041,5.9918,1
40faa884,8229,5.989,1
2f38b732,6842,5.9918,1
3c887500,7597,5.9918,1
6ae7c66a,4126,5.989,1
1a168ba8,8332,5.9918,1
71336986,8178,5.989,1
2bd91c25,4689,5.9918,1
3ef22f52,9125,5.9918,1
54199e99,8331,5.9863,1
7afc0479,6219,5.9918,1
19270737,2936,5.989,64
368023fe,5600,5.989,87
5ea69695,4432,5.9918,1
4fe834e8,5382,5.989,86
2e758ee1,8564,5.9918,1
7cc3d9ef,2680,5.989,1
2457077d,2908,5.9918,64
3430889a,8713,5.9918,1
7faece39,14849,5.9918,1
158f2f94,4182,5.989,1
22c2fbb3,4643,5.9918,79
22a77108,6767,5.9918,1
20a7f13b,6634,5.9918,1
1063d9ed,8786,5.9918,1
654aa64c,7859,5.9918,1
2e61e305,6857,5.9945,1
7a7badf7,8684,5.9945,1
7459bfe4,5235,5.9945,84
6d0305f2,9073,5.9945,1
1ae536d4,8811,5.9945,1
5d4bb6d8,8302,5.9918,1
6c1551ce,4095,5.989,1
7af8bc93,4455,5.9945,1
43679ab7,6748,5.9945,1
363e3bbc,4638,5.9945,1
75329e65,5400,5.9945,1
36c3a6d5,7670,5.9945,1
9e088ba,8766,5.9945,1
1f87064a,4354,5.9945,1
76ad0913,4382,5.9918,1
31093fa1,5707,5.9945,87
11cbf245,8228,5.9945,1
1a57c25b,8603,5.9945,1
177f2cf3,2781,5.9945,1
9845a9e,8203,5.9945,1
71089838,4894,5.9945,1
24b5a2dd,9058,5.9945,1
5569c958,9282,5.9945,122
79685167,4633,5.9945,1
3b9f6fb2,4976,5.9945,1
10e482f5,14402,5.9945,1
25180189,8610,5.9945,1
31f39e30,8812,5.9945,1
3e203f7b,2759,5.9945,1
64ef89ee,9265,5.9945,1
6e3d8a4e,5706,5.9945,87
614ca581,4966,5.9945,1
7e8235f2,3107,5.9945,1
4ac5f3fd,5423,5.9945,87
76e5c046,6104,5.9945,1
2fb4a765,8458,5.9918,1
10d09e0f,9046,5.9945,1
4edf6185,2702,5.9918,1
1a60065a,5816,5.9918,87
2200fd80,8372,5.9945,1
7f120442,5574,5.9945,87
1a2d4a46,5184,5.9945,84
14c6560a,5250,5.9973,84
1843c06c,6213,5.9945,1
102849e9,5484,5.9973,87
41c9d05,8592,5.9973,1
6bc3a9d0,2740,5.9973,1
1bcca194,4231,5.9973,1
4979c405,5376,5.9973,1
3b12a8e4,7521,5.9973,1
2c1cfe34,2742,5.9918,1
29ed9c9a,5625,5.9945,87
5f162d5e,4276,5.9973,1
3e26e4b8,8489,5.9973,1
21a8f729,8450,5.9973,1
26f656f5,9247,5.9973,1
633a07fd,8362,5.9973,1
3b6115cc,4970,5.9973,1
d28aa19,14844,5.9973,1
6bdf052a,7579,5.9973,1
7c6c7955,6507,5.9973,1
7f8aa75a,8693,5.9973,1
4c3c52b9,5578,5.9973,87
40c4145,8677,5.9973,1
37dcd763,8562,5.9945,1
17e9e2bb,14885,5.9973,1
3df3276b,7519,5.9973,1
13f403f6,8013,5.9973,1
6bdbc8c,18204,5.9973,1
75946ea4,5413,5.9973,87
2d30a697,5185,5.9918,84
2d671118,6483,5.9973,1
9dc1425,6227,5.9973,1
3a844d5b,2811,5.9973,63
68787b9b,2836,5.9918,64
6cb3f5e1,5347,5.9973,1
441fe2fe,8799,5.9973,1
2d8bbb64,4029,5.9973,1
35fdc51b,14526,5.9945,1
461232b8,4193,5.9973,1
7d212096,2772,5.9973,1
70b61131,7595,5.9973,1
db3bbf9,5379,5.9973,1
d01e4cd,4278,5.9973,1
568f2d6b,4675,5.9973,1
54b3fccb,6304,5.9973,1
2741d6da,6312,5.9973,1
4715eaa7,7543,5.9973,1
4ee141a4,6709,5.9918,1
1df52f0,7699,5.9973,1
3853655e,14441,6,1
758ef7cd,8661,6,1
77ab423d,8093,6,1
68de618e,14718,6,1
5860cdd6,15096,6,1
7d15b9c7,5056,6,83
23534cf8,8621,6,1
21e1f7c0,9106,6,1
cf6e36b,8768,6,1
5226815e,14951,5.9973,1
6b2b336e,5263,6,84
455a963c,6571,6,1
7e8cc847,5850,6,87
18c69ab9,5414,5.9973,87
2a446a8c,4393,6,1
3b3ef28e,14769,6,1
23e8db5e,2685,6,1
fd78ec8,5432,5.9945,87
6ce85b4,7557,6,1
4a28bd61,4692,6,1
2fffbd51,4305,6,1
1c6dd7a8,8033,6,1
6e7c12b4,4745,6,1
6558f0b7,5482,6,87
613079af,6643,6,1
33f755ed,7801,6,1
415504ac,6056,6,94
4fb24780,4445,5.9973,1
2dada2d8,4359,6,1
24fcc2bd,9132,6,1
4de5d2ea,9206,5.9973,1
19239ed4,8443,6,1
10361291,8293,5.9945,1
50cdc92d,5001,6,83
12e600a3,14796,6,1
4ba000f5,8254,6,1
71f7e297,4078,6,1
51f5c4a2,4852,5.9973,1
6f4feb10,5476,5.9973,87
4d0e1d42,7891,6,1
3a3bd2e,5096,5.9945,83
7c8ca92c,14964,6,1
6c8bdac6,8936,6,1
51d23e18,8791,6,1
4f06a3c1,6626,6.0027,1
17a684b8,5738,6,87
56daa6c4,4042,6.0027,1
64b51b33,8303,6,1
24d7cb43,5865,6.0027,87
5eb57cb3,8781,6,1
5dda1d27,6499,6.0027,1
117ae92c,5739,6.0027,87
b6db593,5345,6.0027,1
7ec810a9,5790,6.0027,87
73f60972,14523,6.0027,1
3503bda9,14649,6.0027,1
532447b7,8864,5.9973,1
6d575822,8014,6.0027,1
5f9fb900,7648,6.0027,1
32416397,8379,6.0027,1
2e297163,5380,6.0027,86
66f7ffa,2954,6.0027,64
7707997f,4110,6.0027,1
204649f5,6077,6.0027,1
450196f7,6344,6,1
38eca102,4215,6,1
376dc9a3,4009,5.9973,1
736b0b01,14380,6.0027,1
61f0ed78,14500,6.0027,1
280f699f,4946,6.0027,1
75b6292d,14764,6.0027,1
565018d,4729,6.0027,1
5eae0799,4840,6.0027,1
6bc36f1d,14777,6.0027,1
2f78dc09,8185,6.0027,1
14484b0,8308,6.0027,1
c111dce,8098,6.0027,1
64ed0ab8,4152,6.0027,1
2462f5e3,5018,6.0027,83
54a9ddf5,2867,6.0027,64
3dd8cbfd,14799,6,1
5cc65288,4793,6,1
485285e5,5951,6.0027,1
181ca9f2,8390,6.0027,1
2b629aff,14838,6.0055,1
31beac13,14454,6.0055,1
4ac21efa,7863,6.0055,1
37ec7d69,6152,6.0055,1
1c46fd76,6011,6,1
79b857cf,7505,6.0055,1
866ac09,8230,6.0055,1
73a734ed,4832,6.0055,1
4cfc4722,4761,6.0055,1
1693b589,8304,6.0027,1
42c08507,14680,6.0027,1
7ffb6fb2,8637,6.0027,1
5190f238,4870,6,1
5a242a7e,7525,6.0055,1
1c8a7480,14877,6.0027,1
38a80e5c,5483,6.0055,87
6eff2a43,6075,6.0055,1
1d74ddf7,14841,6.0055,1
3272a7a6,8449,6.0055,1
30844110,14771,6.0055,1
560ba511,3505,6.0055,1
3a6fc917,6399,6,1
5a92d272,4384,6.0055,1
40fd25e0,9285,6.0055,1
22b0fd92,8751,6.0055,1
350a66b5,4421,6.0055,1
3c211876,18035,6.0055,1
706c5cc2,5877,6.0055,87
55956330,5392,6.0027,1
6865b9d0,6551,6.0055,1
33cc88f9,5320,6.0055,1
71ad45e,14503,6.0055,1
15820233,8638,6.0055,1
1be56ef4,6248,6,1
6b707f50,8769,6.0055,1
3c2ca987,6427,6.0027,1
6dc53278,6138,6.0055,1
5f8375f1,9301,6.0055,1
7b8b9174,7695,6.0055,1
68d33669,6644,6.0055,1
315edc,4776,6.0055,1
5908bfcc,8771,6.0082,1
6973b905,15069,6.0082,1
1d1a0067,8206,6.0082,1
6c0b0dd3,4294,6.0055,1
66c66930,6845,6.0082,96
7aac5cfb,14747,6.0082,1
37f872f1,7572,6.0082,1
3298448,9401,6.0082,124
9ce37df,4167,6.0027,1
5673f2f4,4621,6.0082,78
4e203745,5270,6.0082,84
3abbab8a,5311,6.0082,1
2ea657be,14806,6.0082,1
757f7351,6532,6.0082,1
3c52cb58,5299,6.0082,1
73875988,7701,6.0055,1
1a6c57a3,4908,6.0082,82
304e57bd,9128,6.0055,1
79cc0325,8455,6.0082,1
57b9d486,6835,6.0082,1
6fbab4da,9368,6.0082,124
2f10409d,8231,6.0055,1
7a0802ba,8688,6.0082,1
6da1097d,6927,6.0082,97
212d0364,6811,6.0082,1
74edfac7,4243,6.0027,1
6d691d38,8690,6.0082,1
2206d85e,7960,6.0055,1
40d0aca0,6533,6.0082,1
9ce70ea,5585,6.0055,87
255fbf26,4807,6.0082,1
3eff5288,5541,6.0055,87
1b5a08b2,6002,6.0082,1
5eaa12d5,8625,6.0027,1
65430a9,5654,6.0082,87
42fb49f9,8500,6.0055,1
62d48b21,14690,6.0082,1
2cbce84,9254,6.0082,1
92fd68c,7943,6.0082,1
71d51c6,8852,6.0082,1
6ed68cce,7851,6.0082,1
38c7d981,8483,6.011,1
4f2be3a3,16154,6.011,172
6c570732,5527,6.0082,87
1bc07400,6628,6.011,1
225508e1,14727,6.011,1
5a51cc91,14815,6.011,1
5d06f807,14627,6.0082,1
5b8b39f7,4928,6.011,82
4b2dffde,5312,6.011,1
41b5f45a,8809,6.0082,1
2b99faab,4409,6.0082,1
9bc37a3,4737,6.011,1
29df2aae,2841,6.0082,64
da8e344,4921,6.0055,82
6351d18f,5720,6.0082,87
77923ec,9357,6.0082,124
57a3e3f7,3866,6.011,1
1d5b8884,8305,6.011,1
79ed319b,15175,6.011,1
4590395a,5685,6.011,87
70ebef09,14498,6.011,1
7e66883,2895,6.011,64
3ec3d4bb,4782,6.011,1
76b724cf,8445,6.011,1
55e04012,4383,6.0082,1
37e99d35,4059,6.011,1
2007acca,7978,6.011,1
18d5af66,6012,6.0082,1
5da18b2e,5262,6.011,84
3813d6cb,5871,6.0082,87
774d1c5a,8456,6.011,1
c3637b3,7472,6.0082,1
39ad17cc,14559,6.011,1
1fae2bbc,4850,6.011,1
9e4bdf,8604,6.011,1
3d287fd0,5165,6.011,83
6cea0cce,8857,6.011,1
2773924,9159,6.0082,1
70c54a06,6348,6.011,1
eed6d31,8351,6.011,1
4a1b04c,14730,6.011,1
325d8c5e,4812,6.011,1
9583d28,6402,6.011,1
5397d37f,14689,6.011,1
36f6b8d9,14714,6.011,1
6897ed25,4250,6.0082,1
20ee3c62,6466,6.011,1
4d0f1f2b,15145,6.011,1
4e3c4623,9065,6.011,1
19956404,14476,6.0137,1
48c95678,8692,6.011,1
7d8afe0d,5268,6.0137,84
51aba2c1,14768,6.0137,1
7b3f938e,14978,6.0137,1
7884d27a,4836,6.0137,1
1cd3814c,4484,6.0137,1
632c59b4,5525,6.0137,87
7f59337a,5599,6.0137,87
61d4b93f,8398,6.011,1
4b84499e,8037,6.0137,1
2ae5346a,4060,6.0137,1
47354785,6813,6.0137,1
46d5472e,4770,6.0137,1
28c038a,8678,6.0137,1
6bad62fc,6111,6.0082,1
6c90963,2864,6.0137,64
2e34622d,14447,6.011,1
6a49d2a3,5260,6.011,84
83b1c33,5621,6.0137,87
881354a,6757,6.0137,1
464db728,8722,6.011,1
62b5b988,6659,6.0137,1
3b7d15a8,6174,6.0137,1
323ffb69,5331,6.0137,1
3395a301,6711,6.011,1
18caa6ac,4780,6.0137,1
1a5578e1,6092,6.0137,1
4464d01,5517,6.0137,87
497474e3,9364,6.0137,124
7f102a1c,6420,6.0137,1
4eb3d76f,8502,6.0137,1
1397e966,4738,6.0137,1
7ef2cf40,18179,6.0137,1
67ec3592,5209,6.0082,84
78aba5fd,8501,6.011,1
12120567,8391,6.011,1
6c2c9df3,9405,6.0137,124
3b2c0dbf,6810,6.011,1
3c7427b6,8425,6.0137,110
1955f988,5922,6.011,1
7ffd04c8,8863,6.0055,1
1b6efef8,4652,6.0137,1
7f6680d4,6455,6.0137,1
13253b63,5845,6.0137,87
e71f726,8262,6.011,1
d83668e,5031,6.011,83
385ec6d9,15063,6.0164,1
54ab6614,2831,6.0137,63
6eefb1c1,6907,6.0137,1
6f26a3fd,4766,6.0164,1
2180d8ce,2705,6.0164,1
2e14812c,7550,6.0164,1
6705399c,7506,6.0164,1
4064db1a,14594,6.0137,1
4af32fdb,14479,6.0164,1
5f0aa1df,6137,6.0082,1
457ed8ff,4617,6.0164,78
bf9c015,6572,6.0164,1
6d23767b,6034,6.0164,1
11eb6bae,15618,6.0164,172
3efd01f3,6408,6.0164,1
2300bda6,8412,6.0164,1
df79ff3,5764,6.0164,87
230bbe9b,8770,6.0082,1
48cb1f30,5362,6.011,1
3b80cc7e,9263,6.0164,1
3e2d28fc,9067,6.0164,1
68094453,14719,6.011,1
190bce3,2754,6.0164,1
2b7b25a4,5418,6.0137,87
593056a6,18205,6.0164,1
6d0ce845,5153,6.0164,83
4912e02f,6635,6.0164,1
1e2f5b39,4824,6.0164,1
3ca6bf73,8763,6.0164,1
5ada1a64,4968,6.0164,1
67785b27,2932,6.0137,64
2ddb9cd0,4272,6.0164,1
3935dc7f,7703,6.0164,1
2eb4a505,5255,6.0164,84
6795df4,4999,6.0164,83
5d27bef3,6403,6.0164,1
36bb5514,7959,6.0164,1
5473df03,14910,6.0164,1
2367bfa5,5938,6.0137,1
717707c9,3098,6.0137,1
6636fbbc,7961,6.0164,1
60611af,9373,6.0164,124
4cc75dab,6784,6.0164,1
54752b5,8465,6.0164,1
18190407,7993,6.0164,1
54fdb2ba,7827,6.0164,1
62404ae3,7696,6.0164,1
5a6edc4e,2951,6.0164,64
141c7905,2814,6.0164,63
2b7143c9,8990,6.0164,1
b30da3c,15008,6.0164,1
12204c7f,14766,6.0137,1
72d70b8a,8244,6.0164,1
5749084,7967,6.0164,1
24bae4e8,4846,6.0164,1
34e917b4,9182,6.0164,1
7e28c1f8,5062,6.0164,83
5ff98e09,5550,6.0137,87
2c97bcba,7549,6.0192,1
50bf4a2b,8556,6.0137,1
68a076c5,6178,6.0192,1
7bba241e,5584,6.0192,87
7d0dfca8,8516,6.0192,1
1496bcad,7977,6.0192,1
6ad935bf,4904,6.0192,82
401dc4dd,7483,6.0192,1
2be08445,6508,6.0164,1
1d0dff3,8133,6.0192,1
525e3394,6631,6.0192,1
220766bb,5932,6.0192,1
c92650a,4813,6.0192,1
23ff0a71,5959,6.0192,1
245776ba,4522,6.0164,1
3dfcfe35,5281,6.0164,84
7d7ee4a,8762,6.0192,1
22d966b5,8608,6.0164,1
792e4c1d,4312,6.0192,1
4d8637b4,6429,6.0192,1
4cd547e7,5427,6.0192,87
66530724,5022,6.0192,83
3c04408d,9048,6.0164,119
55017576,7488,6.0192,1
4c9b9683,8901,6.0192,116
5e44956f,7715,6.0164,1
624f6163,14791,6.0192,1
6aadffe9,6820,6.0192,1
2050d3a4,6760,6.0192,1
3eceff0b,5842,6.0192,87
603a8761,7974,6.0192,1
1aaf99e4,2850,6.0192,64
3cc4b4e6,5361,6.0164,1
753b22d2,8723,6.0192,1
410eb29b,9078,6.011,120
278873e7,5635,6.0164,87
3ef29074,14603,6.0192,1
12f308ca,5948,6.0192,1
26ddfa65,6066,6.0137,1
7123e4d6,2706,6.0192,1
42aeb212,4710,6.0164,1
6875eb03,8006,6.0192,1
28f9a73d,8815,6.0164,1
624a0b9f,6576,6.0192,1
2b0dcb61,4108,6.0192,1
1c84c230,8255,6.0192,1
5b6e1f50,4163,6.0192,1
69cae151,7512,6.0164,1
113992c7,7645,6.0192,1
202b2ee6,8380,6.0192,1
2c5979ca,6082,6.0192,1
7f35705b,7532,6.0219,1
2b5404eb,8457,6.0219,1
16f6bb33,4373,6.0192,1
3dc9a222,6397,6.0192,1
3370ca3,18202,6.0192,1
64c7b226,9290,6.0219,1
47cbb2ae,5460,6.0192,87
3763d0c7,5737,6.0219,87
c8a909c,9352,6.0219,124
558555a9,6406,6.0192,1
10f16225,8271,6.0192,1
4fc1d375,4704,6.0219,1
7a8b4d6f,14562,6.0219,1
660dc7a2,8976,6.0219,1
3edba58f,7577,6.0192,1
410c97e0,4799,6.0219,1
97aecf,14642,6.0219,1
51d35e85,5704,6.0164,87
82f49a8,9052,6.0192,1
10238e7f,5758,6.0192,87
6b3b72ff,6230,6.0219,1
380a7c16,5349,6.0219,1
4e2d5bef,4797,6.0219,1
73717533,14802,6.0219,1
1e110fc,18228,6.0219,1
31fd26b5,8394,6.0164,1
15abf146,9351,6.0219,124
6d8bd62d,6163,6.0219,1
3087a336,3971,6.0219,1
64644d90,4424,6.0219,1
3c741727,5101,6.0219,83
45966a6e,2961,6.0219,64
358b781,6415,6.0192,1
1f0955e2,8463,6.0192,1
161ed8ad,2686,6.0164,1
6cd117,3481,6.0219,1
60ad151a,7854,6.0192,1
268f5231,4951,6.0219,1
73fcb547,4325,6.0219,1
1347c025,6234,6.0164,1
1bca1292,8321,6.0192,1
4788d500,6068,6.0219,1
51c8063b,5754,6.0219,87
7c23a2cf,14539,6.0219,1
3736615b,5352,6.0219,1
421e2adf,18185,6.0219,1
36178268,8375,6.0219,1
27ffb34f,4825,6.0219,1
26adfe1c,14483,6.0164,1
300a43fd,6327,6.0247,1
462b48a5,5747,6.0247,87
610d412f,4895,6.0247,1
4213c582,4291,6.0247,1
481d0b6a,5428,6.0247,87
412eae60,8007,6.0247,1
1222aced,4168,6.0247,1
e50a06c,9008,6.0247,1
52b34bf1,14691,6.0247,1
72554c96,4517,6.0247,1
7517c3f5,6112,6.0192,1
7ecf5efb,6765,6.0247,1
252ae317,9223,6.0247,1
366b6e10,5269,6.0247,84
6e82b5b7,9081,6.0219,120
2541dbf9,8446,6.0247,1
21fd712c,9229,6.0247,1
41b14db8,6359,6.0247,1
4c0b80ed,5139,6.0247,83
375fbbd6,6235,6.0247,1
1c6a20d7,5817,6.0219,87
56d44667,4119,6.0247,1
4648b8b8,6286,6.0219,1
c833aac,4849,6.0192,1
41a2cf73,8879,6.0219,1
6630b01f,8593,6.0247,1
35315e5e,8577,6.0247,1
36bfad38,5855,6.0247,87
23fca719,5590,6.0247,87
5f8b5e58,4350,6.0219,1
74722d42,14395,6.0247,1
4b0e4e3c,5246,6.0247,84
1f6e63e2,5742,6.0219,87
13ec08,14537,6.0247,1
4611477c,14477,6.0247,1
23ec7ac1,6216,6.0247,1
106bbbf0,4655,6.0247,1
1a2aaf2e,6101,6.0247,1
5c663cf,4575,6.0247,1
49a0eeac,4869,6.0247,1
9daaf2b,9093,6.0247,1
464622e1,4926,6.0247,82
70a8f9fd,14652,6.0247,1
3e33bcca,8679,6.0247,1
624cffd0,4034,6.0247,1
1b45ba16,6150,6.0247,1
15ea8852,4735,6.0247,1
223aec03,5878,6.0247,87
1ccd162,4666,6.0247,1
47b1cf4,9289,6.0219,1
4512ac31,8645,6.0247,1
30bd1a64,14834,6.0247,1
579d9ad0,9115,6.0247,1
bddb06b,5249,6.0247,84
5bfef605,8263,6.0247,1
696db13,6357,6.0247,1
348b924,14739,6.0247,1
7dee0d3d,18181,6.0219,1
38b8e887,17000,6.0247,172
5e804913,6908,6.0247,1
72e2c218,5592,6.0219,87
3425c4f9,6629,6.0247,1
4ba6fe2a,5344,6.0247,1
73a40c70,5957,6.0247,1
693c1cf1,8451,6.0274,1
1597e852,6430,6.0274,1
1551a262,14390,6.0247,1
4645eb34,5561,6.0274,87
4f17bc99,9134,6.0274,1
65e81851,6632,6.0274,1
7d32e43c,5348,6.0274,1
14c7ace5,14817,6.0274,1
66c62990,6184,6.0274,1
43c98f89,4044,6.0274,1
29b080c8,5323,6.0247,1
39b19f,8652,6.0247,1
34566a5c,5316,6.0274,1
576482a1,14397,6.0274,1
25b84e55,4253,6.0274,1
585efa03,4448,6.0247,1
75c59700,8369,6.0274,1
383d756e,4159,6.0274,1
4b3f9942,9303,6.0274,1
649eecc4,4837,6.0219,1
37f91b99,4909,6.0274,82
3d3a1ac0,5532,6.0274,87
6eff8e0c,7988,6.0274,1
35b6f3c6,8452,6.0274,1
593dff18,4721,6.0274,1
4ad6c037,9376,6.0274,124
27d73fb7,8405,6.0274,1
35ca4aaf,4397,6.0274,1
3b9b631,8974,6.0274,1
7f920909,5393,6.0247,1
4103796,6036,6.0247,1
61a6abcb,5310,6.0274,1
65e0a62,8810,6.0274,1
48183ca6,18182,6.0247,1
49fb6a65,14818,6.0274,1
272daeed,17023,6.0247,172
7381b130,4326,6.0274,1
57ab838,9249,6.0274,1
c0e493d,4929,6.0274,82
46867111,9127,6.0274,1
469ec497,5540,6.0274,87
70f86649,6046,6.0274,1
3868f545,6103,6.0274,1
5a501064,2883,6.0274,64
219f330e,9126,6.0274,1
68032108,6345,6.0274,1
528689a6,5306,6.0274,1
16baca94,8205,6.0274,1
26b01ea8,9224,6.0274,1
598d05e6,6407,6.0274,1
359143fd,8356,6.0274,1
28f774be,5560,6.0274,87
785351af,5889,6.0274,87
6859e55e,4581,6.0274,1
4ebae3a3,9310,6.0274,1
7fa97da7,4927,6.0274,82
6ce8b468,9227,6.0301,1
4bbccfbe,5318,6.0301,1
52828a91,2723,6.0301,1
66728123,7728,6.0301,1
5e5486eb,7842,6.0301,1
4f902271,5377,6.0301,1
627cd502,4734,6.0301,1
24ec0dde,6638,6.0301,1
56e5ebf9,9117,6.0301,1
18a8c8fe,6061,6.0301,1
1cf8ca2c,4878,6.0301,1
583eb690,8819,6.0301,1
21fd244d,6236,6.0301,1
7fccf7b4,4930,6.0301,82
25bfebcb,6583,6.0274,1
1e55643b,8122,6.0301,1
408fd1c8,2707,6.0301,1
5866ff3a,9274,6.0301,1
25db64e,8980,6.0301,1
4811335c,5095,6.0301,83
762eaa07,6167,6.0247,1
195e14d7,7792,6.0301,1
765e2e74,8419,6.0301,1
2aac7213,9393,6.0301,124
37147830,7758,6.0301,1
34698247,3859,6.0274,1
5df8c0b1,4706,6.0301,1
5a5278f4,5264,6.0301,84
4e935e76,9091,6.0274,1
4ade09df,4079,6.0301,1
36109659,14621,6.0247,1
2df63562,3960,6.0274,1
64aa6df0,5662,6.0301,87
301eeffd,6753,6.0274,1
5441f6cc,4896,6.0274,1
27b74da7,8399,6.0301,1
28e05f9,8790,6.0301,1
1ecf6def,6003,6.0274,1
293d562b,4256,6.0301,1
2938962,6642,6.0301,1
6e1b25f6,5999,6.0301,1
42e15605,5093,6.0301,83
1c485401,8724,6.0301,1
790de272,5672,6.0301,87
3ac27f76,4853,6.0329,1
dc1c94d,4127,6.0329,1
53776ca8,4618,6.0301,78
45ff1ac6,5336,6.0301,1
52f51d47,5942,6.0329,1
6c6fe4c0,8019,6.0329,1
6db7b37a,2694,6.0329,1
2d1244d5,8208,6.0329,1
6f67d3a1,7884,6.0329,1
71de0c9,14480,6.0301,1
3a89e3c6,5861,6.0247,87
295359b3,7877,6.0301,1
78f87de3,6322,6.0329,1
100bc19d,4392,6.0301,1
3aa6c942,8294,6.0329,1
65699789,6182,6.0329,1
5644c456,14954,6.0329,1
6de8ac18,8388,6.0329,1
23218f11,5854,6.0301,87
add9123,2710,6.0329,1
7a4b925a,7649,6.0301,1
52eb7967,7803,6.0329,1
7d1d2d2c,5622,6.0329,87
205941ab,6405,6.0274,1
1b2fef25,6870,6.0329,1
3dd06758,5730,6.0301,87
34f911c4,4820,6.0329,1
20993e3a,5452,6.0329,87
442bbbcb,9276,6.0329,1
7afffeb1,9251,6.0329,1
6f4b71b,6139,6.0301,1
6ff53111,8404,6.0329,1
39789984,6855,6.0329,1
76192ac7,5105,6.0329,83
78b0706e,5572,6.0329,87
739658c3,4324,6.0329,1
507965c5,4268,6.0329,1
16c2ab62,8714,6.0329,1
68ef4a9,5542,6.0247,87
2932e46f,5430,6.0301,87
6f3945b6,14783,6.0356,1
6823f1ca,5140,6.0329,83
73efe646,14752,6.0329,1
70f5dae2,8993,6.0329,1
5eae36aa,2962,6.0356,64
16e72861,6275,6.0329,1
4e5a590f,4379,6.0356,1
39804caf,8685,6.0329,1
35d1500f,6263,6.0356,1
6b2dbe9d,9056,6.0329,1
15bffb2f,4328,6.0356,1
77a310d6,7680,6.0356,1
4cfddfb9,6822,6.0356,1
7313af01,14965,6.0356,1
754c3ea8,14462,6.0356,1
1a86b577,5741,6.0356,87
3824b189,15149,6.0356,1
56217a2b,8291,6.0356,1
428cb739,7698,6.0274,1
6d0e9f12,8582,6.0356,1
70bbd3c3,4749,6.0356,81
77478b36,9074,6.0329,1
56803d9f,5668,6.0356,87
7dbf9010,5218,6.0329,84
16de9ec8,6401,6.0356,1
2d161fdd,8464,6.0356,1
a044039,7979,6.0356,1
136ba864,9059,6.0356,1
3d604401,8903,6.0356,116
cfd8881,8989,6.0356,1
20955c87,6625,6.0356,1
838d524,9057,6.0356,1
465e64cf,5333,6.0301,1
79217049,6175,6.0356,1
31e31f4a,5609,6.0356,87
73da7a8e,6713,6.0356,1
3d051024,7520,6.0356,1
8487357,7601,6.0356,1
7c900cf3,2868,6.0356,64
7a19e92f,7724,6.0356,1
5ab7f2e8,5687,6.0329,87
4f264daa,8881,6.0356,115
4bf5dd2,7523,6.0356,1
58ef6ee9,9275,6.0329,1
31da9cfb,6106,6.0356,1
644c19b5,8735,6.0329,1
541f089a,5383,6.0356,86
292944ae,5570,6.0356,87
19938a7f,5803,6.0356,87
5786cd94,6346,6.0356,1
325ebedb,5057,6.0329,83
1e292bd2,4726,6.0301,1
7dc6008d,8381,6.0356,1
1c4d88cc,9144,6.0384,1
5ba245f8,6004,6.0384,1
c0282e5,8008,6.0384,1
418d3980,6467,6.0356,1
31f6c295,9111,6.0384,1
fd2566,7904,6.0329,1
479669b9,5276,6.0384,84
7832dcd6,5965,6.0384,1
36e6d368,7676,6.0384,1
60bf7c9f,9150,6.0384,1
65030227,6228,6.0384,1
48560831,5591,6.0384,87
4fb399c4,7507,6.0384,1
2eb60abb,5002,6.0356,83
21093888,4819,6.0384,1
11846453,4308,6.0384,1
3ac9f3b2,7573,6.0301,1
42a6635a,6836,6.0384,1
11011653,6630,6.0356,1
40209e85,4972,6.0384,1
459e23ea,7646,6.0384,1
1188af73,7677,6.0329,1
79ad18b2,6052,6.0384,1
c8c3056,4920,6.0384,82
7d412e2e,14493,6.0384,1
29e6f5c2,2958,6.0356,64
12845a8e,6846,6.0356,1
381f00c4,6169,6.0329,1
6d234fdc,6140,6.0384,1
55fc8911,6265,6.0356,1
2138fdde,6728,6.0384,1
3fee54de,5994,6.0384,1
7f377ac7,8193,6.0384,1
4eb2c031,8880,6.0384,1
28821234,7772,6.0384,1
6507eb5e,6851,6.0384,1
2122447b,7652,6.0356,1
7949ab26,7938,6.0356,1
41e20589,4956,6.0384,1
59f67500,7714,6.0356,1
1be55bf0,4994,6.0356,1
2857d56b,8336,6.0356,1
1c735bdc,8578,6.0329,1
4d6cdb96,2950,6.0329,64
7ce72310,7894,6.0356,1
484da6e,7739,6.0356,1
6a8d5d6a,5598,6.0384,87
6ca6565c,7492,6.0384,1
47bd8035,4088,6.0384,1
207c471,6456,6.0384,1
2e1bf56,5301,6.0356,1
5cab1de0,14422,6.0384,1
7e609314,8573,6.0384,1
773c8268,8104,6.0384,1
4ba4e4b2,4696,6.0384,1
44b0e99f,8749,6.0384,1
40f0a8f4,5309,6.0384,1
534c5d40,5494,6.0384,87
3f21a2ef,6774,6.0384,1
7c9e5885,8191,6.0384,1
396cf8ea,7805,6.0356,1
8fb14da,4898,6.0301,1
3a7fe9f0,8654,6.0329,1
16c15b12,6902,6.0384,1
342bc44a,8468,6.0384,1
6a5ec18d,16179,6.0384,172
32dfee64,14563,6.0384,1
3a5345d8,14463,6.0384,1
7fa60b0b,8322,6.0356,1
15c59921,8702,6.0411,1
98b60bd,6989,6.0411,97
29d699d1,5705,6.0411,87
666731b3,14418,6.0411,1
5f52a0cf,4223,6.0411,1
d8ead10,8092,6.0411,1
100ba561,7580,6.0411,1
4fbef47a,4061,6.0411,1
520619a,7833,6.0384,1
7dbeaa03,6331,6.0411,1
30532878,14845,6.0411,1
876072c,4988,6.0411,1
e5c8b09,8997,6.0411,1
63ac673,6126,6.0411,1
2f033e24,6310,6.0411,1
1774138f,14840,6.0411,1
495dfd1f,2909,6.0411,64
7d1ad6ab,4673,6.0411,1
2dc38e25,6072,6.0411,1
1b0777a7,9035,6.0384,1
2c58e723,14415,6.0356,1
11980958,5422,6.0411,87
75cc38d,6173,6.0411,1
365fc7e5,8058,6.0411,1
75871a9,5384,6.0411,86
164534c6,6735,6.0411,1
1298404b,8613,6.0411,1
7dcfb8d2,4667,6.0411,1
1cee5c4d,5711,6.0384,87
5446d0da,8902,6.0384,116
6b1a2d90,7973,6.0411,1
18393a77,6837,6.0411,1
6b130109,4631,6.0384,1
5713412,6549,6.0411,1
6753f466,4010,6.0411,1
5d9f33b1,4609,6.0411,1
2e776a42,15170,6.0411,1
222a0a3a,2910,6.0411,64
5aa23add,2852,6.0356,64
717597e8,9283,6.0411,122
7e048883,14504,6.0411,1
6b34c87b,8574,6.0411,1
193d74fd,5021,6.0411,83
6ac62bd2,18229,6.0411,1
5202c1d5,7718,6.0411,1
3c3870b4,8653,6.0411,1
8980b86,4057,6.0411,1
45a26dfe,4055,6.0384,1
374a632b,8767,6.0411,1
7382007e,4411,6.0411,1
14f47938,8546,6.0411,1
3b8ee1b3,8018,6.0411,1
6d15b6a1,8581,6.0411,1
922d313,3860,6.0411,1
6a40a3b9,14795,6.0411,1
2c2334fb,4857,6.0411,1
268f443b,5843,6.0411,87
3326746,5789,6.0411,87
66ef4ef5,4789,6.0438,1
794ab370,5406,6.0438,1
16f88a8b,5369,6.0384,1
4a8aaaf3,7971,6.0438,1
560eddb1,7950,6.0411,1
5990ede6,9151,6.0438,1
6ae4578e,7734,6.0438,1
463f1bf5,7810,6.0411,1
7af33533,8027,6.0411,1
280d4434,8560,6.0438,1
37cfaef4,1964,6.0438,50
3b24c477,4686,6.0411,1
170c1ee9,7009,6.0438,97
74b5eb96,4514,6.0438,1
36db3dd0,8627,6.0438,1
7c299df1,5030,6.0411,83
ba52fcb,4711,6.0438,1
232eb74a,7903,6.0384,1
f0d2005,2832,6.0384,63
50178c72,9264,6.0411,1
3f4d1e1d,14488,6.0411,1
f3bda10,9162,6.0438,1
2d42774b,15154,6.0438,1
415a0a8d,4316,6.0438,1
1630594d,6404,6.0438,1
470aeac1,4854,6.0438,1
794c2544,8015,6.0438,1
68534682,9400,6.0438,124
7c3d80f4,5900,6.0438,87
6cf12150,5551,6.0438,87
1e42d456,9434,6.0438,124
748f4f8f,5247,6.0438,84
628e373f,14878,6.0438,1
61a70ca,5740,6.0438,87
16307add,14786,6.0438,1
38016eb7,8814,6.0438,1
732e32ea,9099,6.0438,1
7dd3f837,8876,6.0438,1
281a4b67,6782,6.0438,1
3de93a2b,4153,6.0384,1
335345c2,6071,6.0356,1
3f52e61e,4081,6.0438,1
5da2b383,2856,6.0438,64
27199a23,6220,6.0411,1
5355c489,4451,6.0411,1
7b9fbaeb,14389,6.0438,1
6a7be8bd,5714,6.0438,87
2871670b,9066,6.0438,1
22e7e613,8243,6.0411,1
54c0baf,9198,6.0438,1
336930b0,16584,6.0438,172
2f54b751,4490,6.0384,1
5e8b2cc6,8547,6.0411,112
584a7c7c,8776,6.0438,1
25c69a70,8885,6.0411,115
238834c1,14617,6.0411,1
523c5273,4497,6.0466,1
4338475e,9075,6.0438,1
21744dc4,4993,6.0466,1
ba5ceb6,14546,6.0466,1
3b3aaa7b,8306,6.0466,1
3a3918f5,14524,6.0466,1
3920681b,8339,6.0466,1
1cd5c1f7,4317,6.0466,1
7252d964,6025,6.0466,1
142460de,4531,6.0411,1
5e896b,14641,6.0466,1
3a0459cb,4739,6.0438,1
86cfd05,5879,6.0466,87
6c918c95,6613,6.0438,1
187055bd,7485,6.0466,1
a29d79,9135,6.0466,1
74918dca,4374,6.0466,1
6fc9ccbd,4634,6.0466,1
f5c00f5,4893,6.0466,1
151b711e,8364,6.0438,1
1466f91,4015,6.0466,1
204be720,6717,6.0438,1
73889cb5,6347,6.0466,1
7ee42df5,9231,6.0438,1
4f7f0074,6279,6.0466,1
1220b04,14484,6.0466,1
332ad656,2847,6.0466,64
4ca745f4,5655,6.0384,87
7bec80b4,8575,6.0466,1
6a87cee6,2853,6.0466,64
16037707,5581,6.0438,87
f7a2d86,14943,6.0466,1
79045178,5098,6.0466,83
5f1887b3,9015,6.0466,1
2fc74eae,5307,6.0466,1
667297cc,4329,6.0438,1
3256851a,5812,6.0438,87
12d37aeb,6786,6.0411,1
6c1e88cb,8295,6.0466,1
37ca9ba1,6762,6.0411,1
4574a663,6739,6.0438,1
438c8582,5443,6.0466,87
5b4c15e8,14446,6.0466,1
38389ab3,8738,6.0466,1
589f6469,4750,6.0466,81
7f984a6d,7589,6.0466,1
4440f323,4360,6.0466,1
260298da,8234,6.0411,1
3851141a,8699,6.0466,1
1bce9355,7972,6.0466,1
26b86963,7939,6.0466,1
65225f7c,6315,6.0411,1
55e36606,2825,6.0466,63
3a5803d4,5294,6.0493,1
5f4e968d,14494,6.0493,1
6213b06d,14445,6.0466,1
5c411f05,5035,6.0466,83
adad5a6,4016,6.0493,1
28e0fba7,4199,6.0493,1
667d7beb,4442,6.0493,1
1c419253,5325,6.0438,1
379095a8,4096,6.0493,1
18826d3e,8805,6.0466,1
15adefe6,5370,6.0493,1
56e240a,9214,6.0493,1
36e0dcda,4273,6.0466,1
3d00aca5,8004,6.0493,1
4728a63c,9064,6.0411,1
339284a7,8515,6.0493,1
3a48803,8447,6.0493,1
3bf96956,6747,6.0466,1
39623153,4640,6.0466,1
1e722d64,14785,6.0493,1
39b15a39,4289,6.0493,1
49f23780,5221,6.0466,84
61b26f44,7837,6.0493,1
6b4417d8,5076,6.0493,83
6e24771b,7637,6.0466,1
5df79874,9377,6.0493,124
5e1ea7d,8055,6.0493,1
77fa3e25,4264,6.0466,1
77db6dca,9025,6.0466,1
3a8a4085,14541,6.0493,1
5b5f4b98,8583,6.0493,1
482d251d,7727,6.0493,1
51e7e08c,15089,6.0493,1
7d7e7247,14604,6.0466,1
15988b05,2912,6.0493,64
34ba11a5,6720,6.0493,1
5ab7643e,4871,6.0493,1
5455c965,6946,6.0466,97
405438ac,6660,6.0466,1
5c4a049,5736,6.0466,87
6197ae6d,8789,6.0493,1
e0a0f5,8307,6.0493,1
7a044f6d,3108,6.0411,1
5ae26e8c,15176,6.0493,1
6da477b,4777,6.0493,1
3b8b85d,5072,6.0493,83
5b9fe060,17178,6.0493,172
12407391,6607,6.0493,1
46f50f3d,4773,6.0493,1
3b1bba2c,6078,6.0493,1
122c25f4,5143,6.0493,83
492dee,9394,6.0493,124
24714167,8550,6.0493,1
35bc6283,7655,6.0521,1
5bde0fee,14505,6.0521,1
12316f26,5768,6.0521,87
27159e66,8207,6.0521,1
3ce56e7e,6249,6.0521,1
6a9bab1b,6884,6.0521,1
411178d9,7484,6.0521,1
58c06782,8432,6.0521,110
4fc1747a,9053,6.0521,1
78b5cdea,14696,6.0466,1
32a8b595,15067,6.0521,1
698f3835,7697,6.0521,1
2da9e3da,6370,6.0521,1
7b25b118,4823,6.0521,1
c56b7f4,6807,6.0521,1
1c8878db,7545,6.0493,1
7eddffa3,4762,6.0493,1
28a63c11,15029,6.0521,1
1176c7e6,5138,6.0521,83
4e672bb3,15036,6.0521,1
5f56e53b,16176,6.0493,172
37568a07,5709,6.0521,87
46091c74,8252,6.0521,1
61e7aaa4,7036,6.0493,97
16aa3f98,14740,6.0521,1
7e3d6f4b,5972,6.0493,1
70d93644,7522,6.0521,1
2cb70071,6067,6.0493,1
6b26bc80,6305,6.0521,1
7ef4c198,4864,6.0521,1
33e173a4,7578,6.0493,1
4726a314,14710,6.0521,1
53869709,4296,6.0493,1
d1ae345,6130,6.0521,1
55ba1b7f,4783,6.0493,1
27f62cdf,9287,6.0493,1
1a750a6c,6117,6.0521,1
1f919bbe,8343,6.0521,1
2e295c35,4722,6.0521,1
69b295b0,7990,6.0521,1
37495cf3,5650,6.0521,87
55d061c,9337,6.0521,124
5373302c,8636,6.0521,1
16823162,15082,6.0521,1
21c0a211,4872,6.0521,1
1b55bf9e,2773,6.0521,1
184387c7,8095,6.0548,1
5c93cc1e,5731,6.0548,87
31935c76,8020,6.0548,1
22737fca,6293,6.0548,1
369d6207,6729,6.0548,1
12698eef,4971,6.0521,1
50d85380,6524,6.0521,1
7b83d501,2916,6.0548,64
26531d2c,4736,6.0548,1
7893e1ff,14644,6.0548,1
6ac5f93e,8680,6.0548,1
f0b02ba,14778,6.0521,1
3d523212,8536,6.0548,1
318fd40a,5862,6.0521,87
6b24b60d,6761,6.0548,1
56f447dd,14685,6.0548,171
13bd4834,18186,6.0548,1
4474862b,4120,6.0548,1
b94352b,4177,6.0548,1
44e4a210,5518,6.0521,87
7faa512b,8376,6.0548,1
6af5a02,5579,6.0548,87
668ac122,14453,6.0548,1
4c1d9db5,15058,6.0493,1
69ed6cc8,8506,6.0548,1
4af9fc43,7930,6.0548,1
6193ae14,7864,6.0548,1
1d90976e,7551,6.0548,1
2d23c62f,6727,6.0548,1
df3060b,14737,6.0521,1
71eceaaf,14556,6.0548,1
685e381b,15139,6.0548,1
7ccfc6d,8012,6.0548,1
5b7f9981,2877,6.0548,64
4e290fbb,4979,6.0548,1
58063d43,7787,6.0548,1
5ae509d1,8981,6.0548,1
410148b8,7717,6.0548,1
66157288,6540,6.0548,1
60c7fd26,8681,6.0521,1
9422858,6615,6.0548,1
42cdf540,6847,6.0521,1
7703a9d3,8413,6.0548,1
f814ea3,6131,6.0548,1
5070bcb8,7908,6.0548,1
48e85e06,8632,6.0548,1
65a2d5ae,14444,6.0521,1
60d36bef,4247,6.0493,1
35938e31,9235,6.0548,1
3f01eeeb,5282,6.0548,84
4cfd4300,5285,6.0493,84
378ac563,14959,6.0548,1
1e4127a5,9430,6.0548,124
2e07e430,5652,6.0548,87
8c447b3,7561,6.0548,1
69043a15,5283,6.0548,84
7e6f449f,9246,6.0548,1
6f580906,14842,6.0521,1
20466372,8940,6.0548,1
458b2281,8557,6.0575,1
d176cb7,6641,6.0575,1
9589a36,8598,6.0575,1
26e7b222,5338,6.0575,1
7802b7a5,16164,6.0575,172
3a641355,14816,6.0575,1
7f9b9ac3,4001,6.0575,1
ca0a27a,6171,6.0575,1
41e400f2,1963,6.0548,50
5a09cc4e,8576,6.0575,1
534c87f8,9416,6.0575,124
49d75be4,5029,6.0575,83
28d531bc,14846,6.0575,1
3caae354,6830,6.0575,1
107c14aa,5943,6.0548,1
6307753a,8021,6.0575,1
62dee037,9354,6.0575,124
9051f7b,3225,6.0575,67
79ac83b5,4877,6.0575,1
21da871f,5651,6.0575,87
3490144b,6627,6.0575,1
154f2b65,6439,6.0575,1
8e3b352,4513,6.0575,1
7d742f2e,6838,6.0575,1
49f25e87,5834,6.0575,87
258a50df,8204,6.0548,1
30e61e1f,4141,6.0575,1
6c375a72,6087,6.0575,1
376a3715,6428,6.0575,1
43c05f6e,8096,6.0575,1
62bef0ee,6015,6.0575,1
4091958f,14387,6.0575,1
58204eea,4714,6.0575,80
40077d64,9215,6.0575,1
16355bdc,14544,6.0575,1
70810490,9261,6.0575,1
3cf0cae2,8873,6.0575,1
47676c45,6712,6.0548,1
7bb024ce,8120,6.0575,1
3ed1aac,7533,6.0493,1
397067e9,5407,6.0575,1
458921c6,6076,6.0493,1
547fdc3d,4948,6.0575,1
3f65fbed,7970,6.0575,1
5436aed7,5952,6.0603,1
6ec3d497,6770,6.0548,1
62c84f98,4491,6.0603,1
81966df,4682,6.0603,1
72e27abf,5363,6.0603,85
13c32222,6282,6.0603,1
63d42ba1,7631,6.0603,1
71f1f900,4720,6.0603,1
43c01ccc,5106,6.0603,83
2296b189,14647,6.0603,1
284e45cb,7994,6.0603,1
6a05fa40,6872,6.0575,1
29e0adb0,7602,6.0603,1
353ec9a7,5575,6.0603,87
3eed5bfc,7751,6.0603,1
645731f7,3985,6.0603,1
21c510c7,6222,6.0603,1
de4b462,14923,6.0603,1
326022ed,14496,6.0603,1
59022c99,7493,6.0603,99
40776c7,9293,6.0603,1
6dc2e967,5750,6.0603,87
d4d0da8,9269,6.0548,1
25a2ffc7,8992,6.0575,1
6d8c790e,8670,6.0575,1
52828b36,5317,6.0603,1
3747fc83,8600,6.0575,1
24fb2275,4931,6.0603,82
529616b,6561,6.0575,1
b632cc9,14551,6.0575,1
4d7ecda8,5751,6.0603,87
45d59360,14750,6.0603,1
bb99088,9110,6.0603,1
f06be89,14751,6.0575,1
19aee052,5017,6.0603,83
22866d42,8529,6.0603,1
4ba1a4e1,8426,6.0603,110
6f8418d3,6652,6.0603,1
cdb50cd,7839,6.0603,1
62999d74,5863,6.0603,87
73e40018,6716,6.0603,1
5ffaffd1,5508,6.0603,87
35a43429,2755,6.0603,1
4fc792d8,8209,6.0603,1
63af5768,8579,6.0575,1
4d731454,4410,6.0603,1
1e442922,5699,6.0575,87
a5553bf,6881,6.0603,1
1358518a,14770,6.0603,1
46dc3601,9628,6.0603,126
79ee0ac1,15172,6.0603,1
598666e8,8277,6.0575,1
883a853,5804,6.063,87
2f48fb7c,8941,6.0603,1
26f95456,6901,6.063,1
4ca2d747,2899,6.063,64
264fc763,8987,6.063,1
59762fb0,5457,6.063,87
310dacf9,8736,6.063,1
75835d16,8342,6.063,1
5d3a056a,5314,6.063,1
778e965,9316,6.063,1
332d5efb,6673,6.063,1
3e310ca1,2845,6.063,64
7e42e9c3,7719,6.063,1
4b80746b,4515,6.063,1
12832166,8804,6.063,1
4d048a3d,14836,6.063,1
6f0d66e7,5158,6.063,83
56f8cda,5069,6.0603,83
e6c1500,4954,6.063,1
213e02a5,8238,6.063,1
480231dd,6314,6.063,1
31726d5b,8772,6.063,1
5f58ba60,6049,6.063,1
ea2a004,14886,6.0603,1
5777f4d4,4314,6.063,1
75cd53d4,4629,6.063,1
506dcef,5773,6.063,87
6f5c7cb7,8853,6.0603,1
6dfd5b1e,5868,6.0548,87
74e543d8,9204,6.063,1
1cdcd8c4,6869,6.063,1
3107b78,6210,6.063,1
fa51669,14540,6.063,1
5ecb86e0,5147,6.063,83
51807fc6,7486,6.0575,1
43ca811c,8835,6.063,1
2b6097ca,9011,6.063,1
2babf265,7936,6.063,1
c1aaf27,4310,6.063,1
5e369f2d,6885,6.063,1
71478de6,5562,6.0575,87
58b7171,8179,6.0603,1
5c318570,5755,6.0603,87
3614a62c,8392,6.0575,1
7bf135b5,3986,6.063,1
25afd343,6444,6.063,1
75e5d883,6734,6.063,1
665325d5,6964,6.063,97
147de837,7641,6.063,1
6867d978,5278,6.063,84
4331f6da,5649,6.0658,87
4f931430,7690,6.0658,1
5ab20cb2,8705,6.0658,1
3bf48772,14694,6.0658,1
1469ec81,5237,6.063,84
6beb1e54,4712,6.0658,1
102c6f4e,5774,6.0658,87
2354a847,8220,6.0658,105
1d584de1,7019,6.063,97
4749cbef,4623,6.0658,78
1d8aa5d,14550,6.063,1
1c1f2a63,8959,6.063,1
2fb58e0a,7832,6.0658,1
5c90d2ad,15159,6.063,1
558f6c63,14612,6.063,1
9e131c2,5337,6.0658,1
1d2a0bf5,8703,6.063,1
4e3dbd51,8137,6.0658,1
30260883,5921,6.0658,1
33e01553,4355,6.0658,1
17681023,4336,6.0603,1
69bfac38,5353,6.0658,1
4e9a9f7c,6391,6.0658,1
47fd3918,8517,6.0658,1
479f5374,2937,6.0658,64
74e68c59,7189,6.0658,97
60ac2091,7564,6.063,1
4eb7e065,4933,6.0658,82
738e1e34,14662,6.0658,1
33cad058,14419,6.0603,1
3263c618,6409,6.0658,1
1591d9b2,5489,6.0658,87
67d5198b,6722,6.0603,1
4326acf9,4707,6.0658,1
5688ec3b,6237,6.0658,1
405a6517,7949,6.0603,1
3358f93d,8352,6.0685,1
91ff177,14987,6.0685,1
25f73554,14407,6.0685,1
90874f4,7565,6.0685,1
7f3f5048,5045,6.0685,83
6cdef065,5890,6.0685,87
21208096,9431,6.0685,124
709f253f,9342,6.0685,124
3a7a400c,14485,6.0658,1
3f42fa1b,18119,6.0685,1
2404784e,4851,6.0685,1
2dbb172c,5715,6.0685,87
45a948b7,2949,6.0685,64
6d13f03b,8387,6.0685,1
46b988c1,4731,6.0658,1
6ad233df,4953,6.063,1
1f254bde,14629,6.0685,1
10c6447d,15178,6.0658,1
62a6ec76,8051,6.0685,1
19116736,8784,6.0685,1
2cdfb471,14561,6.0685,1
284d5d,18196,6.063,1
e98f83b,7479,6.0685,1
5b0870c2,2952,6.0685,64
49329442,8225,6.0685,1
189fcd29,4925,6.0685,82
518fb721,5295,6.0685,1
8d665dc,4693,6.0658,1
499953b2,16165,6.0685,172
14545e47,6023,6.0685,1
72443f61,14607,6.0685,1
5e5eb8b7,5686,6.0685,87
5d59740d,8022,6.063,1
d9b421,9120,6.0685,1
52983323,9013,6.0685,1
6bc9bf87,4274,6.063,1
38253aa8,8354,6.0685,1
1315a61b,9060,6.0685,1
57a5168,8891,6.0685,1
7270207a,9262,6.0685,1
5698d13e,6421,6.0685,1
2369e3c7,5538,6.0658,87
32886d78,6371,6.0658,1
c93304c,4195,6.0685,1
5bb5d1a7,8488,6.0685,1
37ae66cd,14391,6.0685,1
463c3eed,5851,6.0685,87
53b86736,14501,6.0685,1
26f5bc0f,9002,6.0685,1
62a92e12,6123,6.0685,1
4545affc,5602,6.0685,87
5554e1b5,6604,6.0658,1
5eca3ad4,4646,6.0685,79
75b846a1,8134,6.0685,1
1d6a3da5,18208,6.0685,1
6fc13ef4,7745,6.0685,1
6052b542,14784,6.0658,1
57686aa7,4101,6.0685,1
1b23f2fa,7956,6.0685,1
7d7349f4,6392,6.0685,1
8fe0bbd,8499,6.0685,1
1cd77557,7552,6.0685,1
63c8ca49,7489,6.0712,1
18e7f015,6903,6.0712,1
7fbc2614,9034,6.0712,1
76769bd,9109,6.0712,1
203dd9cb,14543,6.0712,1
77de281,4433,6.0685,1
2d31ddda,9164,6.0712,1
2e1be1ab,9199,6.0712,1
47cdab98,8289,6.0712,1
196fe8fc,6416,6.0685,1
2cb017e7,4090,6.0712,1
257950ed,6160,6.0685,1
6b443608,6484,6.0712,1
6ea8533e,8498,6.0712,1
3c5b80b,4811,6.0712,1
650b8887,8548,6.0658,1
a9a42f3,9112,6.0685,1
4024c1de,14798,6.0712,1
6e8f2c31,8716,6.0712,1
57f9ced7,6568,6.0712,1
14a0717d,8337,6.0712,1
fac8301,7706,6.0712,1
69e0991b,4449,6.0712,1
8ce939b,5404,6.0712,1
7e99deb2,15093,6.0712,1
60fa6580,8848,6.0712,1
670f38c0,14542,6.0712,1
cd01bab,8393,6.0712,1
6195636b,6808,6.0712,1
51c95da5,9208,6.0712,1
4f9eb664,9006,6.0712,1
439ff17f,7871,6.0712,1
95b4c5c,7764,6.0712,1
12e41ca7,5350,6.0712,1
2873b509,5339,6.0712,1
14dbad71,5485,6.0712,87
47312a1a,7867,6.0712,1
7582077f,8859,6.0685,1
40ec3f3b,5025,6.0712,83
915a272,8937,6.0712,1
47ba38b0,8725,6.0712,1
22e666c7,8212,6.0712,1
3d29047,15183,6.0712,1
7ae116c1,6519,6.0685,1
2770a47d,7586,6.0712,1
5ffccb5a,5119,6.0712,83
3119779b,6723,6.0712,1
2cdc9dc1,5286,6.0712,84
6282c4d8,4319,6.0712,1
20d8ef21,14560,6.0712,1
6d6cf16,5265,6.0712,84
371f03d5,4826,6.0712,1
156e1a07,8785,6.074,1
6fb1129e,5266,6.074,84
87759ae,8587,6.074,1
47b9f2de,15452,6.074,172
2262760c,8820,6.074,1
45a0a53c,15064,6.074,1
77a83e0f,8663,6.074,113
7f8f0d26,1965,6.0685,50
4eecd6cd,7657,6.074,1
e251369,14450,6.074,1
38cb0ce4,4529,6.074,1
3faac0e6,6649,6.074,1
17d82360,8373,6.074,1
3140c4a9,6217,6.074,1
510c4249,8278,6.074,1
3d457f0f,9209,6.074,1
38c8057e,2839,6.0712,64
6d1d0380,7613,6.0712,100
6eddf224,2907,6.074,64
598f16da,6617,6.0685,1
6a2209a8,7503,6.074,1
256ef20f,4091,6.0712,1
12390267,5127,6.074,83
13f49ed6,5070,6.0712,83
32ec73b4,9163,6.0712,1
48794308,5556,6.074,87
12895a5a,4496,6.074,1
25bc64f3,14748,6.074,1
741cd223,9291,6.074,1
45ca11fd,6372,6.074,1
76ffbeab,8436,6.074,110
2e7c71a4,9205,6.0712,1
68a11364,9433,6.074,124
7abe5999,15143,6.0712,1
71bfaa83,4492,6.074,1
3c831441,8428,6.074,110
66d07380,6468,6.074,1
5cd91a86,7937,6.0658,1
54a3f215,2900,6.063,64
3151e9b9,14413,6.074,1
280f4f09,16180,6.074,172
390bfa69,5003,6.0685,83
5844a1b0,9118,6.074,1
7c4197e5,6678,6.074,1
68d8bfc1,6330,6.074,1
23a0cb95,14703,6.0712,1
5e94b770,8213,6.074,1
4a4e6329,8540,6.0767,1
2e1aedf8,2955,6.074,64
311694d,4648,6.0767,79
2648e6d9,4645,6.0767,79
5d1cfa57,14628,6.0767,1
2410a921,14481,6.0767,1
2c43f7ef,5351,6.0767,1
4d5ca290,14790,6.074,1
7728272e,4740,6.0767,1
56d0c14b,4723,6.0767,1
651fb8f1,6164,6.074,1
4dffdee0,5537,6.0767,87
7b588126,8011,6.0767,1
2b52cd9f,8383,6.0767,1
4a25c4ed,4518,6.0767,1
33123034,4189,6.074,1
3f788700,6868,6.0767,1
29e068,4342,6.0767,1
685acabe,4524,6.0767,1
3fc700fa,4952,6.0767,1
2c41ca8,6329,6.0712,1
20f50f54,5969,6.0767,1
6f908182,15046,6.0767,1
68d79c5a,5491,6.0767,87
380fd507,14590,6.0767,1
4a54fcb4,6871,6.0767,1
4253d505,6441,6.0767,1
2924c05c,7753,6.074,1
7d45bc6e,4330,6.0767,1
10195e2e,14983,6.0767,1
4cbe4ad5,6594,6.0767,1
4397553e,7477,6.0767,1
136127ee,7658,6.0767,1
49d3f382,9009,6.0767,1
7705e08f,3482,6.0767,1
317d5290,9692,6.0767,126
b45d4b1,5036,6.0767,83
e4265f4,5000,6.0767,83
14867d85,5305,6.0767,1
4f0d80f1,8945,6.0767,1
429fd374,6110,6.0685,1
1a464230,4036,6.0767,1
20fbc66f,6035,6.0767,1
f0613b1,5666,6.0767,87
1c43b577,4456,6.0767,1
34bc330d,7740,6.074,1
66102d8d,9201,6.074,1
470f862,8182,6.0795,1
7a469e3d,9186,6.0767,1
7b2f740f,4287,6.0795,1
2ede143c,5902,6.0795,87
2d6e4a6d,7793,6.0795,1
63978e8b,2819,6.0767,63
639801fa,5206,6.0795,84
35bda698,6393,6.0767,1
3d399641,5702,6.0795,87
625b8ea9,9041,6.0795,1
3d67b7bf,8644,6.0795,1
46713fd6,14399,6.0767,1
1ed3e638,8039,6.074,1
6fa9e03d,5005,6.0795,83
513905a7,14893,6.0795,1
6c0a8350,14773,6.0795,1
51638a70,14398,6.0767,1
50804442,5224,6.0795,84
7008ee67,9965,6.0795,126
6905c9fc,6394,6.0795,1
2478fea6,14960,6.0795,1
503b3895,7828,6.0795,1
76880c3f,5934,6.0795,1
41c4af5f,6773,6.0795,1
6c9c4b2,5874,6.0795,87
65a78703,5582,6.0795,87
5378867c,9014,6.0795,1
37a2751b,4798,6.0767,1
7f06db09,8535,6.0795,1
2640c475,16311,6.0795,172
242bedbd,2917,6.0767,64
6269573e,7855,6.0795,1
311ceda7,8671,6.0795,1
15b24c32,5688,6.0767,87
5ca5131e,5100,6.0767,83
7ce61793,5884,6.0795,87
2a41bc7d,14793,6.0767,1
2d95a6db,7907,6.0795,1
59dc6d94,5236,6.0795,84
289323e1,14464,6.0767,1
15caa3b3,4002,6.0795,1
32cf4723,9413,6.0767,124
326c9cdf,4708,6.0795,1
8e6e7cb,9366,6.0795,124
48f10a5f,4859,6.0795,1
4fba3d,5558,6.0767,87
5693448f,14839,6.0767,1
69743929,4600,6.0795,1
299775aa,9101,6.0767,1
54f4acf7,6696,6.0795,1
180f2dda,7914,6.0767,1
62236c15,5899,6.0767,87
685d1997,17179,6.0795,172
50fae283,2913,6.0822,64
42d2f713,8131,6.0822,1
777329cd,7941,6.0822,1
33b078aa,9281,6.0822,122
52b0f2fb,8734,6.0822,1
50afa82c,8893,6.0822,116
5f64235e,8355,6.0822,1
55d9fcd4,8836,6.0822,1
66f313,8846,6.0822,1
3023be9d,14749,6.0795,1
2ef206ae,5148,6.0822,83
6551a548,5277,6.0822,84
7ff4da6a,4043,6.0822,1
48bd40ec,8495,6.0822,1
65c7d830,10198,6.0822,126
dd44a25,5870,6.0822,87
4b4eeb24,5405,6.0822,1
542ae67f,2840,6.0822,64
438be3db,4622,6.0767,78
76b26636,7835,6.0822,1
2def2688,9220,6.0822,1
2c5d472,6297,6.0767,1
15fd34b,6242,6.0795,1
64b99680,14564,6.0822,1
683cc65c,4083,6.0822,1
30b637f9,5267,6.0822,84
1cfc13d9,7802,6.0795,1
63465e86,6528,6.0822,1
4b63c9f8,8850,6.0822,1
4aeb3692,14663,6.0822,1
31cb773d,16847,6.0822,172
367596cd,7737,6.0822,1
67964ceb,8216,6.074,1
512e0950,14966,6.0822,1
32ef65e8,6558,6.0822,1
21239a81,8384,6.0822,1
3b7ab396,16193,6.0822,172
6e5e5106,5474,6.0822,87
27d7a900,5146,6.0822,83
57bfb1a4,7778,6.0795,1
1a9dd8e9,14811,6.0822,1
74953e2f,7829,6.0795,1
685f97da,7840,6.0795,1
72dabc78,9203,6.0822,1
674685a,5636,6.0822,87
5b4d4afd,6525,6.0822,1
4fb8e709,6122,6.0822,1
68a6abfa,8285,6.0822,1
4d35280c,9764,6.0822,126
7c1e89f5,9311,6.0822,1
7416b9d0,2959,6.0822,64
391da63,14502,6.0795,1
29b235d3,5630,6.0822,87
4da30da1,4011,6.0822,1
45fa74c1,5627,6.0822,87
4e39d97,5334,6.0822,1
3c473c75,5490,6.074,87
69dcf059,5065,6.0822,83
7f16dddf,6142,6.0767,1
6781e88f,5712,6.0822,87
6220d49e,2884,6.0849,64
6cf0bebb,2943,6.0849,64
25417edf,16985,6.0849,172
4dec3f68,6796,6.0767,1
290c866f,6031,6.0822,1
185b3e10,6645,6.0849,1
4060f093,5168,6.0849,83
6e79d9c6,18201,6.0822,1
42c2bc1e,5903,6.0849,87
f3065d7,8694,6.0849,1
4813e8ca,5760,6.0849,87
6804afe7,5099,6.0849,83
3ff1ccb5,5212,6.0849,84
33631841,8886,6.0849,115
6461f35f,5935,6.0849,1
14f35b32,14403,6.0849,1
295713a3,9250,6.0849,1
369666f5,9273,6.0849,1
18f2e658,4815,6.0849,1
33785417,14434,6.0849,1
58e8a22c,5037,6.0849,83
49b36899,5144,6.0849,83
46fc97d1,8397,6.0849,1
37d5abf5,8697,6.0849,1
2a3186e1,10201,6.0849,126
7894c49e,4200,6.0849,1
5a748642,15099,6.0849,1
40e404fa,9343,6.0849,124
66c48489,6099,6.0849,1
382a0cfb,4724,6.0849,1
4692db2a,6096,6.0795,1
2631d4d6,15177,6.0849,1
6493ec55,8915,6.0849,116
cb669e8,14708,6.0795,1
5cadb8df,4371,6.0849,1
7fe31ac1,6333,6.0849,1
741250f8,4678,6.0849,1
f98fb6b,5727,6.0849,87
742ef512,8594,6.0849,1
305e3a59,8338,6.0849,1
34dbea8e,8633,6.0849,1
16992376,14899,6.0849,1
18407cd,4521,6.0849,1
67770295,8946,6.0767,1
2f7ceeb3,4784,6.0849,1
6eb195f7,18036,6.0849,1
4f2a4d83,15110,6.0849,1
10968d59,15106,6.0795,1
5857e08e,7788,6.0849,1
13716c7c,4198,6.0822,1
209de7ea,7885,6.0849,1
3aabd85e,6793,6.0849,1
328713f,6469,6.0849,1
649ca244,6433,6.0822,1
11efa1,6022,6.0822,1
2126dd4a,14648,6.0849,1
31616db3,15576,6.0849,172
566916bc,18089,6.0849,1
bff6353,4828,6.0822,1
4cc1f9bc,8986,6.0849,1
6147e1d8,7998,6.0877,1
9e6db71,5601,6.0877,87
6048e136,2724,6.0877,1
6f2b7679,5824,6.0849,87
78702a5b,5475,6.0877,87
26674dac,8023,6.0877,1
1815907,5904,6.0877,87
35ad6ff0,6715,6.0877,1
4c76b9ec,8276,6.0877,1
506087e3,7121,6.0877,97
5ba2b589,4457,6.0877,1
2625ef8c,5371,6.0849,1
52e83e2,5637,6.0877,87
7ceee372,15048,6.0877,1
28652c93,6124,6.0849,1
6625caeb,8127,6.0849,1
1765745e,2893,6.0849,64
1c9be0b3,7836,6.0877,1
1d1b4607,4800,6.0877,1
5bc04450,5769,6.0877,87
55a1a5dd,8186,6.0822,1
37d79872,4062,6.0877,1
69dafcb3,8541,6.0877,1
132dcc57,4657,6.0795,1
5f5cd7d4,5478,6.0822,87
2a071743,15085,6.0877,1
6deb477a,5620,6.0877,87
35bc9857,6410,6.0877,1
4f44785c,3992,6.0849,1
20a07e0e,5461,6.0877,87
b3dc537,8091,6.0877,1
3e762429,9388,6.0877,124
1992661c,6324,6.0877,1
2ef532c3,15105,6.0877,1
7f5a696a,3480,6.0877,1
1a2b1fcb,14715,6.0877,1
10832814,14667,6.0877,1
3903fa38,7995,6.0877,1
176773ed,14486,6.0849,1
5a8d5c51,9367,6.0877,124
3b5a5952,5642,6.0877,87
794dccb5,5923,6.0877,1
7ed53d1c,14427,6.0877,1
70079800,8368,6.0877,1
5cd375f6,9338,6.0849,124
35aa27f7,6457,6.0877,1
22157d93,8744,6.0877,1
6e9e2649,14847,6.0849,1
292592a9,6574,6.0877,1
4d548de5,2871,6.0849,64
44249839,8813,6.0877,1
5b17429a,4257,6.0877,1
5e22238b,16923,6.0849,172
37f0a60f,7660,6.0904,1
57f51598,9358,6.0904,124
36179e6e,6738,6.0904,1
79e6dd5c,8567,6.0904,1
4b94dcb1,4748,6.0904,1
34b2598e,8961,6.0904,1
3edc5598,7674,6.0904,1
711f7322,9170,6.0849,1
1c8358e4,4063,6.0904,1
3a5b1cd3,5576,6.0904,89
2ae12907,8892,6.0877,1
6677fe95,7975,6.0877,1
6c7b171a,5641,6.0849,87
6ab93609,6809,6.0877,1
8e60209,5077,6.0904,83
51bcc6d6,8460,6.0904,1
1c50efaf,8325,6.0904,1
654bc83c,14882,6.0877,1
46e1b3e2,8448,6.0904,1
15f4de04,8138,6.0877,1
4992e408,9325,6.0904,124
72a3df2e,14820,6.0904,1
39161c3b,14605,6.0904,1
3f04f09b,15155,6.0904,1
61e8e1d7,8667,6.0904,113
d5e186b,7678,6.0849,1
4203a3f,2887,6.0904,64
1cb89208,8479,6.0904,111
3a782e11,6787,6.0904,1
62df6355,4647,6.0904,79
4798f475,8838,6.0904,1
426ccf7b,4728,6.0904,1
1a9c3dec,14814,6.0904,1
616f8008,6663,6.0877,1
61d4eb0c,6460,6.0904,1
45e7f75a,7954,6.0904,1
3eefc157,2851,6.0904,64
239d7942,8256,6.0904,1
67806594,4299,6.0904,1
65576ab6,5643,6.0904,87
2fe6bfc7,5032,6.0904,83
1ff00c61,7759,6.0904,1
5fd593b1,5770,6.0877,87
17cab660,6580,6.0904,1
f8b0126,15184,6.0904,1
14e3b2f9,8427,6.0877,110
49967cf5,14933,6.0904,1
569af2a2,8701,6.0904,1
25a1abdb,8272,6.0904,1
41d5af86,8905,6.0904,116
671a60b9,18189,6.0904,1
430bf6f1,8717,6.0904,1
1d11d97b,5901,6.0904,87
45362142,6129,6.0904,1
6c909d5c,7537,6.0877,1
1c9f2799,2820,6.0877,63
3448a8a2,6448,6.0904,1
63193a,6801,6.0904,1
2e075736,14907,6.0904,1
13aac24c,7498,6.0795,1
76ec8c4f,6806,6.0849,1
7902788,6650,6.0877,1
1f225489,15158,6.0904,1
5adf5d83,8194,6.0822,1
48c33c63,7736,6.0904,1
4e69fe94,4412,6.0932,1
43626dcc,6231,6.0932,1
37df9f4c,5462,6.0904,87
202786f1,14957,6.0932,1
63710366,8532,6.0904,1
32001b4f,2966,6.0877,64
339ccec5,4630,6.0932,1
6340d977,14984,6.0932,1
8418c4a,4526,6.0932,1
3a29346e,6364,6.0877,1
6f962f08,6395,6.0904,1
a78d8ec,14863,6.0932,1
e5f3635,7499,6.0932,1
7d26e9d4,5444,6.0904,87
23966717,14497,6.0904,1
6f656431,6218,6.0932,1
2ce7bad8,15186,6.0932,1
5943759e,5102,6.0932,83
18fc1976,2905,6.0932,64
4e641dd1,4097,6.0932,1
52de3bf4,2854,6.0932,64
42e04067,4881,6.0932,1
6e0f0e6,6187,6.0932,1
7e2f7ee5,5385,6.0932,86
5d8deb4f,9122,6.0932,1
1dae6be1,5477,6.0932,87
1c48cf72,8097,6.0932,1
19955248,4082,6.0932,1
2bf005a6,7612,6.0932,100
4714267e,6352,6.0932,1
456f925a,4669,6.0932,1
1f86f6da,9010,6.0932,1
38ab1e6f,4458,6.0932,1
2cb2f070,6442,6.0932,1
5f1e1187,18217,6.0932,1
7c40d75,5103,6.0904,83
3e00b295,14945,6.0932,1
1698a3a9,7487,6.0932,1
2d92f07a,8420,6.0932,1
a1aef18,6396,6.0932,1
31b570d4,14598,6.0904,1
626308a0,9407,6.0904,124
584825b6,4910,6.0932,82
5777388,14417,6.0932,1
1f5e8022,5509,6.0932,87
6582bd61,4322,6.0932,1
7c7e41f2,5825,6.0932,87
42ab86c6,8064,6.0932,1
299f5121,8130,6.0932,1
598698c6,7618,6.0932,100
57f923d5,5920,6.0932,1
4d1dff79,16408,6.0904,172
49fa125a,6878,6.0932,1
1abf541d,8765,6.0904,1
7712bf24,5765,6.0904,87
29dea232,9121,6.0904,1
74918fae,8897,6.0932,116
655e7fcc,14669,6.0932,1
69ebcd98,6938,6.0932,97
701a7a3d,7791,6.0932,1
10e5d79f,6584,6.0959,1
726cb138,14741,6.0959,1
2b9f5582,8906,6.0959,116
69a98b17,7707,6.0959,1
455c25e0,8082,6.0959,1
663474e4,6328,6.0959,1
58d31e92,14589,6.0959,1
4fa181c1,6443,6.0959,1
64702047,14961,6.0959,1
6b76cef0,8040,6.0904,1
2ea0042e,6490,6.0959,1
6e47a8e6,14513,6.0959,1
2d2b9366,9005,6.0959,1
1d2fbbce,8140,6.0959,1
58a1fcb2,7981,6.0932,1
70f7d97d,14658,6.0959,1
5e583239,14630,6.0904,1
d8bb18c,8561,6.0877,1
7c4aa3f8,5767,6.0959,87
3238a13d,8267,6.0959,1
2dee94b9,15057,6.0959,1
7db94759,6736,6.0932,1
54c57e75,6852,6.0959,1
23030c99,8218,6.0932,105
7a110f1c,8047,6.0959,1
4d251c88,14988,6.0959,1
4175876c,8907,6.0959,116
326cf58f,7668,6.0959,1
9b0509f,6176,6.0959,1
7babc75a,9076,6.0959,1
2d823c16,6928,6.0959,97
1e0f45fb,14926,6.0959,1
4b9a1b38,15166,6.0959,1
40a59e7c,6311,6.0959,1
65910025,2876,6.0959,64
1a0d3938,8800,6.0932,1
76b7027b,5759,6.0959,87
1bcab4a0,6073,6.0932,1
373c4411,8983,6.0959,1
a611917,5151,6.0932,83
44c0d34f,4313,6.0959,1
11890b0a,4679,6.0959,1
5485ed00,8199,6.0959,1
ee4acdb,15144,6.0959,1
ccfa5b1,6816,6.0959,1
3bb753b6,8009,6.0959,1
4ed745cc,6990,6.0959,97
175fd647,7642,6.0904,1
3cf63203,14565,6.0932,1
4de5ea01,6268,6.0986,1
39683f54,9039,6.0986,1
50ec3bd0,8121,6.0986,1
5d877de4,5225,6.0932,84
3f5021b7,8777,6.0986,1
47ba2b96,5887,6.0986,87
76b9aa0a,8367,6.0986,1
10b79164,5645,6.0959,87
2e54575c,5535,6.0959,87
38243f9b,6115,6.0959,1
3762b6f,16233,6.0986,172
2fe6b6d4,7194,6.0986,97
2304eac3,4520,6.0986,1
3cd09aca,6559,6.0986,1
732a3495,7878,6.0986,1
3ac5d1df,6186,6.0959,1
8daa8bb,8849,6.0986,1
59db8a9b,8862,6.0986,1
1290ef62,4683,6.0986,1
16c64d01,6550,6.0986,1
34cc2e06,4162,6.0986,1
2992d2f,4865,6.0986,1
5fdbc2b7,7500,6.0986,1
4aa5cdd1,6143,6.0959,1
38927cef,8706,6.0932,1
6e2f2fc1,5830,6.0986,87
2514877e,5866,6.0986,87
1bf8cc16,14615,6.0986,1
24db2711,6037,6.0986,1
4074bd1e,7774,6.0959,1
5732d3f6,7809,6.0986,1
561c9119,4732,6.0986,1
2b82c764,15743,6.0986,172
36c315e9,7831,6.0986,1
5df2f3a0,6815,6.0959,1
4e7b0347,7004,6.0986,97
f97d41d,9383,6.0986,124
3d3108af,8222,6.0986,105
35418a,16230,6.0959,172
16421bf0,6229,6.0986,1
27441219,5492,6.0932,87
1205122e,4248,6.0986,1
389638f5,6014,6.0986,1
321ffcb,7358,6.0986,97
3e0d298c,8710,6.0959,1
39de308e,5159,6.0986,83
370d1f9,4713,6.0959,1
a2800f2,9061,6.0986,1
5dbe1972,8648,6.0986,1
15ac080b,8490,6.0986,1
1056ec5e,17180,6.0959,172
5ab35136,7037,6.0986,97
76936aaa,5170,6.0959,83
529b99c5,9412,6.0986,124
776bb69b,5038,6.0986,83
2f2042d,8407,6.0986,1
25612c31,5150,6.0986,83
651be34a,8139,6.0959,1
4fee4e1c,5319,6.1014,1
144bfb3,14968,6.1014,1
1aad6966,4426,6.1014,1
1f076f80,5867,6.1014,87
73326dc8,5716,6.1014,87
5dafe8a0,8596,6.0986,1
71034780,2938,6.0986,64
4b38eb59,9068,6.0986,1
761bc28c,8806,6.0986,1
22bf0252,8858,6.1014,1
54d3ce07,8030,6.1014,1
30e962ed,5791,6.1014,87
3f07bc5a,6053,6.1014,1
3369eac0,8649,6.1014,1
3a1bb12e,8063,6.1014,1
1bce5183,9225,6.1014,1
51a7070b,4300,6.1014,1
53c09409,9406,6.1014,124
2f034b5b,5667,6.1014,87
46285571,4020,6.1014,1
2f5e8de0,2875,6.1014,64
786934de,6783,6.1014,1
4d85f11b,8597,6.1014,1
4982b607,8647,6.1014,1
1268035a,9252,6.1014,1
23961a0d,6470,6.1014,1
41792a4d,8075,6.1014,1
1d179eeb,7834,6.1014,1
4fb73cc0,7020,6.0986,97
5ce21149,8656,6.1014,1
544163da,14711,6.1014,1
75004f7f,8100,6.1014,1
3273c23,4882,6.1014,1
3c98328f,7635,6.1014,1
4f831d57,4056,6.1014,1
1083f8ce,6833,6.1014,95
670f3616,5608,6.0986,87
5d73c8f0,5936,6.0986,1
a4d0fac,4991,6.0932,1
507c3a3,4130,6.1014,1
1b26fa93,5238,6.1014,84
58d1954f,2756,6.1014,1
3a83c196,5434,6.1014,87
15d079f0,7776,6.1014,1
1a207be,8704,6.1014,1
7f00bbd2,4443,6.1014,1
2dfc977b,4270,6.0986,1
79531466,8309,6.1014,1
5df8e5ab,8818,6.1014,1
4c76865d,5733,6.1014,87
57887e7,7976,6.1014,1
6469530a,8157,6.0904,1
7e262791,4385,6.1014,1
69a0266,4880,6.1014,1
471ceaed,2849,6.1014,64
69431007,8520,6.1014,1
e2d533c,5280,6.0986,84
2616b811,5603,6.0986,87
70c91787,7872,6.1014,1
381c1f8,6232,6.0986,1
5022c0f1,9389,6.1041,124
211021da,8985,6.1041,1
32d5d3d9,8053,6.1014,1
a189f2b,8031,6.1041,1
4c7bf3d1,14420,6.1041,1
6c451575,2896,6.1041,64
565293f6,7942,6.1041,1
7012483f,7980,6.1041,1
3e3d60d1,6600,6.1014,1
2d4be9bc,6655,6.1041,1
69e1bfdd,5618,6.1041,87
b50516e,6911,6.1041,1
5e3e933d,5374,6.1041,1
2c4a874f,5872,6.1041,87
4831da4c,8511,6.1041,1
41e33905,14671,6.1041,1
76cec8ad,9026,6.1041,1
6b6efd7f,5610,6.1041,87
13e66fa2,6172,6.1041,1
55433428,6238,6.1041,1
59e9f25c,9879,6.1014,126
db00494,4751,6.1041,81
11a99558,6323,6.1041,1
311273b0,15086,6.1041,1
7dbce3ce,6725,6.1041,1
7025dc49,4922,6.1014,82
2d7b8440,4742,6.1014,1
f56fdac,8484,6.1041,1
156edd1b,8469,6.0986,1
4bf78c6b,5120,6.1014,83
31fa9838,5426,6.1041,87
3f234b66,7892,6.1041,1
7ab0fb68,7055,6.0986,97
3a5f58d1,14781,6.1041,1
2dc69ab,5847,6.1014,87
6139faee,15047,6.1041,1
577b0bd0,8726,6.1014,1
165aa676,9704,6.0986,126
5683edbc,14489,6.1041,1
73115e8e,7987,6.1041,1
1a661219,6520,6.1041,1
377347f6,14426,6.1041,1
19b3257c,7761,6.1041,1
599a030,16167,6.1041,172
5a19592a,8739,6.1041,1
13bea1d8,14432,6.1041,1
3e5f08ae,6083,6.1041,1
3e4752dc,8908,6.1041,116
2e879c37,8614,6.0986,1
4851585e,6598,6.1041,1
e8d2382,7815,6.1041,1
ad8413d,16215,6.1041,172
182c1275,14555,6.1014,1
a4b7714,9154,6.1068,1
5afd2a86,14406,6.1014,1
55c39797,8439,6.1068,110
3d0b8368,5366,6.1068,1
7592fc5d,7982,6.1068,1
d55f720,8233,6.1068,1
3e4f4516,9165,6.1068,1
5f3e8174,6646,6.1041,1
3dacfeda,18085,6.1068,1
1fe2e2b8,9419,6.1068,124
5b4163a7,7039,6.1068,97
2a962b1e,8435,6.1014,110
705f7c9a,6585,6.1068,1
2a5f0665,8418,6.1041,1
2220d6b4,8496,6.1068,1
722cc50c,5367,6.1068,1
1d01deca,5464,6.1014,87
67b20e15,4967,6.1068,1
791ccc7f,4080,6.1068,1
2ba28117,4341,6.1068,1
f9377a1,5814,6.1068,87
380cd6c6,14657,6.1041,1
724306de,16166,6.1068,172
1b03d7fa,9330,6.1041,124
4cbcc4c7,2874,6.1068,64
7ff8f286,8132,6.1068,1
4e38fd1,7603,6.1041,1
3bf61c63,9040,6.1068,1
2f4c5ac3,5326,6.1014,1
45c31da1,8840,6.1068,1
2a75e4d7,9693,6.1068,126
32f06b4f,16231,6.1068,172
7159129f,4684,6.1041,1
39ee6c76,6608,6.1068,1
7439a3ca,8822,6.1068,1
5f2b98de,5909,6.1068,87
716fb2c6,14448,6.1068,1
40f415b7,6788,6.1068,1
492e9bb,6051,6.1068,1
ab35c03,6834,6.1041,95
33ad896c,9219,6.1068,1
3fd8f45d,5335,6.1041,1
5fe117bc,6577,6.1014,1
4f221b07,14792,6.1068,1
55e131ed,2906,6.1068,64
109b1d66,8746,6.1068,1
68997934,14609,6.1068,1
3f12df6c,6120,6.1068,1
60b711aa,9069,6.1068,1
280f50f7,8180,6.1068,1
bfcdc1b,4610,6.1068,1
223c9bb7,6211,6.1068,1
7a5ef41b,5961,6.1068,1
28848b4f,9233,6.1041,1
42a84415,5793,6.1068,87
45f58640,14608,6.1068,1
3525c6a,6114,6.1041,1
ea19e37,7324,6.1041,97
2f3a25f,6350,6.0986,1
6b5de3c7,14636,6.1096,1
7afd53ca,4611,6.1096,1
39c16987,4000,6.1096,1
782f2a84,17464,6.1068,172
775b9cf,7306,6.1096,97
6bfd3a56,5888,6.1096,87
67518e84,6366,6.1096,1
dde38ca,5188,6.1096,84
63961a72,7587,6.1096,1
736566c9,8408,6.1096,1
729f192b,8005,6.1096,1
234cfd7e,2737,6.1096,62
19518c52,15486,6.1096,172
4a474080,6679,6.1096,1
124c342f,8366,6.1068,1
1810210c,2859,6.1096,64
db60d40,8942,6.1096,1
7d851f36,15038,6.1096,1
e1ba1e5,5297,6.1096,1
179ae96b,14635,6.1096,170
4326b2dd,7765,6.1096,1
2a7b3ad5,8783,6.1096,1
7fd2ec03,5695,6.1096,87
2c956e95,6581,6.1096,1
6c841bdd,5533,6.1096,87
1fda290a,9266,6.1096,1
77007c06,16486,6.1096,172
495ae98a,6861,6.1068,1
70e645b5,7021,6.1096,97
3cf0f287,7153,6.1096,97
722c0e6a,8261,6.1096,1
638bc65,7927,6.1096,1
44319afa,6458,6.1096,1
7f6e2c31,7955,6.1068,1
6008a5fe,8565,6.1096,1
6da332e8,8851,6.1096,1
2ebb70ad,4037,6.1096,1
6615c9ca,7856,6.1096,1
68947e9d,7909,6.1068,1
1cd43515,5735,6.1096,87
699f103a,6473,6.1096,1
218cdf5a,1962,6.1096,50
6a272d60,14779,6.1096,1
57e6d1ac,7932,6.1096,1
466905aa,10470,6.1068,126
1586432,5905,6.1068,87
52c71554,14568,6.1096,1
33cdc511,2842,6.1068,64
3d07d297,8010,6.1096,1
64fe76c5,15619,6.1041,172
7f3c48f1,7547,6.1068,1
20abb166,5465,6.1096,87
153b8ff7,6526,6.1068,1
4883350c,7632,6.1068,1
63c102ea,5802,6.1041,87
4b93d5e1,6005,6.1123,1
56f567a2,9166,6.1123,1
30ba02c4,5526,6.1123,87
a8b093a,5546,6.1123,87
2cc0dc41,5644,6.1123,87
1ff81ebc,4131,6.1123,1
4e02631a,2902,6.1123,64
1beb9be6,7888,6.1096,1
46590adc,14808,6.1096,1
62dfaf76,14405,6.1096,1
66de274e,9239,6.1123,1
390cc8d7,18104,6.1123,1
68ec9d28,6589,6.1068,1
7c25d4b0,16986,6.1123,172
64cb665f,15483,6.1123,172
23b8e58b,8221,6.1123,105
344b42e5,4165,6.1123,1
72cec9b4,9312,6.1123,1
6b5e6ecb,5415,6.1096,87
54181461,6425,6.1123,1
30e837d4,9207,6.1123,1
2dcb25b9,15000,6.1096,1
5e5a0746,5416,6.1123,87
466a0270,14755,6.1123,1
5245bdc0,9292,6.1123,1
236276cb,9417,6.1123,124
2d0c25d6,5040,6.1123,83
3be3db85,5048,6.1123,83
4437da84,7161,6.1096,97
74d338e7,7838,6.1096,1
2a7c0498,18135,6.1123,1
38bd913e,7968,6.1123,1
1d274a5f,7962,6.1068,1
67be5085,7841,6.1123,1
ac74895,5034,6.1123,83
5ea71c92,4077,6.1123,1
5762ff55,14665,6.1096,1
79f5d0ab,9234,6.1123,1
6c5a9d68,5131,6.1123,83
5ce9e396,5189,6.1123,84
3acc3715,7628,6.1123,1
2b456f4a,8123,6.1123,1
6d6bd86f,14810,6.1068,1
55e2b977,5690,6.1123,87
4684150e,14924,6.1123,1
1d2be654,6276,6.1123,1
2eb0ed3e,8245,6.1123,106
2b7920a,15001,6.1151,1
6ed9c09e,6601,6.1151,1
813842e,7742,6.1151,1
4a48ca3e,9379,6.1151,124
63381754,5450,6.1151,87
4345f69d,14782,6.1151,1
5763282f,4670,6.1151,1
5bf611c7,8214,6.1151,1
78d72f5a,4512,6.1151,1
14cadfc3,7750,6.1151,1
5a26af25,8433,6.1151,110
1596bd6c,14428,6.1151,1
31b5e58f,5604,6.1151,87
7059b11c,2939,6.1151,64
322f4c13,8219,6.1123,105
5d9f92f4,7148,6.1123,97
43988d55,7599,6.1151,1
7ef4056b,6309,6.1096,1
36f38172,16232,6.1123,172
299e8279,7010,6.1151,97
17daad6a,9403,6.1151,124
10af68e1,7868,6.1151,1
21cb009d,6047,6.1151,1
4e2ee8c2,5073,6.1151,83
64fc0864,2806,6.1151,63
260f486c,8988,6.1151,1
7ecc1e2d,7553,6.1151,1
4d8cc42c,8824,6.1123,1
74dd5da7,14664,6.1151,1
70e6c470,4508,6.1151,1
2cf6be28,6609,6.1151,1
35314c51,6740,6.1151,1
770a23e,4351,6.1151,1
19dee712,9408,6.1151,124
cb33bdd,7996,6.1151,1
5fdd651d,7915,6.1151,1
46c38730,9294,6.1151,1
44a0ac84,9083,6.1151,120
2aa82575,5004,6.1123,83
1e6958b0,15546,6.1068,172
4449a64a,14797,6.1068,1
3ea93269,14925,6.1151,1
76e9010d,9102,6.1151,1
54cf6cb,5438,6.1151,87
6ea4f89a,14631,6.1123,1
3a5c8126,18141,6.1151,1
57324703,14916,6.1123,1
195904a0,4094,6.1123,1
33ae0bd1,7920,6.1178,1
69e1874e,6459,6.1178,1
513649c1,9382,6.1178,124
278b0be8,7490,6.1123,1
181f1b55,15364,6.1151,172
4694ecc1,7633,6.1178,1
5a79741,5160,6.1178,83
66bcbe75,6688,6.1178,1
619d444,8065,6.1178,1
670ad2a2,14812,6.1178,1
5eae5c9d,6151,6.1178,1
5de21e2b,7476,6.1178,1
15114a27,14912,6.1151,1
24bf05e5,5798,6.1178,87
4c501cac,5564,6.1178,87
859ef5b,14754,6.1178,1
4587bb3d,8512,6.1178,1
5ad891d8,2953,6.1178,64
614374b,16627,6.1178,172
15ab8eba,9195,6.1178,1
41f033e5,14461,6.1151,1
395636b5,6541,6.1178,1
420d605b,15100,6.1151,1
271e2616,8430,6.1178,110
97f3d1,8195,6.1151,1
4038973d,4715,6.1178,1
48d3e211,6527,6.1178,1
1eab538b,9700,6.1178,126
219d22f4,17432,6.1178,172
2598d885,14880,6.1178,1
728c654d,8984,6.1178,1
36ff579c,9369,6.1151,124
7ebd5935,8802,6.1178,1
1d82ea97,5033,6.1178,83
c355267,5154,6.1178,83
40bab7ca,6714,6.1178,1
54da3a19,14952,6.1151,1
5e86b447,9100,6.1178,1
7806639a,15623,6.1151,172
1429a2b9,14913,6.1178,1
6d979fb7,15049,6.1151,1
68186aee,7830,6.1178,1
3d7df26,9155,6.1178,1
48067675,8568,6.1178,1
19bd22e5,6493,6.1151,1
32d97426,5499,6.1151,87
f4ab3b4,4829,6.1178,1
7404c9f6,8590,6.1123,1
29768d88,8518,6.1151,1
45e6799,8135,6.1205,1
7ddf4b70,15788,6.1205,172
27d2806c,6587,6.1178,1
75cba619,15171,6.1205,1
60041cb3,4525,6.1205,1
2de7596,9077,6.1178,1
33bb0662,9306,6.1205,1
5dd2a76,14917,6.1178,1
363f1b41,9589,6.1205,126
1e6c88f1,15173,6.1178,1
8aec38a,7986,6.1178,1
6f6f2c6f,5497,6.1205,87
30d256e,8803,6.1205,1
4d26d35d,9370,6.1205,124
216dbfcd,10443,6.1205,126
4b21d8db,5771,6.1205,87
306646d9,14881,6.1151,1
38111e7c,14756,6.1205,1
744e4d64,15185,6.1205,1
316ca436,6221,6.1205,1
333e6c4c,8951,6.1205,1
3ec66a9,16907,6.1178,172
5cf3edd,5910,6.1205,87
51567746,8150,6.1205,1
114a2d2c,14599,6.1205,1
7173d882,6288,6.1096,1
db629a7,7741,6.1178,1
6fb88310,9456,6.1205,126
2fdbf086,14538,6.1178,1
40039a37,18137,6.1205,1
7c446881,6889,6.1205,1
5a0bd6e8,5593,6.1205,87
57cfc41a,14547,6.1205,1
27e051a5,16821,6.1205,172
7beea54c,7627,6.1205,1
6b8c587e,7811,6.1205,1
24b1dad0,8825,6.1205,1
d773548,4903,6.1205,82
1c1434ff,4102,6.1205,1
283f303a,14600,6.1178,1
267524b4,6930,6.1205,97
301d3787,6513,6.1205,1
c381df0,6431,6.1205,1
38d1b44a,5721,6.1205,87
693eed8a,16541,6.1205,172
66e1349d,8711,6.1205,1
2afa622c,14495,6.1205,1
1f3cf0dd,8246,6.1205,106
490726c2,7755,6.1205,1
647403b7,15179,6.1205,1
1f00c0d,8160,6.1233,1
6e5a9572,2944,6.1233,64
560f506f,15480,6.1233,172
17486197,15485,6.1233,172
7b4e07a7,5647,6.1233,87
6f8ac1bb,2757,6.1233,1
650a69a1,14687,6.1233,171
6e9b3823,4301,6.1233,1
1f9467c5,8069,6.1233,1
5450d187,14869,6.1178,1
192c432b,4331,6.1205,1
405643,17079,6.1205,172
39fed8e9,5844,6.1233,87
6ba0a117,8847,6.1233,1
e93b5d5,6476,6.1233,1
5c1d9169,8486,6.1233,1
59c0eeb2,7195,6.1233,97
2d214f7f,6552,6.1233,1
44ae20c8,6853,6.1233,1
5e6d36e7,5442,6.1178,87
111b9453,5693,6.1233,87
235b6b8,16243,6.1233,172
3293f94e,7817,6.1233,1
57e2bf5,5210,6.1205,84
480a9e05,9436,6.1233,126
72f6fcb7,5656,6.1233,87
672571ca,5187,6.1233,84
198b025f,6452,6.1233,1
4ad1ade9,14592,6.1205,1
4ff89e9,4691,6.1233,1
3e0416c5,4523,6.1205,1
22625db6,8108,6.1233,1
6e85c311,6562,6.1205,1
297c85cd,17502,6.1178,172
37d01c19,8662,6.1233,1
7ef68b8,5708,6.1205,87
20eac982,6542,6.1233,1
47b2be1f,8155,6.1205,1
2a10067d,10244,6.1205,126
aad19c9,14520,6.1205,1
2cd5f666,5761,6.1233,87
61f53495,8591,6.1233,1
3daaec51,18215,6.1205,1
52662270,2894,6.1233,64
417cf9f4,5130,6.1233,83
136ce582,5663,6.1233,87
71edc577,8145,6.1205,1
1bcf677f,5439,6.1233,87
6cd8ce7f,5794,6.1205,87
3d5a9eab,6664,6.1178,1
49ee3c77,6287,6.126,1
31efbcb0,8700,6.1233,1
108b414c,5692,6.1205,87
56378e40,5807,6.126,87
2ffb6d7e,16859,6.126,172
3623ef66,18191,6.126,1
5fe590cf,8912,6.126,116
67d002c0,15909,6.1233,172
27b286d4,6575,6.126,1
d7fd5f4,15080,6.126,1
248e53e2,14396,6.1205,1
571ecc54,5027,6.1205,83
34b6081e,7785,6.126,1
30bf0275,9270,6.126,1
439ca1e3,14455,6.126,1
f071d9e,9878,6.1233,126
155beb31,8070,6.126,1
3486f9a2,7638,6.1233,1
9154b1e,8865,6.126,1
7ce2e9ed,8066,6.126,1
5a57cc2b,6440,6.1233,1
109fa633,6194,6.126,1
1357166b,6803,6.1233,1
7891386d,8507,6.1233,1
28d035d8,6597,6.1233,1
1c4395c0,6351,6.126,1
71801645,5321,6.126,1
1e0d73c0,8334,6.126,1
5acfa250,9371,6.126,124
24a9d2de,7044,6.1233,97
2b6cab34,15160,6.126,1
2b01c60c,18140,6.1233,1
5ac2cf17,6823,6.126,1
7d382b3d,4934,6.126,82
33c30aa5,7629,6.1233,1
16d79b77,8235,6.1233,1
484b091e,7605,6.126,100
5aa154cd,8232,6.126,1
75347ad5,6763,6.126,1
6a83eed,8530,6.126,1
66fced67,14529,6.1233,1
4d41453f,9961,6.126,126
67e773c3,15119,6.126,1
373044ce,4085,6.1233,1
36a6109a,5498,6.126,87
7109d3cc,6289,6.126,1
2d2ccf45,7653,6.1178,1
180fe81a,16934,6.126,172
1bbb9f0d,5605,6.126,87
1eab0941,5894,6.1288,87
4b003850,7112,6.1288,97
21033eeb,4128,6.1288,1
6a1e9b69,5892,6.1288,87
43be2384,8084,6.1233,1
d36f108,14864,6.1288,1
4b1100ee,8513,6.1288,1
735d9b01,14692,6.126,1
3246b7c9,6192,6.1288,1
5a7358a2,16619,6.1288,172
6d8693d0,5875,6.1178,87
570281d9,5694,6.126,87
14d7fda7,8883,6.1288,115
b4de9af,5448,6.126,87
528ce305,16987,6.126,172
1143bcc4,5006,6.126,83
3ad2418e,2872,6.1288,64
5eb6c7ea,7812,6.1288,1
6b9783f2,5820,6.1288,92
673eb7d8,9324,6.126,125
4fc85480,15026,6.126,1
27294304,2960,6.1288,64
7076dc00,6538,6.126,1
626435a1,6018,6.1288,1
6f050139,16312,6.1288,172
2595ebe,8353,6.1288,1
44891429,5691,6.1288,87
703e824,2940,6.1288,64
40482d34,2971,6.1288,64
82c272d,14911,6.1288,1
408425d,14904,6.1288,1
3dac70d9,7843,6.1288,1
1c52d830,14593,6.1233,1
1d726703,6573,6.1288,1
6a99a0a,5226,6.1288,84
748e2ecf,5893,6.1288,87
325290a9,10248,6.1288,126
416b7367,9172,6.126,1
38cb4d8b,8279,6.1233,108
368f6fee,8519,6.1288,1
3372d7a6,5046,6.126,83
1583ceb9,4352,6.1233,1
2c9d38a0,7620,6.1288,100
77c66e97,6495,6.1288,1
3afb8f9e,6662,6.1288,1
1f11b080,5911,6.1288,87
146c53dd,14920,6.1288,1
509a3511,7073,6.1315,97
64ac416d,15484,6.1315,172
57812f20,6873,6.1315,1
367bc7e3,7754,6.1315,1
24fce41c,5429,6.126,87
5278a9e5,5835,6.1288,87
53cb2c06,6157,6.1315,1
3b67ad43,7845,6.1233,1
78787237,7948,6.126,1
6fd8db5c,14595,6.126,1
65f961bd,8067,6.1288,1
63f2c5f4,14601,6.1315,1
10cafbe8,9037,6.1315,1
6d2b1361,7248,6.1288,97
5820fa77,9435,6.1315,124
718bd814,5885,6.1315,87
5f51ab11,7767,6.1315,1
2af9186a,6332,6.1288,1
75d5ac00,8882,6.1288,115
36bc1a14,6107,6.1315,1
5ab181d6,4687,6.1288,1
86ab0b2,14517,6.1315,1
6ab2c39d,9326,6.1315,124
325fc767,4681,6.1315,1
64b65fcb,7524,6.1233,1
39048ccf,7951,6.1315,1
4a7d060c,14919,6.126,1
2523debe,7526,6.1315,1
45d61e59,15641,6.1315,172
68f0fbdb,14738,6.1315,1
716f6ae4,5864,6.1315,87
9fe9d7b,6472,6.1288,1
5fe0c388,5123,6.1315,83
421f4e4f,4045,6.1315,1
374eb483,9341,6.1288,124
4a26e254,8072,6.1315,1
52098504,7779,6.1315,1
1303941b,6802,6.1315,1
2bd6dd02,15101,6.1205,1
697e9e57,7713,6.1315,1
1437e56e,6132,6.1288,1
cc8c50d,5234,6.1315,84
1b1b08bf,15220,6.1315,172
113c8f79,16960,6.1315,172
61b2a2d2,7679,6.1315,1
2aa048fd,14695,6.1315,1
6c704deb,14614,6.1315,1
6b8e813,18183,6.126,1
1ba942b5,5606,6.1315,87
301ed83b,14962,6.1315,1
73037077,4334,6.1315,1
323af674,8657,6.1315,1
6357b66c,7762,6.1315,1
254e653d,9054,6.1288,1
4da6392b,16831,6.1315,172
284affbd,6614,6.1288,1
54212442,8919,6.1315,116
6133d8a0,7137,6.1342,97
7670d80e,2869,6.1342,64
20c13c70,5449,6.1315,87
5c522622,8757,6.1342,1
231a8d02,7752,6.1342,101
535a81c7,5913,6.1342,93
7ad11560,15646,6.1342,172
715cbb51,6892,6.1342,1
377f5f2e,7804,6.1342,1
16c5f1f6,14655,6.1342,1
407ab65e,5873,6.1342,87
47a9532f,14613,6.1342,1
52175e15,5710,6.1342,87
35a124af,6771,6.1315,1
78ea9b1a,2897,6.1342,64
6db71a1f,7963,6.1315,1
600a1cad,5876,6.1342,87
5c32c85f,9070,6.1342,1
702caa88,9295,6.1315,1
251e3170,14813,6.1342,1
15c1be0a,8470,6.1342,1
5ffbecdd,4190,6.1342,1
4a166540,4698,6.1233,1
1ed748c3,14534,6.1342,1
67e94fd,6702,6.1342,1
6b12379d,9458,6.1315,126
6e31deb,7303,6.1342,97
7f265412,14758,6.1342,1
5b139a65,7712,6.1342,1
29b82486,14800,6.1342,1
372a781f,7559,6.1342,1
446c4590,7304,6.1342,97
7ae13c2c,5512,6.1342,87
3d6641a7,4343,6.1342,1
5592ce99,6494,6.1342,1
311caeb4,6100,6.1342,1
426ff4e7,5455,6.1342,87
4d0bee74,9171,6.1342,1
e2e074a,15118,6.1342,1
5a937135,15329,6.1342,172
6cf62eec,14898,6.1342,1
67667e4c,5132,6.1342,83
750c449a,5047,6.1342,83
be60926,10013,6.1342,126
24aa634b,8842,6.1342,1
3c22f40f,9119,6.1315,1
4a3ddbb6,4699,6.1342,1
1efd58a3,8553,6.1288,1
9c2e772,17089,6.1342,172
32d67055,4917,6.1342,82
1692edd2,9036,6.1342,1
80229db,6026,6.137,1
625e97e3,7700,6.137,1
7cb905ad,6536,6.137,1
7dec96b7,5162,6.137,83
7c9108a5,5860,6.137,87
6a66695b,6943,6.137,97
5ec69dd7,18184,6.137,1
4706e196,9197,6.1342,1
33260df3,16504,6.137,172
510fa838,2919,6.137,64
6a53967d,9624,6.1342,126
1196c5,9739,6.137,126
70ebcd00,6512,6.137,1
73a10f7b,7592,6.137,1
485a1734,14970,6.137,1
5b78f0c,4121,6.1342,1
99c96c1,8841,6.137,1
27b1c93f,10020,6.137,126
7ef46d8,9284,6.1315,122
5c90c065,8994,6.137,1
65e6fb14,6170,6.1342,1
8a143f7,9021,6.137,1
21f08bed,9794,6.137,126
7b39e45e,9378,6.137,124
1601a872,16961,6.1342,172
29559e76,5440,6.1315,88
2be9ce50,4932,6.1315,82
e639723,14515,6.137,1
3a4c89a5,6296,6.137,1
3fef16b4,14872,6.137,1
42b05c5e,15970,6.137,172
5a91d457,8658,6.137,1
48d98aa9,9012,6.137,1
160633b6,9139,6.1342,1
23a4d1d3,14833,6.137,1
2f6baedc,5543,6.137,87
519bdd74,18216,6.137,1
57c987c,2963,6.137,64
1f4d6b8,16858,6.1342,172
2648ceb3,15079,6.1342,1
e39de87,8382,6.137,1
2937c773,2812,6.137,63
4c82f334,6432,6.137,1
48690551,15174,6.137,1
6f8f4bf2,4914,6.137,82
fd22de6,14490,6.1342,1
18497f30,7944,6.137,1
7e93e2d0,5829,6.137,87
53a1636b,7022,6.1342,97
188aa2e5,14645,6.137,1
d4faadd,7895,6.137,1
136c0b8f,9020,6.137,1
400f562d,4166,6.1315,1
ddf4943,6909,6.137,1
7db61367,9501,6.137,126
510e3151,7921,6.137,1
35c7847,8566,6.137,1
e755f2d,9216,6.1397,1
34f1cef0,5287,6.1397,84
43931c7c,14826,6.1397,1
7fe24821,6843,6.137,1
e731242,7905,6.1397,1
2adbb896,16651,6.1397,172
10676573,4905,6.137,82
4bccfbff,6934,6.1397,97
5d3b11c6,5298,6.137,1
2a530dff,14581,6.1397,1
1b4b93b,6389,6.1397,1
2d8bb9f1,8109,6.1397,1
28bb38a7,6492,6.137,1
3e6e51f8,6445,6.1397,1
1a35f4ba,16919,6.1397,172
599e0e43,14883,6.1397,1
3e6cfba6,5121,6.137,83
4ed899ab,17382,6.137,172
3f57eed7,15075,6.1397,1
af24da3,15027,6.1397,1
30a7961f,14582,6.1397,1
539a2690,8236,6.1397,1
5905f889,6733,6.137,1
59249428,6785,6.1397,1
41a345fa,6125,6.137,1
438f55f8,7548,6.1397,1
35b82cb0,7162,6.1397,97
48c06bfb,6390,6.1397,1
13977b8c,2945,6.1397,64
2a8edc93,4671,6.1397,1
5e27b8de,7566,6.1397,1
15f38f52,16155,6.137,172
3d2b3677,1968,6.137,50
3d90cd7b,15910,6.1397,172
37972fcd,5354,6.1397,1
6126f41e,9256,6.1397,121
22451ac,8344,6.1342,1
ba4d7a5,7818,6.1397,1
306428bf,8156,6.1397,1
66b4bca9,14465,6.1397,1
46bd38e2,16666,6.1397,172
6b09d66f,5041,6.1397,83
39ab906b,7546,6.1397,1
167ec594,4915,6.1397,82
3361c39a,8695,6.1397,1
b89da5,7794,6.1397,1
65f56d11,5973,6.1397,1
5c7465e,9062,6.1342,1
3887386f,7156,6.1397,97
7c96cf6f,8660,6.1397,1
3245a809,11390,6.1342,126
57a02326,2957,6.1342,64
d0ffda9,9108,6.1397,1
ccaf827,10073,6.137,126
466db366,6417,6.1425,1
240f97bd,14570,6.1425,1
59f74e42,7952,6.1425,1
542cae03,5171,6.1397,83
359fb88f,9780,6.1425,126
2b671260,14425,6.1425,1
70b7dceb,14548,6.1425,1
7fa629ee,6193,6.1425,1
5beab718,6824,6.1425,1
388c6779,9016,6.1425,1
1305d38f,8503,6.1397,1
ad66d75,8201,6.1315,1
2b6b961a,6875,6.1425,1
65755718,7136,6.1425,97
6b296ed9,14894,6.1425,1
3253aef2,18206,6.1425,1
286d9452,5161,6.1425,83
18e51d3b,14787,6.1397,1
358bceb4,15379,6.1425,172
30456b6a,15704,6.1425,172
4769f03e,5944,6.1397,1
8ebb25c,16013,6.1397,172
28145a3e,8437,6.1425,110
33117a6d,6471,6.1425,1
3b719431,8459,6.1425,1
6edda851,8554,6.1425,1
a81fb84,7795,6.1425,1
6492ca1e,14532,6.1425,1
5ce806f3,5463,6.1425,87
33cceb27,6446,6.1425,1
6b0fc143,5772,6.1425,87
68137353,8349,6.137,1
1aa39675,16410,6.1425,172
660c44c,4676,6.1397,1
43f7209,6775,6.1425,1
1370081a,6188,6.1425,1
608a78cc,5670,6.1425,87
661c4a96,14535,6.1425,1
66dea0bd,9147,6.1425,1
60804f8e,7581,6.1425,1
75fd54a4,4505,6.1397,1
46021ecf,15355,6.1425,173
42cea463,17024,6.1425,172
51062fcf,15087,6.1425,1
4e41193f,6790,6.1425,1
18e3925e,2918,6.1425,64
2fb9d09d,8357,6.1452,1
4f21faf2,9136,6.1452,1
96f8ac8,8003,6.1452,1
d9a98d9,4265,6.1425,1
6c468ccf,9314,6.1397,1
2c701ddf,5631,6.1452,87
593cfb53,6292,6.1452,1
39ecfd,7661,6.1452,1
584128c1,4532,6.1452,1
74c7a2c9,4075,6.1452,72
74f348f3,15009,6.1397,1
4a2bd35d,9226,6.1425,1
53a90e1,6543,6.1397,1
54eca7a7,2870,6.1452,64
3a36c919,7090,6.1452,97
2e134439,4719,6.1452,1
7fff7482,2889,6.1452,64
4e1f2545,4485,6.1452,1
42ed439e,6084,6.1452,1
76ebf576,15911,6.1452,172
301477e0,8584,6.1425,1
72b4c44d,15509,6.1452,172
45b6f253,10471,6.1452,126
6d6fb8c8,8151,6.1425,1
4406b056,8773,6.1452,1
10448237,7844,6.1452,1
6292de06,16967,6.1452,172
70d07fe1,14467,6.1452,1
722b8364,8887,6.1452,115
3de0977,17487,6.1452,172
373f6601,5818,6.1452,92
2c58865,7086,6.1452,97
43a9fc0e,15031,6.1425,1
6db767bc,15109,6.1452,1
54ce9641,15516,6.1452,172
1ed14ecc,5728,6.1452,87
71eaa828,7879,6.1452,1
6059718,18151,6.1397,1
52441ef8,8969,6.1425,1
52923c79,9622,6.1452,126
5ed7e3a9,14825,6.1425,1
88bf548,8402,6.1479,1
1c387dbb,4741,6.1479,1
5f0afbb1,2879,6.1425,64
3ea19152,17060,6.1479,172
69d7027b,6198,6.1479,1
36dd7f5f,16576,6.1479,172
3e02cd46,6449,6.1479,1
c1bf0d5,7957,6.1479,1
5d0efff7,6243,6.1479,1
74548e,6965,6.1479,97
28b4c13b,6349,6.1452,1
7241ef5c,6097,6.1452,1
7b7a11a0,18138,6.1479,1
51a1b87f,7989,6.1479,1
73d356e1,8374,6.1479,1
7d60fcb9,8537,6.1479,1
1fccebb0,6831,6.1452,1
56bc15a4,14518,6.1479,1
a023d4c,18136,6.1479,1
638f16b3,8202,6.1452,1
1970ab4f,7924,6.1479,1
5fa1b77a,5753,6.1479,87
2fd78cf0,7582,6.1479,1
34a42c1b,7504,6.1479,1
2f859eb2,15990,6.1479,172
59d9127b,8646,6.1425,1
333362de,15203,6.1425,172
2090c844,8024,6.1479,1
3541ecb9,5007,6.1425,83
363284ad,2729,6.1479,1
1e3f2527,6882,6.1479,1
38cb0c4c,5111,6.1452,83
43ff1c56,5010,6.1479,83
2551bc8,5117,6.1452,83
166493e5,14437,6.1452,1
2060e0c3,8259,6.1452,1
4711eff5,15140,6.1479,1
27582237,6189,6.1479,1
7884ee21,14835,6.1479,1
584be831,14686,6.1479,171
d79e64f,9914,6.1479,126
35ed472,5914,6.1452,93
2a3879db,5856,6.1479,87
629e552e,15030,6.1479,1
4b19ad0,8107,6.1479,1
46385f97,9152,6.1479,1
2f27002a,9765,6.1479,126
3f0007c5,7050,6.1479,97
40f98d4d,14451,6.1479,1
252449c3,9267,6.1452,1
4a3578e,14753,6.1479,1
18cdf220,4494,6.1452,1
376f6def,16673,6.1479,172
4e3b3af7,7600,6.1479,1
332f5872,8406,6.1479,1
73d02c8b,5612,6.1507,87
53cb3097,16419,6.1507,172
249e286d,9519,6.1507,126
1b1f2d14,14620,6.1507,1
57d33b8d,5646,6.1507,87
14c02af5,15083,6.1507,1
1e7605cd,15084,6.1507,1
4bfe8b2e,9146,6.1507,1
296b68c8,14908,6.1479,1
672a313b,8884,6.1479,115
495c087e,6939,6.1507,97
76c45d80,8403,6.1479,1
3278738,14693,6.1479,1
49b56b8,15161,6.1507,1
320e1cf9,6539,6.1479,1
4f35cdc2,8215,6.1507,1
1bb8fd3e,8340,6.1507,1
4fc49b94,16654,6.1507,172
11343a42,7615,6.1507,100
539f0549,6618,6.1507,1
f925309,5832,6.1479,87
64617154,14606,6.1507,1
5437a1b0,7513,6.1479,1
7f295332,8491,6.1507,1
5131a3c2,9390,6.1507,124
62be5dc5,2903,6.1452,64
dba6b17,15532,6.1507,172
64696131,11636,6.1507,126
516c1e4d,8949,6.1507,1
41ac21d0,8329,6.1507,1
3e37d884,6434,6.1507,1
1f101821,17433,6.1507,172
305f921b,6435,6.1507,1
1707c2b,16959,6.1507,172
21f26f74,14931,6.1507,1
3ebcba7b,18146,6.1479,1
72bf38fd,7359,6.1452,97
13216ea5,5104,6.1507,83
702c93a5,6165,6.1479,1
4297cb1b,17494,6.1507,172
1923de50,7562,6.1507,1
24aa948,9202,6.1507,1
12507559,15097,6.1479,1
6757d0d,17368,6.1507,172
7ac6b1cb,7593,6.1507,1
7d10219d,14429,6.1507,1
76e919d9,6791,6.1507,1
6c7b79db,6244,6.1507,1
41cbfc4c,9167,6.1507,1
e4c5557,5129,6.1507,83
722c91ca,14656,6.1452,1
452e9bf5,15233,6.1507,172
5b192680,7865,6.1507,1
37132659,6563,6.1479,1
212753b0,18162,6.1425,1
10e79552,9156,6.1534,1
2589ce8,14456,6.1534,1
2c574314,7799,6.1507,1
37f63ffd,15074,6.1534,1
1b976154,15590,6.1534,172
5d6e1112,6128,6.1534,1
4b37a648,16417,6.1534,172
4d386104,5496,6.1479,87
6d852436,8867,6.1534,1
40ce5e15,15969,6.1534,172
46716d80,7919,6.1534,1
36bdb5a2,6377,6.1534,1
3883c230,7716,6.1534,1
7ce3f582,11225,6.1534,144
4eef22fd,14666,6.1534,1
15248e27,15986,6.1534,172
33905cf1,8801,6.1452,1
503cf0e4,16432,6.1534,172
7d323b4f,6578,6.1534,1
6773d8d4,5112,6.1534,83
561737ab,9429,6.1534,124
67d19e4c,9868,6.1507,126
303aee03,14829,6.1534,1
505de982,9716,6.1534,126
29113e25,15344,6.1534,172
4654fec3,15658,6.1534,172
2d1c3bbb,15256,6.1534,172
1232c663,17165,6.1534,172
2113cdfa,15076,6.1534,1
32722216,18142,6.1507,1
53b1607d,16997,6.1479,172
76bf6ba5,17495,6.1534,172
1f3c4853,6913,6.1534,1
1b399409,5271,6.1534,84
15905842,9385,6.1534,124
38f867ea,6530,6.1507,1
60924a00,5453,6.1534,87
1d11e891,15014,6.1507,1
4a5fbee6,8429,6.1507,110
31e34770,8099,6.1507,1
43d3c906,8310,6.1534,1
5194e48d,9831,6.1534,126
668bd8d7,6994,6.1507,97
4d78cbb1,4688,6.1507,1
10bea0e1,17191,6.1534,172
66789ef7,8052,6.1507,1
5e0dbf8f,4527,6.1507,1
55a3d2bc,15764,6.1534,172
30ffd941,7056,6.1534,97
2cacd25b,8966,6.1507,1
6612f1ca,15356,6.1507,172
12d2768f,2888,6.1534,64
2110529d,17472,6.1507,172
6aed4231,6148,6.1534,1
2416abfc,8952,6.1534,1
2571d7ff,9277,6.1534,1
6d6fd76,8837,6.1562,1
62adb57,6879,6.1507,1
1772c925,8626,6.1562,1
9560522,15204,6.1562,172
3431f58c,6595,6.1562,1
13ee3068,9050,6.1562,119
3c973a1b,7662,6.1562,1
d9b5db2,4641,6.1562,1
5dbbdf35,9362,6.1562,124
5c810e46,15378,6.1562,172
59c3a02f,17474,6.1507,172
ee21068,9103,6.1562,1
d2324f6,14506,6.1562,1
5984f82a,7000,6.1507,97
1d02f9ed,7746,6.1562,1
37ddb75,15726,6.1534,172
2767caf3,14552,6.1562,1
17ed5b78,14999,6.1562,1
6956b407,15070,6.1534,1
6311f551,18139,6.1562,1
1f8bb55b,5408,6.1479,1
eda2c35,16824,6.1562,172
7391800d,14659,6.1562,1
2f3bf4f4,17629,6.1562,172
436c373f,14545,6.1562,1
1c0810e3,15189,6.1534,172
63666a87,6475,6.1562,1
130abe4b,8960,6.1562,1
317da6da,10225,6.1562,126
6dae371e,5128,6.1562,83
3d4c4a7e,8284,6.1562,1
7bf2537a,5145,6.1562,83
6f2a3ff4,6367,6.1562,1
27e561a8,14921,6.1534,1
3b6fb48d,7481,6.1507,1
642f0624,6651,6.1562,1
daff058,9821,6.1562,126
14b3864,4499,6.1562,1
47462f1c,5928,6.1562,1
5bc40ff6,8128,6.1534,1
299b19e6,6147,6.1534,1
1c8b6570,15461,6.1562,172
3533ddce,7482,6.1562,1
2e7432a0,8016,6.1562,1
714b8ca9,8409,6.1534,1
7837353,6616,6.1562,1
7c4367ea,14774,6.1562,1
de605ad,10191,6.1589,126
20e5ee7c,14637,6.1589,1
3c6018d8,15577,6.1589,172
5bfb4489,16183,6.1589,172
660de936,5445,6.1589,87
69947d85,14616,6.1589,1
558e0eb7,14514,6.1589,1
54d0c783,4356,6.1589,1
df82d0a,14472,6.1589,1
5d9dd076,14930,6.1589,1
7dabaa34,6780,6.1589,1
607729bb,14596,6.1589,1
172ff615,9138,6.1562,1
3271a9f1,7743,6.1589,1
604f9ce3,5166,6.1589,83
2f786644,5108,6.1589,83
53e2fefc,7819,6.1589,1
3b9535cb,4639,6.1589,1
4143d69,9333,6.1562,124
1820118c,7656,6.1589,1
5c71096a,14385,6.1589,1
27ee225a,6701,6.1562,1
4e584442,16487,6.1589,172
6b02d795,15559,6.1589,172
5d47645a,8698,6.1589,1
73360708,6828,6.1589,1
555e775e,10167,6.1534,126
27587a5d,7768,6.1589,1
2b2e40a0,9137,6.1589,1
56ed942f,15487,6.1589,172
15a0c7bd,9307,6.1589,1
714ecdc6,15345,6.1589,172
28bcb80f,16838,6.1589,172
124a1ddb,14822,6.1589,1
144bd00,8467,6.1589,1
6d853d28,9018,6.1589,1
6e36013,9123,6.1589,1
4b52cc00,15150,6.1589,1
934a474,18086,6.1562,1
2dbca4ef,16936,6.1589,172
30c2aab3,8497,6.1589,1
6d2d5267,8943,6.1589,1
41165cb2,8950,6.1589,1
9c503a3,7074,6.1562,97
2c77b71a,15357,6.1589,172
2b4e7699,8085,6.1534,1
58ce4c8e,9361,6.1589,124
79b7842f,14821,6.1589,1
2d257de2,5619,6.1589,90
67aa8217,6817,6.1589,1
449eaaea,9304,6.1589,1
68693364,9410,6.1562,124
74466731,8049,6.1562,1
16574ae5,4709,6.1589,1
4c95ce00,8844,6.1589,1
1fe85649,14870,6.1589,1
75beee5c,6586,6.1616,1
30cb6a4e,7669,6.1616,1
7095a66e,8900,6.1616,116
8a10744,7116,6.1616,97
6ec94966,8060,6.1589,1
1a4beae5,9082,6.1562,120
5f98937f,5852,6.1589,87
7ecb69fb,17087,6.1616,172
15b9e576,5135,6.1589,83
506029e6,9827,6.1616,126
4b784bfe,7760,6.1616,1
6ed977db,8926,6.1589,116
3411bd23,14436,6.1616,1
656f8d5e,15167,6.1616,1
6cc11db6,10930,6.1616,126
4903c85a,5199,6.1616,84
70429cfc,5110,6.1616,83
695efad7,17077,6.1616,172
612acea3,4990,6.1616,1
734dc572,9972,6.1616,126
d9666e7,8041,6.1616,1
5a803e17,5713,6.1616,87
3ec1ecc7,9160,6.1616,1
2057318a,6992,6.1616,97
1e48da39,6792,6.1616,1
45632f61,6190,6.1616,1
48937ce4,10171,6.1589,126
5069015b,8440,6.1616,110
747554de,14569,6.1616,1
6db7f0bb,10620,6.1589,126
35766626,4340,6.1589,1
69324fce,18214,6.1616,1
37bf2592,15624,6.1589,172
65df29f6,10076,6.1616,126
639e243d,16963,6.1616,172
141bd55c,16411,6.1616,172
18a94bbf,15475,6.1589,172
56747e8d,6450,6.1616,1
4af86d2c,16223,6.1616,172
58550782,7813,6.1616,1
a735b84,14521,6.1616,1
7f86cc51,8054,6.1616,1
761e5f80,5722,6.1616,87
6072fd6,16833,6.1616,172
6c68ed6e,6610,6.1616,1
2945cab4,15111,6.1616,1
1638fbe9,7875,6.1616,1
5f95493b,5848,6.1616,87
5bf3ef16,4533,6.1616,1
64b50221,5924,6.1616,1
35035aed,9880,6.1589,126
40aa11e7,15971,6.1616,172
4e5cdbb,7508,6.1616,1
4bb184b7,7729,6.1616,1
488d730c,16832,6.1616,172
67769cc2,17025,6.1616,172
77439ce2,16010,6.1644,172
5d610fa4,8050,6.1616,1
2220e30b,7583,6.1644,1
7e571217,15961,6.1644,172
1b4bb577,4935,6.1644,82
41875de9,8868,6.1644,1
46db3c5f,9153,6.1616,1
1312070f,9344,6.1644,124
6101d1bf,4919,6.1644,82
559378d0,15098,6.1644,1
58867378,8048,6.1644,1
472085f3,4916,6.1616,82
13f6ecfd,8431,6.1644,110
4409c867,15638,6.1616,172
a127dce,8105,6.1644,1
6164c247,2926,6.1644,64
22a8cc85,9915,6.1644,126
28687247,15192,6.1644,172
6a25f6c5,8466,6.1644,1
318d9689,7606,6.1616,100
763c0c05,4100,6.1644,1
192e64d8,16680,6.1644,172
12942aa3,5696,6.1644,87
798598fc,16828,6.1644,172
2461609b,17088,6.1644,172
1d9f9f2,10068,6.1644,126
544ec34d,7797,6.1644,1
7b0404e7,18037,6.1644,1
11a4fd1d,9865,6.1644,126
5f7c80b2,5777,6.1616,87
7d8a64bb,9725,6.1644,126
267274d1,18211,6.1644,1
1d584756,7211,6.1644,97
10083917,8079,6.1644,1
2b4a42b4,7406,6.1644,97
5cb44da,2941,6.1644,64
7581c3c8,14879,6.1644,1
302a7c4e,5734,6.1644,87
419250a4,6360,6.1644,1
613b2bdd,4624,6.1644,78
189d9aac,7893,6.1616,1
47aff0f1,8954,6.1644,1
24843c46,14888,6.1644,1
d602d4c,4519,6.1616,1
1c598ec8,9968,6.1644,126
68653f15,7588,6.1644,1
50756290,7786,6.1644,1
559602d4,9196,6.1616,1
569f960,15737,6.1644,172
3f2f78ab,6223,6.1644,1
5aca4d38,7945,6.1616,1
10220df8,15765,6.1644,172
7be6bb38,7650,6.1644,1
734c027c,5563,6.1644,87
3fc87ecf,4911,6.1644,82
37e34783,5838,6.1644,87
372ec14a,14819,6.1671,1
2b166062,9334,6.1671,124
2781cc80,4017,6.1589,1
795f93ec,17113,6.1671,172
59db40e,14507,6.1644,1
286f3461,4337,6.1671,1
698a84b7,7437,6.1644,97
34607ebd,6880,6.1671,1
6c4faa99,5653,6.1562,87
49a4eda,6929,6.1616,97
78e55a8a,9017,6.1671,1
1b80bee,17500,6.1671,172
5507be14,15065,6.1671,1
6815273f,15107,6.1616,1
799f43c6,8296,6.1671,109
89f40c2,8696,6.1671,1
2fa53eb1,9194,6.1671,1
473ac24f,18197,6.1671,1
6572948,16842,6.1671,172
555cb37,7906,6.1671,1
3a5b0e7b,18157,6.1616,1
3832d9a,6290,6.1671,1
104cc82a,14602,6.1671,1
12baaf1f,4918,6.1644,82
37f0042f,6514,6.1671,1
2d98c969,5122,6.1671,83
63fa39e,6832,6.1644,1
1c4ab13e,7040,6.1671,97
1f2727b6,7113,6.1671,97
5bcf37ff,8441,6.1671,110
30777e6e,6298,6.1644,1
4baf18ad,6354,6.1671,1
2a593a7,8795,6.1671,1
20773cc3,8531,6.1644,1
2bf8b2ad,5831,6.1644,87
4a00670,17413,6.1671,172
18a1ad0f,15338,6.1644,172
36373d17,15678,6.1671,172
2f3f9e36,6674,6.1671,1
41bc2ca6,9328,6.1671,124
5460284b,6553,6.1671,1
5bb06855,18054,6.1671,1
8ad933b,7108,6.1616,97
28545794,7671,6.1671,1
7da300a5,8076,6.1671,1
25092d84,9308,6.1671,1
5d381374,17131,6.1671,172
41594655,8032,6.1644,1
4b3b411d,18064,6.1671,1
2e78c6f7,6590,6.1699,1
42f1bbb1,16991,6.1699,172
49913654,14937,6.1699,1
5833a5d2,10485,6.1671,126
30148f5d,15102,6.1699,1
7ff786dd,5657,6.1699,87
3f143ce1,9609,6.1699,126
7a4c03e4,16206,6.1671,172
6e361597,8152,6.1699,1
2d34a7e2,15481,6.1699,172
33d96591,9414,6.1699,124
71db5079,8727,6.1699,1
2910132d,9210,6.1699,1
77d43135,9631,6.1699,126
56bf4671,5886,6.1699,87
7f57939a,14873,6.1671,1
75a840c,9397,6.1699,124
2efa66b1,15002,6.1699,1
78f1b7c2,6088,6.1699,1
1f4dcc26,16578,6.1699,172
3bf92005,2878,6.1699,64
362da8f0,16161,6.1699,172
68d0b992,7659,6.1699,1
156295d7,14670,6.1671,1
fc5fe4,10486,6.1699,126
60587f1e,5446,6.1644,87
12538218,16968,6.1671,172
7fa2a5e9,6888,6.1699,1
cf8bc81,6611,6.1671,1
6316215c,15425,6.1699,172
7e6f4be7,8311,6.1699,1
5d6c6bbb,15136,6.1699,1
5321714c,15728,6.1699,172
39c60b2c,7614,6.1616,100
3df25f80,6422,6.1699,1
37dca36,14731,6.1644,1
5b0e7004,15388,6.1699,172
52189f22,2942,6.1699,64
7d39c4be,14597,6.1699,1
10f89d55,4084,6.1699,1
38de511e,6245,6.1699,1
2ea938a8,15011,6.1699,1
1d0605f7,9596,6.1699,126
378235cc,8666,6.1699,113
49402137,15968,6.1699,172
5b62eb66,5493,6.1699,87
3dcdfa0,2725,6.1671,1
6457db0b,5141,6.1699,83
495343cb,8605,6.1671,1
1529a4f,15147,6.1699,1
7ea39ef0,8967,6.1699,1
6416641a,5613,6.1699,87
3e436410,7873,6.1671,1
6ddd2508,16185,6.1699,172
78c84a1e,4507,6.1671,1
2f29d7a9,4133,6.1671,1
aef55b8,16171,6.1671,172
e9ed488,15094,6.1726,1
5b927bc7,14958,6.1699,1
76409266,14516,6.1726,1
34bcf7ff,16588,6.1726,172
5549ea5e,5857,6.1726,87
25fb27da,14850,6.1726,1
5d398d79,18143,6.1726,1
e699a2e,6246,6.1726,1
14e88aa7,5081,6.1726,83
68d1ba17,2967,6.1726,64
7992b031,6522,6.1726,1
3be8fdc7,5082,6.1726,83
6b05f5af,14697,6.1699,1
77e1bedf,14638,6.1726,1
e61fbda,5447,6.1699,87
621ed11f,7880,6.1699,1
1e641e5e,15744,6.1726,172
5a8838b0,16935,6.1726,172
5b36a710,5330,6.1726,1
4f341340,6274,6.1726,1
719c7216,7509,6.1726,1
6aca992d,9888,6.1726,126
42aad43,15169,6.1726,1
6beb1095,15013,6.1699,1
79f5d33c,7201,6.1699,97
47482ede,9395,6.1699,124
1659c3c1,5891,6.1699,87
25050627,6436,6.1726,1
72be4d88,15772,6.1726,172
9e5916f,6569,6.1726,1
7406a3df,8665,6.1726,113
2c193155,7991,6.1726,1
21a02ecf,15054,6.1726,1
21f2f57e,7946,6.1699,1
602ba2c4,7494,6.1726,1
40e5eedf,6564,6.1726,1
5dda40d,10287,6.1726,126
252b242f,7367,6.1726,97
13447cf1,5859,6.1699,87
66374755,7820,6.1699,1
2e44c1df,7319,6.1699,97
4b717560,5302,6.1671,1
29652f2f,17166,6.1726,172
4651f5d6,7417,6.1726,97
3a27bb6f,5743,6.1699,87
ab4fb2e,7049,6.1726,97
6cf12de4,14852,6.1699,1
2f6999e,8955,6.1726,1
4b403353,5766,6.1726,87
4c3b1597,6437,6.1726,1
617bfab5,4843,6.1726,1
5777a56d,16642,6.1671,172
1d67de7b,15066,6.1726,1
964f7ed,7041,6.1726,97
37740a26,14967,6.1726,1
5dc28d68,15677,6.1726,172
7ef514ad,6325,6.1726,1
50004f01,7870,6.1726,1
5387ebfc,14633,6.1726,1
47324a1d,15408,6.1753,172
ed2365e,6353,6.1753,1
58d40b55,6419,6.1753,1
a7e2f09,4493,6.1726,1
5f49eef9,7644,6.1753,1
40364388,8522,6.1726,1
38c06678,15972,6.1726,172
433d000e,16655,6.1753,172
531300b6,9240,6.1753,1
21cb335f,16951,6.1753,172
732f3f25,18083,6.1753,1
1c66c0f5,8664,6.1753,113
1a0362b8,5846,6.1753,87
31152c86,15059,6.1753,1
7a488ca2,6024,6.1699,1
261197f,14928,6.1753,1
376ad29,15358,6.1753,172
1b9fc0dd,10994,6.1726,126
258c6290,10258,6.1726,126
40026bcd,6133,6.1753,1
2f2c3dbf,5809,6.1753,91
46d045c3,8086,6.1726,1
1985d296,6313,6.1753,1
7c796053,9610,6.1753,126
546a80d5,15903,6.1753,172
3a2715ae,8538,6.1753,1
74280690,16622,6.1753,172
430e7be1,8870,6.1726,114
42ad91d0,8877,6.1699,1
74c2f02b,15625,6.1753,172
1facf2d7,9409,6.1753,124
3799f895,10297,6.1753,126
7f67cd4d,5441,6.1753,87
6064c694,17153,6.1753,172
1ade86df,15668,6.1726,172
76f6288f,7866,6.1753,1
76ca0178,15691,6.1753,172
42e295b7,6374,6.1726,1
2a9f7f8e,14634,6.1753,1
72033f79,8533,6.1753,1
11a3daba,8542,6.1753,1
3744c837,17132,6.1781,172
615dbc45,4266,6.1781,1
aceafe0,5084,6.1781,83
537c209,8395,6.1781,1
14a3b7e8,16238,6.1753,172
18108ead,8929,6.1753,116
1cec04cb,16555,6.1781,172
675e83e0,6379,6.1781,1
5cc22288,7196,6.1781,97
5557d20f,9474,6.1753,126
492e5bee,6864,6.1781,1
5afc90a8,8153,6.1753,1
3418ca13,6516,6.1753,1
5532693b,15901,6.1781,172
3bcf5ed,14549,6.1753,1
17e73f1d,15168,6.1753,1
7ccb5044,8077,6.1781,1
5daf4b76,7639,6.1781,1
47019518,8247,6.1753,106
79462480,15156,6.1781,1
5777f362,7176,6.1781,97
7198d0b8,14688,6.1781,171
1fa68214,15137,6.1753,1
3afa22c6,8932,6.1781,116
7250733d,7738,6.1781,1
1ad472f6,6681,6.1781,1
3187e0b6,4320,6.1781,1
2d7e7c04,9129,6.1753,1
46f9977f,7411,6.1781,97
37c1dd06,9710,6.1753,126
e3b5aca,8521,6.1699,1
50fb8955,15348,6.1781,172
5ab3be5a,15351,6.1753,172
63a361e7,11356,6.1781,126
1dabcff7,5134,6.1781,83
371a9a53,9257,6.1781,121
3ba71cc4,7012,6.1781,97
7ca12484,8839,6.1781,1
4f5ceae,5008,6.1781,83
675e0461,14757,6.1753,1
649c7572,9346,6.1781,124
11ece861,6689,6.1726,1
36eb3c58,4509,6.1781,1
3bc6d44c,5762,6.1781,87
2ef28da6,15071,6.1781,1
2c2cb259,7796,6.1781,1
5b6ebcff,6386,6.1781,1
3335ecee,18124,6.1781,1
2b1c654b,16172,6.1781,172
5dc52fa9,15131,6.1781,1
502cf4e9,15060,6.1781,1
19db2acf,2934,6.1808,64
51253282,16852,6.1808,172
25e9e768,6241,6.1753,1
539b89e3,6697,6.1781,1
12d5d480,16656,6.1808,172
52181947,10255,6.1808,126
2ad190a4,6827,6.1808,1
4069f031,16538,6.1808,172
7c244d68,6373,6.1781,1
6ee4a18a,5732,6.1808,87
48965842,16263,6.1808,172
192b3cf6,6737,6.1808,1
47f1d119,10188,6.1808,126
19609b82,4530,6.1808,1
524391d5,16570,6.1808,172
286d8797,4936,6.1808,82
61dde29a,5815,6.1781,87
2766849e,16993,6.1781,172
7cfcc9a8,5776,6.1808,87
327f32db,4705,6.1808,1
766a5a3c,5800,6.1808,87
78adaf59,14927,6.1808,1
6286986d,16639,6.1781,184
29a4870c,10226,6.1808,126
d3b83be,6730,6.1808,1
18f93227,14519,6.1808,1
4e6a84a5,6914,6.1781,1
43fbe683,6698,6.1808,1
120cab31,5167,6.1808,83
43b5cb5d,17139,6.1753,172
59603022,5810,6.1808,91
45b30a73,15692,6.1808,172
329174d7,15095,6.1808,1
5f13befb,8793,6.1808,1
7aa741b,14509,6.1808,1
5a97060f,2964,6.1808,64
6319e646,15533,6.1808,172
213f68b8,5078,6.1753,83
7561da28,4498,6.1753,1
17a41df5,8087,6.1808,1
af54122,5795,6.1808,87
3b23f291,7154,6.1753,97
610327e5,7046,6.1808,97
1a480177,6283,6.1808,1
2db4ec7e,6591,6.1808,1
9272423,7331,6.1753,97
716316ed,6915,6.1808,1
2bfae20f,18067,6.1781,1
21a73c12,7634,6.1781,1
11910239,7916,6.1781,1
782caa98,7900,6.1753,1
4bad508,17473,6.1781,172
1ce53e21,6825,6.1808,1
5fc774e,15913,6.1781,172
8586ad5,8110,6.1808,1
18997503,4642,6.1808,1
4a59e18d,15230,6.1808,172
7f78cad1,8948,6.1808,1
d4c098c,9917,6.1836,126
3b76930b,6669,6.1808,1
19588477,8747,6.1836,1
4a3adb32,9439,6.1836,126
79b9a7c,14466,6.1808,1
4fea0e71,7026,6.1836,97
767d7b1f,9701,6.1781,126
2bdb329b,6565,6.1781,1
37a48f99,8061,6.1836,1
28a2969a,7744,6.1836,1
5c9b3658,17074,6.1836,172
359aa512,6703,6.1836,1
47a706d0,16157,6.1836,172
546c91fa,5808,6.1836,87
68c6cbab,8968,6.1808,1
8945194,15902,6.1836,172
4bd3c944,14676,6.1836,1
777a47d0,15620,6.1836,172
47a9eb84,15389,6.1836,172
19eceb49,9380,6.1808,124
335e1111,7360,6.1808,97
16bf946d,4103,6.1836,1
1e42b8f5,6862,6.1808,1
600abed7,8871,6.1808,114
231ffd5e,9967,6.1836,126
7df73df7,16498,6.1836,172
496909ac,9345,6.1836,124
4b30447d,5799,6.1836,87
42678564,7807,6.1836,1
19e75ab9,16909,6.1836,172
77ae77f9,5200,6.1836,84
2b07815f,9623,6.1836,126
826b818,10254,6.1836,126
2aa2c9fa,14536,6.1836,1
5490356f,16250,6.1836,172
508581bb,15120,6.1836,1
479fef8d,6438,6.1836,1
7bce039d,8888,6.1836,115
2ea07ac6,6554,6.1836,1
52d4aef0,6865,6.1836,1
46669904,9867,6.1781,126
6a0fd0a0,5782,6.1836,87
61d6f497,18120,6.1836,1
81d2c5d,9795,6.1836,126
6560f9d8,16222,6.1836,172
4c8dd421,7763,6.1863,1
3b59406e,9783,6.1863,126
2f470d75,16930,6.1836,172
79633646,7115,6.1863,97
5bedc997,17687,6.1863,172
2ac6b8b4,5858,6.1863,87
2bc034ae,9800,6.1863,126
3dfd243c,6515,6.1863,1
5d4ce4c3,5152,6.1863,83
68582f8c,9559,6.1863,126
5295c562,5915,6.1863,93
77c4392b,15863,6.1863,172
234c3f2b,5796,6.1863,87
199cbd7d,8124,6.1863,1
3011d58d,7292,6.1863,97
66caafc5,5011,6.1836,83
24bd7150,10626,6.1863,126
583647ef,5163,6.1863,83
5a6cb7b2,15514,6.1863,172
66b54cd9,6252,6.1836,1
5532734d,6890,6.1863,1
1a4abf4a,14884,6.1863,1
70a98ad3,17181,6.1863,172
2bc584ee,6447,6.1808,1
4351c001,2956,6.1863,64
3cb6c39b,6547,6.1863,1
7ad8775b,5436,6.1863,87
352737a5,4148,6.1863,1
964ccc0,7609,6.1863,100
3447c6c,9318,6.1863,1
3a1fa1f0,8129,6.1863,1
430de839,17610,6.1863,172
36093309,6424,6.1863,1
1924fbc4,15736,6.1863,172
39234390,18192,6.1836,1
7e746565,8970,6.1836,1
19a90d9,17219,6.1836,172
3f5ea1f5,15430,6.1808,172
79c484b3,16962,6.1863,172
1cc24a4d,8421,6.1836,1
331f7834,6912,6.1863,1
41c05bfd,7527,6.1863,1
14891744,9019,6.1863,1
2fc0ce2b,5833,6.1863,87
5e924d29,15061,6.1863,1
47c4a642,6829,6.1863,1
500cf494,14618,6.1863,1
135052db,6523,6.1836,1
4f3f54c2,16910,6.1863,172
163d1f6f,5648,6.1863,87
3b054a47,6680,6.189,1
308a309,16186,6.189,172
34974fa8,18148,6.189,1
25c0156b,16320,6.189,172
10eccc55,8111,6.189,1
563a25aa,15362,6.189,172
71f6f1e3,16940,6.1836,172
58decaca,5023,6.189,83
7d90e7f7,8117,6.189,1
be80274,15642,6.189,172
c7871d6,16924,6.1863,172
225e6209,8116,6.189,1
1ce8ab93,17504,6.189,172
580b86ea,2846,6.189,64
133bd43d,16420,6.1836,172
5c019d85,8916,6.189,116
5c02f14d,7122,6.189,97
d1d9eee,4149,6.189,1
9257571,16658,6.189,172
44f2d254,8062,6.189,1
f31cb1e,7928,6.1863,1
6e3acef8,4672,6.189,1
4c96a0b3,9471,6.1863,126
1e24ab07,4098,6.189,1
63748cd9,16954,6.1863,172
1fccfae6,7159,6.189,97
37438427,17434,6.189,172
27b9aae9,14938,6.189,1
1450cd0e,7291,6.1863,97
5e531595,6239,6.189,1
6514e1cb,9740,6.189,126
1df72c45,8898,6.189,116
169039db,4339,6.1863,1
777323f0,6690,6.189,1
31ca6f36,18149,6.189,1
1eeeb544,6919,6.189,97
7392ca7d,16296,6.189,172
57a3554e,6789,6.1863,1
392180e9,9784,6.189,126
5bf0eb24,7789,6.189,1
75ba346a,10334,6.189,126
3ed40305,5012,6.189,83
731038b4,16659,6.1863,172
77a43ec2,15657,6.189,172
4603d8f7,7953,6.1863,1
1a76b2d8,7922,6.1918,1
4a446b8,15812,6.1918,172
76831b00,16577,6.1863,172
2e1fb147,14981,6.189,1
1d0262e,15453,6.1863,172
27e7312a,5801,6.189,87
49d265cd,5792,6.189,87
1a946039,16178,6.1918,172
1af5d413,11082,6.1918,126
405c806,16174,6.1918,172
71c24d55,15917,6.189,172
5ea33946,16318,6.189,172
597f8b76,8523,6.1918,1
678f0f03,15740,6.1918,172
53ee0aad,16732,6.1918,172
7981ad2e,2807,6.189,63
3eafd251,15626,6.1918,172
21c72590,16693,6.189,172
6ad33e9,16279,6.1918,172
2dff867,7203,6.1918,97
76c3ddcf,14530,6.1918,1
363eb41c,9398,6.1918,124
2ecdecee,9381,6.189,124
53ac2590,6731,6.1918,1
3be9b78f,9418,6.1863,124
78346aba,17647,6.1918,172
373d1be6,14668,6.1918,1
395f43ce,16251,6.1918,172
b6d61d0,4021,6.1918,1
7dceeafd,6355,6.189,1
7814400,8146,6.1918,1
26f43e44,7097,6.1918,97
65764867,8471,6.1918,1
3ed1255a,16939,6.1863,172
5f5d6f8,17295,6.1918,172
f664db9,16964,6.1918,172
8e7540f,16669,6.1918,172
5f850004,7011,6.189,97
746c4f1a,2925,6.189,64
30f20bac,5327,6.1918,1
495acfab,9173,6.1863,1
7bafada3,8280,6.189,108
cdd17f2,16640,6.1918,172
1adf9dec,14889,6.189,1
5672e8b,9384,6.1918,124
3234931,10032,6.189,126
67a5ac20,8508,6.189,1
1737dc5,17092,6.1863,172
3ddc1816,16844,6.1918,172
24afa45d,5272,6.1918,84
6ea1d844,9432,6.1918,124
74a61d00,2862,6.189,64
16e1c653,9714,6.1918,126
1a912caf,2970,6.1918,64
29e7b72a,6019,6.1918,1
70b36307,5595,6.1918,87
10b0f6ad,2914,6.1918,64
543aa7a6,15946,6.1945,172
40f004ec,16894,6.1945,172
2bb0fcae,16050,6.1945,172
3c2272eb,7923,6.1918,1
2189082f,18081,6.1945,1
3d24e55e,14508,6.1945,1
27ff7b4,8913,6.1945,116
7d335172,17075,6.1945,172
514a97f6,9305,6.1918,1
588bcf42,5456,6.1945,87
7ed0121e,8210,6.1945,1
64c4168f,7780,6.1808,1
1a203c61,16653,6.1945,172
31b73a4,9945,6.1945,126
66bb116,9866,6.1863,126
78551327,14553,6.1945,1
3ce102cc,9974,6.1918,126
643fc0a7,5149,6.189,83
3f873e37,18105,6.1945,1
7a67f694,15346,6.1945,172
6f9bcecb,14557,6.189,1
5bd85696,6496,6.1945,1
41f88fb2,6384,6.1945,1
4708673c,16992,6.1945,172
76541480,15806,6.1945,172
6f21803a,9317,6.1945,1
7599f3cd,15517,6.1945,172
6aa10773,15702,6.1945,172
7dfecc07,8904,6.189,116
6e94ac9c,11389,6.1918,126
383255da,6098,6.1945,1
5bf132b6,15146,6.1945,1
39893c24,5133,6.1945,83
723297c5,16159,6.1945,172
588490dc,15180,6.1945,1
7b9b2e45,16562,6.1918,172
a326df8,4500,6.1945,1
6d0d1a25,6362,6.1945,1
7aaa1886,5026,6.189,83
1c4034a9,7846,6.1863,1
60be558d,14573,6.1945,1
4b00961f,4685,6.1945,1
797aa9cf,11422,6.1918,126
53bef04e,8396,6.1945,1
4ec663ec,5596,6.1945,87
5c465584,7337,6.1945,97
705ebb12,6826,6.1945,1
54c609d7,6464,6.1945,1
29e2c9a0,6602,6.1945,1
4766536d,9386,6.1945,124
4265f6b8,7217,6.1945,97
2609d792,6531,6.1945,1
1999b53a,15606,6.1945,172
6c11705f,2929,6.1945,64
43ac88f1,10298,6.1945,126
2aa2032e,9145,6.1945,1
12c9b53,5897,6.1945,87
69f179a3,18219,6.1945,1
55414ff3,18074,6.1973,1
3d1531c2,9440,6.1973,126
5a612db7,5700,6.1973,87
3f72c3ab,6588,6.1973,1
cfb7dee,16908,6.1973,172
5d2c9987,14830,6.1945,1
492328c1,6953,6.1973,97
1afca8c7,14650,6.1973,1
333a5fa8,7219,6.1973,97
ae308e9,8525,6.1973,1
5a565c54,5912,6.1973,87
25137d49,8438,6.1945,110
1515a1c7,9881,6.1973,126
7630e407,15319,6.1973,172
44b5b15c,10023,6.1973,126
56834d63,10795,6.1973,126
3edf0f1b,7079,6.1973,97
18d4bc,11442,6.1973,126
694eaab2,2860,6.1973,64
25ea0aad,10282,6.1973,126
630b6edc,8921,6.1973,116
25f0fb35,18232,6.1973,1
3977ce03,16903,6.1945,172
4c3d14e2,6509,6.1973,1
74f8fe37,7361,6.1973,97
7aadd892,9494,6.1973,126
56f38ace,16652,6.1973,172
517351c5,9279,6.1918,1
75cdd50d,7775,6.1973,1
467784c5,16343,6.1973,172
4b9f29da,6247,6.1945,1
c18d33f,15112,6.1973,1
21be5be5,6603,6.1918,1
51e5fa1a,16158,6.1973,180
57535eac,14848,6.1973,1
47ae4600,9496,6.1973,126
338ff79d,15534,6.1973,172
5c508645,16929,6.1973,172
26fb70a6,7254,6.1973,97
6c30ce6d,7091,6.1973,97
76d58702,17141,6.1973,172
591b0bad,16579,6.1973,172
1a1cc65,6423,6.1973,1
4b2cac0f,15773,6.1973,172
7ca2e2b7,9339,6.1945,124
168b18e8,7999,6.1945,1
174c2ff7,8025,6.1945,1
5c8ef80b,10404,6.1973,126
18010b9f,8038,6.1973,1
735df572,15404,6.1945,172
3ddfefa9,6942,6.1973,97
4b9a5c72,9084,6.1973,120
5b57eb6d,7087,6.1973,97
53f03b13,17380,6.1973,172
473d7310,16270,6.1945,172
5dd6ef9,9007,6.1945,1
8557962,15836,6.1945,172
1cbdcbfc,7410,6.1973,97
5e72052,6079,6.1945,1
78555785,9157,6.1973,1
5d095cd8,10043,6.1973,126
54dc0e6c,16849,6.1973,172
3a1808a8,18152,6.1973,1
4888c63c,17415,6.2,172
1ab359d7,4318,6.2,1
2ea88b83,15072,6.2,1
540f9bb6,7889,6.1973,1
5ab81e2d,9611,6.2,126
3823326a,2933,6.2,64
5ac5994c,6675,6.2,1
305be504,15621,6.2,172
18210a92,18198,6.1973,1
27236cd,17488,6.189,192
748bc036,18090,6.2,1
1b976866,6378,6.2,1
bf2941c,7514,6.2,1
15ff03f2,9937,6.2,126
18a51ff1,8914,6.2,116
3285e6a3,9847,6.1945,126
12717ccd,9340,6.2,124
1ff5e2c4,7030,6.2,97
d3c48eb,9698,6.2,126
3d56942a,16455,6.1973,172
207bcddd,16331,6.2,172
39f54a0b,11466,6.1973,126
56e126ce,11468,6.2,126
3cc46b4c,15745,6.2,172
5f1f1ffc,4668,6.2,1
21f424e7,16587,6.2,172
32c287c0,9161,6.2,1
6d4a0000,7619,6.2,100
4a0d12aa,16822,6.1945,172
4adec410,5539,6.1973,87
6c04a60c,9415,6.2,124
65832dd6,7781,6.1973,1
5173f18c,9527,6.2,126
7349314a,15688,6.2,172
4f8b8577,15231,6.1945,172
6767e4c,6185,6.1973,1
48c7009f,15359,6.2,172
723ebbac,6375,6.1945,1
18ecc013,7370,6.2,97
618d38a1,6529,6.2,1
543cbec2,6491,6.2,1
240f9f22,6582,6.2,1
23eba3d4,16556,6.2,172
9d8eab1,9969,6.2,126
2b2bdf38,6027,6.2,1
1ad0ae31,6886,6.2,1
427ec4c6,14531,6.2,1
3cf52a5e,4132,6.2,1
49d2f0e7,6945,6.2,97
566c7eca,8930,6.2,116
4515c259,16189,6.2,172
1495db21,15349,6.1973,172
6200d835,10373,6.2027,126
77b2a9f1,9715,6.2,126
29393a28,5085,6.2027,83
1c969beb,14566,6.2027,1
2c5fe89b,5470,6.2,87
7833393c,8080,6.1973,1
1a2cfaea,8125,6.2027,1
7aa46bfd,7101,6.2027,97
504db160,9777,6.2027,126
52c5ee81,8141,6.2,1
335ec73c,5632,6.2,87
4cdf2221,9460,6.2027,126
2971223e,9713,6.2027,126
4ed89017,10266,6.2027,126
177ae1b2,17736,6.2027,172
6ab6b43a,10173,6.2,126
2f14f977,16495,6.2027,172
25c69caa,14457,6.2027,1
400fd85e,14918,6.2027,1
65719ed1,7362,6.2027,97
32d2cb3,4677,6.2027,1
3ab9f121,8524,6.2,1
326e6840,9576,6.2027,126
235c816b,17158,6.1973,172
4ab214c7,8514,6.2027,1
30304908,16904,6.2027,187
3f77d449,14759,6.1973,1
7e1a878f,8917,6.2027,116
398a16fe,7269,6.2027,97
63442924,5495,6.2027,87
59e97619,14929,6.2027,1
62907c99,16297,6.2027,172
489cb9bb,8046,6.2027,103
21c87bb0,14905,6.2027,1
63076ba4,8585,6.2027,1
212a7e9,10916,6.2027,126
2f6e9771,7100,6.2027,97
4d997cd7,17093,6.2,172
159b748b,5779,6.2027,87
68086990,15667,6.1973,172
221a43e,10796,6.2027,126
3e99bc0e,6461,6.1973,1
6cc2989,17425,6.2027,172
59af6e14,5594,6.2027,87
652b8372,9883,6.2027,126
5fd6de32,9038,6.2027,1
11a7c66f,16301,6.2027,172
1ea89031,14567,6.2027,1
6bd3357f,7227,6.2027,97
3c55823e,16177,6.1973,172
559becc8,9475,6.2027,126
3179941,17515,6.2027,172
7a20dcaa,2927,6.2027,64
2053f2c7,5763,6.2027,87
3087d081,7766,6.2055,1
3a7087f5,17688,6.2027,172
4649c99d,6948,6.2055,97
79b3de59,8113,6.2055,1
77be1a36,10611,6.2055,126
494f641b,16840,6.2055,172
6bf7409d,15703,6.2055,172
41c2498e,16952,6.2055,172
26e406f9,8335,6.2,1
218cd7b9,14554,6.2055,1
13d1102f,8909,6.2055,116
7fa667e2,16733,6.2055,172
6c78634c,15431,6.2055,172
408cb5e2,14574,6.2055,1
46d9a0c4,16755,6.2027,172
1864f4e8,16683,6.2027,172
1155e812,16735,6.2055,172
12f96b9,11781,6.2055,126
26dc74ef,6665,6.2055,1
1a64aedb,7197,6.2055,97
3f622bd0,9923,6.1973,126
34b67378,14946,6.2055,1
106b9afb,7081,6.2027,97
165cdd9e,16425,6.2055,172
4951b109,15905,6.2,172
767cdc8e,6596,6.2055,1
586e453a,17682,6.2055,172
5fc4d0fc,6191,6.2027,1
153354f1,7059,6.2055,97
1bd9ebf4,9894,6.2055,126
bd1dcad,8922,6.2,116
21bc1f78,15223,6.2055,172
58067883,7297,6.2055,97
90c64e9,18091,6.2055,1
2adeebd0,14527,6.2055,1
c54be3c,15034,6.2055,1
9652faf,7822,6.2055,1
4863a624,15837,6.2055,172
23ca1dcb,7338,6.2055,97
51e0b2ac,8534,6.2055,1
a46f2d0,15738,6.2055,172
2afeac60,7925,6.2055,1
7f797d9d,16412,6.2,172
cae03fc,8461,6.2027,1
31c3a0cb,5435,6.2055,87
6e81873f,15660,6.2055,172
7dcff712,8910,6.2027,116
5a208ae7,15695,6.2055,172
26edd3bc,17182,6.2027,172
a84ea52,9489,6.2082,126
685e3c42,7806,6.2082,1
3677e41c,5638,6.2055,87
7e4fb15d,16336,6.2055,172
533402bc,5454,6.2055,87
4a9198b4,17369,6.2082,172
43cfc2fe,14578,6.2082,1
40895683,15767,6.2082,172
335b8dcc,10209,6.2082,126
2ff9fe62,4873,6.2082,1
75c9e72b,16676,6.2082,172
3bdc3a9f,8740,6.2082,1
482c135e,9495,6.2082,126
1509c4ad,14610,6.2082,1
429b7996,16590,6.2082,172
3b8fe44c,15124,6.2082,1
2d41a9e4,7114,6.2082,97
170bf3d8,14459,6.2082,1
154ddf58,15003,6.2027,1
3f15a484,14854,6.2082,1
26db2d39,8414,6.2082,1
675ae8f,15987,6.2055,172
4ea818aa,17220,6.2055,172
5c8bb47f,4398,6.2055,1
23c6f832,7510,6.2082,1
8ec2b13,7881,6.2055,1
a83f44c,16413,6.2082,172
60f0fec,15440,6.2082,172
7a67b1e,10272,6.2082,126
13b514b0,10300,6.2082,126
203951c1,7150,6.2082,97
7bc18c06,6612,6.2082,1
7a681166,6910,6.2082,1
4e601a8,4338,6.2082,1
30ace4a1,10124,6.2055,126
b077690,6693,6.2082,1
31deb5b7,7480,6.2082,1
5811965,4099,6.2027,1
52df6c98,9952,6.2082,126
625c23a5,18053,6.2082,1
26eb5154,10179,6.2055,126
4714fdb7,14985,6.2082,1
2b2c3edd,11765,6.2082,126
23e2c8c,9708,6.2082,126
1fc7665,10364,6.2082,126
f49fca5,17171,6.2055,172
7d61e6ff,18193,6.2055,1
37f1f558,16682,6.2082,172
44d8f566,14971,6.2082,1
2675fcc6,9332,6.2082,124
54d1b0e9,6691,6.2082,1
6cb2c41e,9625,6.2027,126
6fc26f2b,16896,6.2055,172
6c748a77,16409,6.2082,172
66d82dd9,16169,6.2082,172
85e1d9a,1969,6.2055,50
3fd78f13,17379,6.2082,172
453f2ec3,5616,6.2082,87
469850ba,8924,6.211,116
5e2da1ec,14891,6.2082,1
3978aa78,7332,6.211,97
1e69ee6b,7149,6.2082,97
1d4555a2,1970,6.2082,50
21b039ff,10763,6.211,126
5de77cdb,15936,6.211,172
cacdbba,6453,6.211,1
3bf377c8,2920,6.211,64
1b2cde88,15643,6.211,172
7d4b7892,15360,6.211,172
17500d8a,5009,6.211,83
b9adee0,10203,6.211,126
373d759f,15659,6.211,172
4a98356e,5974,6.211,1
3b840952,18069,6.2082,1
6c315b47,4995,6.211,1
250ff76b,18213,6.211,1
212116c2,6941,6.2082,97
688b9957,5869,6.211,87
7b9a3716,6866,6.211,1
27d73477,8552,6.2082,1
2c6f46a6,15361,6.211,172
25b46b5a,14963,6.211,1
4a62db0f,16823,6.211,172
57b1c2f9,6958,6.2082,97
606a77d2,5775,6.211,87
7e808324,9528,6.211,126
280cb024,18093,6.2082,1
74eaac89,15693,6.211,172
470d9121,5806,6.211,87
3d6ea347,10074,6.2027,126
350af119,15352,6.211,172
70aea95e,16239,6.2082,172
5101dd26,6995,6.211,97
7aaedabe,8112,6.211,1
32122a37,11797,6.211,126
37739172,14827,6.2082,1
68448257,17002,6.211,172
64b3decb,9441,6.211,126
475313f8,2921,6.211,64
31a0cb15,14867,6.211,1
6c80e261,15741,6.211,172
209a839c,5898,6.211,87
5aa544c2,11420,6.211,126
5b650bd,6065,6.211,1
6e4e3980,8453,6.211,1
1a3cc1b6,4992,6.2082,1
6acf1567,7235,6.2082,97
5dcb933b,15437,6.2082,172
42d6233b,7325,6.211,97
3e1b7ba6,6196,6.211,1
2c6d352f,11048,6.211,126
2d3e29d2,8161,6.211,1
5e8218b5,7415,6.211,97
3ba19e88,15397,6.2137,172
5a64cedf,7166,6.2137,97
7e20009e,11458,6.2027,126
40cc4ebe,15922,6.2137,172
228cd631,6251,6.2137,1
6c852565,2931,6.2137,64
5b67a3a3,14809,6.2137,1
25bd6ca1,9871,6.2137,126
61c40b79,10071,6.2137,126
242fa429,16914,6.2137,172
42b361b4,8962,6.2137,1
ca5c527,17426,6.211,172
4d7b9809,7735,6.2137,1
142c7363,2890,6.2137,64
4dcb0e93,9465,6.2137,126
6f6576f0,17630,6.2137,172
7e4f10c5,15635,6.2137,172
709db495,11806,6.2137,126
22136ac9,7808,6.2137,1
1c25eb30,8860,6.211,1
58b3dcb2,5827,6.2137,87
5efc3659,14491,6.2137,1
291cd971,16298,6.2137,172
1ad3db09,16539,6.2137,172
5cc3c2ad,16938,6.2137,172
63327992,10618,6.2137,126
2caae3d4,8845,6.2137,1
27d36c81,6683,6.2137,1
28256edb,9359,6.2137,124
6ab117d8,16244,6.2137,172
1a3f0df5,11304,6.2137,144
7f0fe9d7,6295,6.2082,1
6170f925,16303,6.2137,172
62200066,17211,6.2055,172
4da630b9,11849,6.2137,126
cdc42d,16365,6.2137,172
35d0ff68,5049,6.211,83
4669fa7a,17378,6.2137,172
627f3164,4700,6.2027,1
4a045df,15543,6.2137,172
f0ee181,15984,6.2137,172
8e30a50,9085,6.2137,120
4e9cbc42,16941,6.2082,172
130cee39,17428,6.2137,172
1504df3a,2898,6.2137,64
7311a254,9140,6.2137,1
3833b8f0,7964,6.211,1
65916d16,15937,6.2137,172
79393229,6326,6.211,1
699816d4,2972,6.2137,64
1d9150f8,8042,6.2137,1
2edfb17f,14922,6.2137,1
160c4b63,8855,6.2137,1
1e4766f7,18038,6.2055,1
3740fd5d,7222,6.2137,97
770c2b93,5136,6.2137,83
20417ddd,16313,6.2137,172
73c664e3,17001,6.2137,172
5693d4b2,11083,6.211,126
53c605e4,16995,6.2137,172
66097128,15708,6.2164,172
4d8d57a1,18084,6.2137,1
dacd38f,5169,6.211,83
45d2a0cc,9717,6.2164,126
68ff196f,16563,6.2164,172
4f686b8e,9565,6.2137,126
4e59e552,14947,6.2164,1
2433f947,17404,6.2164,172
7437e9cd,14654,6.2164,1
5af2228b,15334,6.211,172
6413a245,15400,6.2164,172
4454e7b8,9727,6.2164,126
682b9152,5079,6.2164,83
38cf3166,6797,6.2164,1
5369b4d1,8162,6.2164,1
185b46f0,16234,6.2164,172
6123ce34,6361,6.2137,1
55366243,16837,6.2082,172
4be78b08,15462,6.2164,172
9493842,2930,6.2137,64
76640531,17664,6.2164,172
102655c4,18092,6.2164,1
676e2303,7165,6.2164,97
27a59c84,8543,6.2164,1
71be48cc,5907,6.2137,87
5314ab4a,10940,6.2164,126
45f4fc10,2968,6.2164,64
4e3e0996,14915,6.2164,1
4dc5c0b5,15004,6.2137,1
512d4422,9782,6.2164,126
590b13af,10372,6.2164,126
6747d3a1,10709,6.2164,126
4647794,10794,6.2137,126
54ac7328,9463,6.2164,126
553b9479,10283,6.2137,126
cb88fa4,6250,6.211,1
2bc79170,7823,6.2164,1
1c459213,16660,6.2137,172
15d445be,18082,6.2164,1
5d593d0f,16007,6.2164,172
4a027bc5,5895,6.2164,87
3b60faa,6294,6.2164,1
547edddb,9656,6.2137,126
30f9592b,8034,6.2164,1
7a67bd9c,15157,6.2137,1
4da9fedb,11421,6.2164,126
590c0324,18158,6.2164,1
98793,17383,6.2164,172
47c54153,14660,6.2164,1
45982056,8056,6.2164,1
7cb40ee2,16024,6.2164,172
304d3bf8,15518,6.2164,172
5d6f2b7b,16937,6.2164,172
59f13a10,2915,6.211,64
56efcd2,16332,6.2164,172
5ca5857c,16911,6.2164,172
78355960,9158,6.2164,1
2844cdcc,16586,6.2137,172
5a3e2c7a,6858,6.211,1
2a40dc24,7782,6.2164,1
786c7e55,2873,6.2137,64
7648e639,5107,6.2164,83
5d3e5976,4716,6.2137,1
71b31f09,11780,6.2192,126
20ae35e0,6794,6.2164,1
6ab649bc,16994,6.2192,172
5b7e13fd,2935,6.2192,65
74a4140d,8147,6.2192,1
6e3f9a4d,14435,6.2192,1
1d8616c7,17078,6.2164,172
1004c0fa,7060,6.2192,97
45a55762,8718,6.2192,1
6e6f45d0,7160,6.2192,97
3abf306c,9943,6.2192,126
45030912,15918,6.2192,172
172239d2,9781,6.2192,126
78536213,15333,6.2192,172
32dfac2b,6667,6.2164,1
6c06e90c,7236,6.2192,97
2f7988b0,11848,6.2192,126
1ed67d0,6592,6.2192,1
2993c824,10021,6.2192,126
4a3374ff,2928,6.2164,64
1126aa3c,10466,6.2192,126
72f98ca0,16275,6.2192,172
459cb833,15634,6.2192,172
1459b8f3,15090,6.2164,1
308a970e,14865,6.2192,1
2481bda,15262,6.2192,172
67dfafd3,8043,6.2192,1
ea88133,17627,6.2192,172
5ed8be19,16397,6.2164,172
2ed5edf5,7896,6.2192,1
771246fc,8899,6.2164,116
13448df7,17562,6.2192,172
592f27b5,16168,6.2192,172
5bb94b78,8889,6.2192,115
31568fa7,15010,6.2192,1
5894d320,9482,6.2164,126
3dd45b68,15926,6.2192,172
3186e797,15999,6.2192,172
a484210,8964,6.2192,1
2a7ace63,6991,6.2192,97
548905df,9174,6.2164,1
4b191b3d,15127,6.2192,1
389988c,9536,6.2164,126
7ffc4748,18226,6.2192,1
63471295,10942,6.2192,126
51008fdd,16197,6.2164,172
60842d33,7013,6.2192,97
2f869457,5908,6.2192,87
152a61db,15669,6.2192,172
32dd50e8,17398,6.2192,172
69552f9c,7005,6.2192,97
28f96a30,18233,6.2219,1
33c67754,9882,6.2219,126
6bc42bd4,14932,6.2219,1
61c2b3cc,17419,6.2219,172
2badd0ff,15276,6.2219,172
48668750,10725,6.2219,126
489a35df,2848,6.2192,64
2ca2d93,7075,6.2164,97
47253f1d,9467,6.2219,126
3b856cae,7293,6.2219,97
222882cc,16610,6.2219,172
506ba2a7,16156,6.2219,172
579e8ec4,16661,6.2219,172
274b9049,17489,6.2219,192
715d95af,15515,6.2219,172
1fee814e,9836,6.2219,126
f9e6e01,17154,6.2219,172
69c6b3dc,15081,6.2192,1
742ba3a6,7031,6.2219,97
1f24b89c,14661,6.2219,1
6aa001c3,15108,6.2219,1
6336231f,6724,6.2219,1
55e0d871,7263,6.2219,97
3f3224f6,9833,6.2219,126
162d8625,9442,6.2219,126
2c773c24,14853,6.2192,1
7e8bdc6e,11089,6.2219,126
503052dd,17416,6.2219,172
2a56fa50,6984,6.2219,97
3fd56522,16611,6.2219,172
1f9db61a,9438,6.2192,126
4d69b98e,4644,6.2192,79
50f05e09,7344,6.2137,97
101e2ae5,5500,6.2219,87
2f66a72a,6465,6.2219,1
4418cd40,6976,6.2192,97
36479ebf,7047,6.2192,97
3662e430,6463,6.2219,1
64e27c20,10621,6.2192,126
6430f4e3,6291,6.2192,1
664047e8,6920,6.2192,97
6c789ff9,7621,6.2192,100
4d1aa522,15182,6.2219,1
2e6ec78e,5050,6.2219,83
4a75baac,5469,6.2219,87
373a8b8b,9873,6.2192,126
62da634c,7167,6.2219,97
7af1e980,15436,6.2219,172
22fb03e7,17476,6.2219,172
17144d0f,6195,6.2192,1
45bc7dce,9175,6.2219,1
74cda636,5797,6.2219,87
185fcc6,7215,6.2219,97
7b9b332a,6166,6.2219,1
5def639a,18145,6.2137,1
18fa6374,15405,6.2164,172
440a8207,10166,6.2219,126
6ac7258c,18221,6.2219,1
4867599d,14890,6.211,1
6eb210b8,9363,6.2219,124
6cd871a3,16965,6.2219,172
7eb8bdd3,16005,6.2219,172
55b777d2,17377,6.2219,172
2d801ccd,16949,6.2219,172
5f591351,17930,6.2247,172
2190efd2,7058,6.2247,97
293b3bdd,15321,6.2247,172
1a7d9816,14575,6.2247,1
37b699e0,6376,6.2247,1
2062c7dc,7814,6.2247,1
62a527d,17393,6.2247,172
2fd2fc4,9597,6.2219,126
70e1d786,14619,6.2247,1
3ba68b50,7640,6.2164,1
4a403bd0,15132,6.2247,1
731b29e3,18046,6.2247,201
45715c7b,9922,6.2247,126
111c5712,8350,6.2219,1
b7c5d14,16199,6.2247,172
6fbfff50,15746,6.2247,172
45419775,15924,6.2247,172
a1c9922,10402,6.2247,126
79cbfbb4,4949,6.2219,1
691ecea2,11110,6.2247,126
c2bb937,8854,6.2247,1
202d16cb,5756,6.2247,87
196faab0,14972,6.2247,1
3a090a64,10069,6.2219,126
4e164e65,6692,6.2247,1
68261a48,15982,6.2247,172
7752b230,5916,6.2247,93
311f6987,10259,6.2247,126
3f81795f,14460,6.2219,1
43986dac,10047,6.2247,126
1bb4dbcd,17659,6.2247,172
74541362,18207,6.2247,1
5fca007,10067,6.2247,126
791529b9,16623,6.2247,172
4deaec45,5745,6.2247,87
4d1f0d59,11478,6.2247,126
70c8cd84,16947,6.2219,172
20407ac5,9690,6.2247,126
3a52224c,17389,6.2247,172
f12959a,15888,6.2247,172
3980dd11,15751,6.2247,172
1ab51eb6,16614,6.2247,172
6083fbd4,15471,6.2247,172
315e0fee,5839,6.2247,87
2a7bf21a,9963,6.2247,126
4239bf7d,15330,6.2247,172
72c88393,9490,6.2247,126
152cda11,16430,6.2247,172
275e26ac,6798,6.2247,1
66be6cd6,8715,6.2247,1
1320a939,16839,6.2247,172
602f051e,16241,6.2247,172
6a75408d,4271,6.2247,1
361234f1,7127,6.2219,97
235f2639,7183,6.2192,97
35202a0a,11469,6.2219,126
2dbfde45,16560,6.2219,172
a2dc2bf,6799,6.2247,1
5099532d,9404,6.2247,124
64dd534e,7295,6.2247,97
37c3e466,10176,6.2247,126
531fe01b,9962,6.211,126
4985c16e,2922,6.2219,64
474cac33,16118,6.2247,172
6f848068,9518,6.2274,126
43b7babb,18056,6.2274,1
245e9d12,6566,6.2274,1
6d1909e,7790,6.2247,1
4d9dd7ec,16834,6.2274,172
3381ce86,16679,6.2274,172
636763e9,9844,6.2274,126
e93112a,8114,6.2247,1
69b84a7b,9728,6.2274,126
4ab9d217,17027,6.2274,172
77f1d038,5783,6.2247,87
2f519d04,11431,6.2192,126
411e107,9721,6.2274,126
ac0b1c3,17731,6.2274,172
bcb2f8,18075,6.2274,1
7f3c7c00,9711,6.2274,126
79b5d2c7,14892,6.2274,1
5aafd948,17330,6.2274,172
51bd02c3,16031,6.2274,172
5cad393d,15600,6.2219,172
63878edd,6668,6.2274,1
47466e7c,7296,6.2274,97
7ed4d74d,15698,6.2247,172
50021158,15335,6.2274,172
f2c9ce3,8947,6.2274,118
7b6d26f4,16235,6.2274,172
23dbf86b,16761,6.2274,172
6393b599,16200,6.2274,172
833f68c,9335,6.2247,124
1a7b2bf8,16594,6.2274,172
661f907c,5805,6.2274,87
fcedc5a,9929,6.2274,126
4c2912b0,10204,6.2274,126
59d063f2,5780,6.2274,87
562fe739,7051,6.2247,97
386dc7a1,18044,6.2274,1
4138e0fa,15363,6.2247,172
4500c6ff,7202,6.2274,97
6c3fe749,14939,6.2247,1
3a3965a0,8159,6.2274,1
3c807d2d,15800,6.2247,172
7f74737c,17094,6.2274,172
6c62c674,15012,6.2274,1
1d07aa3d,14851,6.2274,1
2251c5a5,15835,6.2247,172
7ee2ad00,8073,6.2274,1
44985ce,6944,6.2274,97
24bf9138,15724,6.2274,172
494181f0,9319,6.2274,1
8ef14e7,16195,6.2247,172
638e2257,7450,6.2274,97
2ba1bc1d,6666,6.2274,1
73cfde00,10866,6.2274,126
377b4b2,16848,6.2247,172
55f35401,7038,6.2274,97
11f9a211,9732,6.2247,128
379ea567,16046,6.2274,172
3aac524a,8634,6.2274,1
440b389,4134,6.2301,1
58f5603a,5836,6.2301,87
8a25e4f,7334,6.2301,97
1a0253de,10123,6.2301,126
1d65bc0,9938,6.2301,126
42e47cd6,9629,6.2274,126
43b953f8,10070,6.2301,126
303e0f05,7125,6.2301,97
382a267f,8400,6.2301,1
5949ef60,14677,6.2301,1
50665122,6368,6.2301,1
64ba4e76,17376,6.2301,172
10603a0c,9320,6.2219,1
7910ffa1,10980,6.2301,126
6f342d0c,10172,6.2301,126
30dfbe7b,10487,6.2274,126
db98e89,6772,6.2301,1
1c186568,18190,6.2301,1
620b7cbd,17186,6.2274,172
2c9971bd,15506,6.2301,172
6d957f61,10051,6.2301,126
3279749e,16276,6.2301,172
b2e08f8,17420,6.2301,172
6cdd94b9,16208,6.2301,181
2af58034,10974,6.2301,126
53d1dc70,15073,6.2301,1
2843673a,15369,6.2301,172
28bb46d7,1971,6.2274,50
2ec987d4,16850,6.2301,172
73a6ec21,16851,6.2301,172
40ef2fd8,7095,6.2274,97
12a3c8ef,16891,6.2301,172
321054ec,9822,6.2274,126
5085825d,16921,6.2301,172
1406ab88,18065,6.2301,1
2daed73f,15730,6.2301,172
4824f793,17445,6.2301,172
1da95152,16258,6.2301,172
6142bfd0,6556,6.2301,1
420ce47c,17421,6.2301,172
4039129b,17159,6.2301,172
1405ed8b,10338,6.2301,126
7c63ad43,15476,6.2301,172
74acf35b,6225,6.2301,1
1b75328c,10299,6.2301,126
4c81c371,18118,6.2301,1
38c9490e,16225,6.2301,172
306c3946,2861,6.2301,64
f5939c9,7027,6.2301,97
2bf9c95,17438,6.2301,172
40675df8,5785,6.2301,87
3214fdc3,16591,6.2301,172
636354ce,15393,6.2274,172
1d462703,14874,6.2301,1
673421ce,11419,6.2301,126
725b320e,16887,6.2274,172
b67cdaf,15493,6.2301,172
27b58dff,16280,6.2301,172
6149f296,6555,6.2274,1
3aef1d6c,17698,6.2301,172
4aa977f3,15347,6.2274,172
7f96c1bc,15350,6.2301,172
744761c4,8017,6.2301,1
5ab4f098,17005,6.2301,172
5ba302d2,10169,6.2301,126
12f1b33b,7554,6.2329,1
5df7a9e0,15339,6.2329,172
203ab2f6,7335,6.2329,97
63cc91b1,17765,6.2329,172
7cbb9e98,16414,6.2329,172
1c638046,16224,6.2329,172
4621d03c,16004,6.2329,172
693b2c3e,8606,6.2301,1
1f8c5738,15727,6.2247,172
6e7d69b1,17076,6.2329,172
4e9265b8,6593,6.2329,1
4ef3bd9c,7109,6.2329,97
471e1e24,15882,6.2329,172
7e9932a0,8422,6.2329,1
7bacec23,8158,6.2329,1
26cef94b,10374,6.2329,126
7502af53,17208,6.2329,172
42b99f61,7616,6.2329,100
5e68bee1,16648,6.2329,172
fbd00c6,17103,6.2329,172
6fa54e55,18116,6.2329,1
61e99657,16292,6.2329,172
7aedb33d,10301,6.2329,126
1db12796,15904,6.2329,172
14396439,7965,6.2301,1
58231593,14934,6.2329,1
1063b2d2,9168,6.2329,1
62b64a22,10278,6.2301,126
49e9b898,9835,6.2329,126
76af4c75,14673,6.2329,1
366040be,4495,6.2301,1
68b45787,17440,6.2329,172
3803f7e9,7212,6.2329,97
34c3c878,6777,6.2329,1
7827e575,15731,6.2329,172
920bee,16326,6.2329,172
4ad07c14,6860,6.2329,1
6dcb6618,3961,6.2329,1
47e1e3d1,14969,6.2329,1
573c4db8,6741,6.2329,1
1e45bb97,6968,6.2329,97
2888f5e1,7372,6.2329,97
60bf744a,15681,6.2329,172
55dba468,10617,6.2274,126
66f13447,7157,6.2329,97
939f285,10064,6.2329,126
2be8a95e,7300,6.2329,97
12bfcacc,15409,6.2329,172
2e0f6351,5880,6.2356,87
1acfc417,9996,6.2356,126
75f39805,10022,6.2356,126
3398e1e4,9042,6.2356,1
5f1db4f1,16128,6.2356,172
3b963c79,17484,6.2329,172
524ca8be,15682,6.2356,172
133affa2,16912,6.2356,172
32899dd,9484,6.2356,126
31464ea2,16667,6.2356,172
26aff4d2,7118,6.2329,97
142776ca,6887,6.2356,1
1e58f5c3,9457,6.2356,126
2966a7ee,9838,6.2356,126
7036cf74,10492,6.2329,126
5f88769e,16784,6.2329,172
6a76641,6335,6.2329,1
1ae2f8ac,7007,6.2356,97
5c69c9eb,17373,6.2356,172
4049787e,7969,6.2356,1
2d75bbdb,9778,6.2356,126
7d618b58,15598,6.2356,172
70cb2bc0,7198,6.2356,97
62ff92a3,7251,6.2356,97
697e9c0a,16607,6.2356,172
20c664af,16527,6.2356,172
18b4e136,5471,6.2356,87
31084ccb,16032,6.2356,172
2ffcbac3,7305,6.2356,97
32ffedfa,17709,6.2356,172
d7d17c2,6961,6.2356,97
7ee07cb2,16657,6.2356,172
992fc53,16049,6.2356,172
267f8,9591,6.2356,126
3400fb0f,8106,6.2329,1
79dd4048,9374,6.2356,124
1c7b9bb6,15952,6.2356,172
7ba038a7,14639,6.2356,1
61036167,15933,6.2356,172
26d1ef20,15340,6.2356,172
526826cb,7152,6.2356,97
41a4f3ce,6700,6.2329,1
1427667,10015,6.2356,126
7bb02771,14990,6.2301,1
68fd18b2,16070,6.2356,172
ea1bce0,11226,6.2274,144
7e91b59d,15792,6.2356,172
1c42121d,9691,6.2356,126
66b3254b,8126,6.2329,1
668b89a7,18073,6.2356,1
654e6f2a,15865,6.2356,172
69104b64,7681,6.2356,1
167da524,8807,6.2356,1
4cdc57cb,15591,6.2356,172
16f6b270,16920,6.2329,172
2c8ad7b8,9493,6.2356,126
3aabda3c,17446,6.2356,172
518bfd66,10481,6.2356,126
3ea35521,15923,6.2356,172
72cda015,18111,6.2356,1
8808ee3,9694,6.2329,126
6c9ecff5,10515,6.2356,126
62f06fcd,5837,6.2356,87
7d22a68e,16546,6.2356,172
71d9c85f,10736,6.2356,126
6ba240f6,7151,6.2356,97
acdd448,10943,6.2356,126
62b31549,7093,6.2356,97
5d97b270,10048,6.2356,126
24cbfcc4,16615,6.2356,172
3a234f8d,5975,6.2356,1
5a476e8b,15709,6.2356,172
211184db,6699,6.2356,1
618d4773,16618,6.2356,172
717e7c3d,7363,6.2356,97
417223e8,7425,6.2329,97
20a02e7b,14831,6.2356,1
dba51e8,6224,6.2384,1
68729f3,7014,6.2384,97
563a27a8,16354,6.2301,172
774818e2,14510,6.2384,1
282232f2,9978,6.2384,126
17d54eb4,8000,6.2356,1
10d52c81,16353,6.2384,172
276da971,6981,6.2384,97
abdc1ce,6993,6.2384,97
1ee1bacc,17439,6.2356,172
4a03d640,8931,6.2384,116
23fcf74a,9626,6.2384,126
1af47690,15636,6.2384,172
566a62ae,4528,6.2356,1
5098729e,7048,6.2356,97
43bc959b,14672,6.2329,1
7be7c01,10657,6.2356,126
3e47ca90,5744,6.2356,87
2dd85344,9766,6.2384,126
d40c304,17414,6.2384,172
2deec9f6,15805,6.2384,172
45a912ee,6197,6.2384,1
a6f0b29,16428,6.2384,172
7e566613,6605,6.2384,1
6f3f9f22,10170,6.2384,126
11fb48ee,7252,6.2384,97
633f3fbb,17014,6.2384,172
342dde75,15964,6.2384,172
6c5e0b1,7309,6.2384,97
7906501d,15813,6.2384,172
1c067fd3,8927,6.2384,116
3271cbeb,15019,6.2384,1
28a9e8f9,6893,6.2384,1
72ad45ef,4399,6.2384,1
39e0651f,15478,6.2356,172
572df5b,15277,6.2384,172
62fb012c,8956,6.2356,1
7ae1a2a1,7163,6.2384,97
4013f87f,18160,6.2384,1
53887f21,6891,6.2384,1
50edf73f,17210,6.2384,172
106b354d,7206,6.2384,97
6940e61d,10734,6.2384,126
33fb5b00,5689,6.2356,87
1ec3b53e,15610,6.2384,172
41cc6699,15511,6.2356,172
51ad78f6,14430,6.2384,1
3fb31cd0,15644,6.2384,172
3cda245d,16160,6.2384,172
1e8065f1,9211,6.2384,1
2450c41f,17747,6.2384,172
32219d9,14522,6.2384,1
6eb73d2c,15817,6.2384,172
730562e6,14974,6.2384,1
515730a5,6451,6.2301,1
42281787,10046,6.2384,126
15211cb3,7426,6.2384,97
4deb5ea3,16625,6.2356,172
25518da3,6153,6.2384,1
53e2c653,15549,6.2384,172
27c722a1,15292,6.2384,172
41cf105b,9031,6.2384,1
3a1e766e,15739,6.2384,172
3c2a77d3,16294,6.2384,172
2d9739c8,10472,6.2411,126
482954c,10851,6.2384,126
1ace6d57,6462,6.2411,1
47e7efb2,9939,6.2411,126
57df3af7,16003,6.2411,172
3e92418e,14622,6.2411,1
3b9632df,10199,6.2411,126
4374d060,15581,6.2411,172
2929a49d,10168,6.2384,126
6dd2527b,14895,6.2411,1
4160e07e,5164,6.2411,83
4bea3247,11010,6.2411,126
2ef81c8a,16184,6.2411,172
51c6c2a4,18238,6.2411,1
1763abf2,16044,6.2384,172
d01db53,9315,6.2411,1
63738a35,8142,6.2384,1
447b71d,7926,6.2356,1
e71a05c,16678,6.2411,172
4c8e4347,16768,6.2384,172
da92982,9726,6.2411,126
72743820,8963,6.2411,1
4b32962c,14528,6.2384,1
4842bc56,15679,6.2384,172
c6379e5,7622,6.2384,100
5f05f571,17839,6.2411,172
d99b4b,17004,6.2411,172
5da4270a,10647,6.2411,126
4a1fd10a,7164,6.2411,97
4c3d2ebb,16721,6.2411,172
5fd170ac,18199,6.2411,1
3a410b45,16207,6.2411,181
760edc85,15819,6.2411,172
30bbaea2,6932,6.2384,97
aee2939,5658,6.2411,87
3ecd2eef,15395,6.2411,172
4d979a16,7285,6.2384,97
c641150,17483,6.2411,172
438f9a80,10623,6.2411,126
c0e1ead,5757,6.2384,87
775259f4,16523,6.2411,172
20bfaba7,12327,6.2411,150
cfdc071,16998,6.2411,172
707a4c35,15035,6.2411,1
3515ff98,6316,6.2356,1
15822637,8843,6.2384,1
483d55b3,10491,6.2411,126
2a21ea8d,7258,6.2411,97
8980018,10464,6.2411,126
c2f2ca2,9648,6.2411,126
476ca5c6,17372,6.2411,172
2e1d7059,14468,6.2411,1
41042796,11370,6.2411,126
7ef98e1b,5468,6.2411,87
bcd9295,6510,6.2411,1
439dcb34,15320,6.2411,172
72be289a,7342,6.2384,97
4cedc573,15224,6.2411,172
36a2a5d9,18200,6.2411,1
296f6cb4,16643,6.2411,172
737894ec,11819,6.2384,126
1446e92c,5896,6.2411,87
465f6461,15689,6.2411,172
39af54fb,7045,6.2384,97
1a80a27a,16467,6.2411,172
2d688a32,10474,6.2411,126
ec4093a,7023,6.2411,97
4d0f9c95,9327,6.2438,124
7f4fc969,7447,6.2438,97
5283743c,7057,6.2438,97
3bd35d44,9643,6.2438,126
15f00edd,16090,6.2438,172
2a05e595,9571,6.2438,126
242ac3c2,9712,6.2384,126
6d4161ef,15919,6.2438,172
4cd9387e,16595,6.2438,172
570155d3,15875,6.2411,172
594a51de,10764,6.2411,126
2b8cbde6,14901,6.2438,1
4d24ff61,16521,6.2438,172
48bb2473,10078,6.2438,126
4374581b,10639,6.2438,126
dd9ae1e,16835,6.2438,172
676c8733,15306,6.2438,172
76e5af11,10632,6.2438,126
17309556,9336,6.2438,124
575960f0,7478,6.2438,1
540f3037,7617,6.2438,100
fc99080,6380,6.2411,1
1cc03e0a,6983,6.2438,97
4c71a5a5,8944,6.2411,1
249d8f1b,7237,6.2438,97
828382,6876,6.2411,1
2da1852d,16404,6.2438,172
6e2f4d89,9848,6.2438,126
386c23cf,4444,6.2411,1
73021e28,9461,6.2411,126
29b09783,9973,6.2438,126
51eb70ef,7769,6.2411,1
67881d59,17703,6.2438,172
46a17468,15528,6.2438,172
52f62a30,6947,6.2438,97
3fcda0b5,17576,6.2438,172
31669d18,15742,6.2438,172
16233cb8,15463,6.2438,172
89adc5a,10460,6.2411,126
1b29c11,11796,6.2411,126
5bec1820,16240,6.2411,172
38281ec7,7368,6.2411,97
3d23ca87,9832,6.2438,126
326ae767,17187,6.2438,172
97cd412,8549,6.2438,1
71da2ddc,9321,6.2411,1
520ea692,17673,6.2438,172
373a326b,10122,6.2438,126
65df98a2,16974,6.2438,172
5809bcda,5024,6.2411,83
781dceca,10876,6.2411,126
5f80dd6d,15322,6.2438,172
394f159c,17098,6.2438,172
2cb59103,16647,6.2438,172
3ac861c1,5480,6.2438,87
2258a256,9993,6.2411,126
63b914bf,14900,6.2438,1
17f2660f,8454,6.2411,1
58008854,17667,6.2438,172
22e51297,9647,6.2438,126
5b5aa963,5458,6.2411,87
60aacc13,15789,6.2438,172
24be3343,10017,6.2466,126
6dd432f0,9729,6.2438,126
a79670e,18222,6.2466,1
82ad7c,15318,6.2466,172
e9d0dbe,17656,6.2466,172
4212fd2f,16299,6.2466,172
66c615c7,6776,6.2438,1
312b374,10348,6.2466,126
16ee0727,14953,6.2466,1
3d3ec5d2,15128,6.2466,1
70f818b9,14623,6.2438,1
2556680c,7747,6.2438,1
33c9f6c1,16489,6.2466,172
55f818a0,14653,6.2411,1
6575ef76,11775,6.2466,126
3ec64825,6967,6.2466,97
f02ad74,4937,6.2466,82
72c84838,10336,6.2466,126
73f5fddc,5459,6.2466,87
ff6629d,6962,6.2411,97
1ade56db,15652,6.2466,172
619d282c,9940,6.2466,126
501a14a9,15028,6.2466,1
c5d186b,16017,6.2438,172
55814b77,7063,6.2466,97
308371f7,15798,6.2466,172
588391b2,9702,6.2438,126
58bc7957,11085,6.2329,126
3cc6bc6b,16845,6.2466,172
17e17ecd,15622,6.2466,172
53ab7382,10077,6.2438,126
68e6ce61,17655,6.2466,172
61ca02f2,15495,6.2384,172
7dc10f10,14828,6.2466,1
75fe5449,10335,6.2411,126
2b350951,16637,6.2466,172
1ad94357,8920,6.2466,116
6f157693,5137,6.2466,83
68ce3b24,18117,6.2466,1
6b32d8ed,8872,6.2466,114
7a6cd62b,6318,6.2438,1
3b21ed27,8083,6.2438,1
7f44b53e,15460,6.2466,172
66cab6e9,6877,6.2466,1
1e377915,6978,6.2466,97
1bc2ef6d,14492,6.2466,1
2f3e71e7,17114,6.2466,172
7589cc7b,16175,6.2384,172
464751dd,9331,6.2466,124
4af267ff,14458,6.2466,1
161f960f,16302,6.2411,172
2d4e6aa3,15494,6.2493,174
51fb0f6e,5479,6.2493,87
1cb9043a,17624,6.2493,172
8ef4731,18114,6.2493,1
62aa07cd,9560,6.2466,126
3c6f7249,15927,6.2493,172
47429597,11439,6.2493,126
756466dd,7388,6.2493,97
32debf02,16497,6.2493,172
336f3bae,16663,6.2493,172
60d2ee79,10529,6.2493,126
36562e30,10044,6.2466,126
7137a157,11056,6.2466,126
3b4f5694,10205,6.2438,126
4c99c6a2,7420,6.2493,97
4b3956af,6336,6.2493,1
7c87b86,9964,6.2493,126
46f2661d,15934,6.2493,172
674c1637,16012,6.2493,172
445c14b7,16636,6.2466,172
4551bebd,9869,6.2493,126
181f9da,17521,6.2493,172
5496b579,7901,6.2493,1
70cbfaf0,17172,6.2493,172
2cc6156e,17371,6.2493,172
38270602,18127,6.2493,1
366667f5,5840,6.2493,87
573a213d,7015,6.2493,97
78094d50,17090,6.2493,172
781e4345,10728,6.2466,126
7d42da7c,18194,6.2493,1
7bf72f20,16284,6.2493,172
49a69ec3,16434,6.2466,172
4328e8d9,16327,6.2493,172
410a948f,6334,6.2466,1
28d24bfa,7404,6.2493,97
11be660d,16355,6.2466,172
6a1eefef,15473,6.2493,172
17b334e9,6134,6.2493,1
56871a65,6949,6.2493,97
13d968e6,17399,6.2466,172
6ddd9ee4,15015,6.2493,1
29ee6cfc,15210,6.2493,172
7092b8c5,11309,6.2493,144
34129fb9,11467,6.2493,126
3a08e1ae,8599,6.2493,1
62ce3051,9919,6.2493,132
381d2978,7249,6.2493,97
753ab55e,16211,6.2493,181
18d28695,8911,6.2493,117
652a01b0,17496,6.2493,172
76f5f9fc,5786,6.2493,87
27f258b3,9916,6.2466,126
2b1884f6,14473,6.2493,1
1e0a37a4,14866,6.2493,1
47690780,17221,6.2438,172
726be81e,10075,6.2493,126
1d3bfd91,7607,6.2493,100
52434e85,5042,6.2493,83
5d99164a,10674,6.2466,126
701f3eff,9966,6.2493,126
328a9218,16671,6.2411,172
7af5c5aa,15965,6.2493,172
6fcba7f8,16433,6.2521,172
66aa8438,10200,6.2521,126
d6d0a7,16416,6.2521,172
54da8d82,17061,6.2521,172
75dea4d8,7143,6.2521,97
661c1486,17423,6.2493,172
5425d739,10524,6.2521,126
56875de9,15947,6.2521,172
1ebdb750,10260,6.2521,126
488c3f1e,18230,6.2493,1
5512ba44,10476,6.2521,126
624076f2,14982,6.2521,1
438d94af,16491,6.2521,172
627641a5,11224,6.2521,144
6448d149,16490,6.2521,172
62476073,15749,6.2521,172
1e2e4ee6,10343,6.2521,126
7f385c37,7608,6.2521,100
2f93511c,6317,6.2521,1
df30f3e,15777,6.2521,172
61c63918,15077,6.2521,1
5c2218f3,16314,6.2521,172
1edb18a0,9994,6.2521,126
698ca9da,10998,6.2521,126
7c13d12a,16687,6.2521,172
1255fde5,15820,6.2493,172
2ccd2949,5451,6.2466,87
60e459a3,17676,6.2521,172
6c2aee1c,7430,6.2493,97
51b1052,9444,6.2521,126
671f4a6a,15548,6.2521,172
e52f832,15507,6.2521,172
4b100fd0,2969,6.2521,64
97b6e50,15479,6.2521,172
321a3b6d,10966,6.2521,126
2b90c674,15929,6.2438,172
60352259,7033,6.2493,97
32eed9e1,15341,6.2521,172
51cc4d82,8668,6.2521,113
7cc292a9,15790,6.2521,172
35ac5082,16557,6.2521,172
39593bdd,10784,6.2493,126
71c9a607,10754,6.2466,126
2ae5c0c9,9236,6.2521,1
7d9abd57,18203,6.2521,1
415fc57d,17637,6.2548,172
513af5ea,17475,6.2521,172
74631285,7307,6.2548,97
44227e1d,18125,6.2548,1
555d848c,15129,6.2521,1
7d05fb75,9744,6.2521,126
424ead85,10451,6.2521,126
44dd9583,10729,6.2548,126
7d1d0070,15547,6.2521,172
97c3219,15810,6.2521,172
d6fb3c2,15512,6.2548,172
72abbf49,10735,6.2548,126
5ac875bb,5778,6.2548,87
2f9192f5,8971,6.2548,1
18842007,15973,6.2548,172
305dcf19,10147,6.2548,126
255657e2,18055,6.2493,1
6736f87,17003,6.2548,172
3f4ef356,9771,6.2521,126
411d53b0,15608,6.2548,172
336fcc75,16083,6.2548,172
61b5c6a1,6365,6.2548,1
76cb6432,7364,6.2493,97
6b59223b,10459,6.2493,126
2345b845,5906,6.2493,87
6c0ae242,15513,6.2548,172
414df105,16860,6.2548,172
63a75bed,17189,6.2548,172
620291b,5125,6.2548,83
6dae404c,16026,6.2521,172
481155af,15032,6.2548,1
568db749,17690,6.2521,172
636cc777,17374,6.2548,172
78e6b144,16328,6.2521,172
be131ef,16505,6.2438,172
21c7f586,9549,6.2521,126
3ef47dd2,8297,6.2548,109
276c80ee,7407,6.2548,97
578a2ba,16435,6.2548,172
48595fc0,7213,6.2548,97
562cf888,11521,6.2548,126
735f00d9,16758,6.2548,172
2215867f,7256,6.2548,97
4b2b0572,16285,6.2548,172
b8613df,7061,6.2548,97
6b29f468,14973,6.2548,1
9a3fa30,16319,6.2548,172
552e27cd,6670,6.2548,1
6f009902,15317,6.2548,172
791b5f36,18150,6.2548,1
387aab34,15752,6.2548,172
2b6939dc,9975,6.2521,126
10cacf85,10458,6.2548,126
6aed5d6,18209,6.2521,1
6b60ed3c,15470,6.2548,172
9a59e55,10446,6.2521,126
4fd5ce03,9349,6.2521,124
3f25b24a,10088,6.2548,126
6d401d16,6704,6.2466,1
5340b19f,15675,6.2548,172
7632da94,6694,6.2548,1
56bc491a,6894,6.2548,1
17f6a787,7088,6.2548,97
553f0d1,5611,6.2548,87
327c7cc2,16522,6.2521,172
53c975ad,16262,6.2548,172
33cfe33a,11057,6.2548,126
70adeca,11820,6.2548,126
5813cfc6,17436,6.2548,172
11a7a05b,15994,6.2548,172
be80fc6,10033,6.2548,126
1394670b,11357,6.2548,126
5f8e9070,7345,6.2521,97
730746a2,16897,6.2521,172
385ae13b,8869,6.2575,1
8c66504,18153,6.2521,1
23e0697c,16293,6.2575,172
6a9b19f4,6951,6.2575,97
5a76ea5,6863,6.2575,1
3ef2d550,10512,6.2575,126
1ef9f07b,16905,6.2575,187
2c9f0ee9,6996,6.2575,97
12f38f99,9787,6.2575,126
3a0380c2,15653,6.2575,172
6b28c5d1,8923,6.2575,116
3f94761b,6925,6.2575,97
260b7bbc,15562,6.2575,172
3195a937,11358,6.2548,126
17363a57,18115,6.2548,1
3a9d632d,8423,6.2548,1
26a5eecb,17625,6.2521,172
3ae52739,15226,6.2521,172
1c2756b0,15822,6.2575,172
4d72ca12,9462,6.2575,126
44a8a6c1,9785,6.2575,126
43dbac44,15398,6.2575,172
57e79d82,16246,6.2575,172
71d3c318,9387,6.2575,124
2a2ab56a,6454,6.2575,1
445845ba,14935,6.2575,1
2bb59040,16969,6.2575,172
40550339,10220,6.2575,126
5bed917,9790,6.2575,126
2f71c328,16028,6.2575,172
500fb249,10762,6.2575,126
573f1f98,18045,6.2575,1
3f9b928d,18094,6.2575,1
1ed26ed5,15205,6.2575,172
33621abc,10805,6.2575,126
1c0e1097,8434,6.2521,110
7f62e661,17144,6.2575,172
e8adb33,15021,6.2575,1
72cb8b9e,7322,6.2575,97
51dfc881,9614,6.2575,126
c893bbd,11397,6.2575,126
3d39f085,17385,6.2575,172
544d8e87,16662,6.2548,172
550058ad,17097,6.2575,172
7bb9aee8,4727,6.2575,1
540deade,15133,6.2548,1
26c29502,10483,6.2521,126
71d07447,7092,6.2575,97
47285a7b,16027,6.2575,172
1839285,5437,6.2575,87
7cc8135a,16187,6.2521,172
4e10e344,9987,6.2575,126
3c90d48d,9946,6.2548,126
396ebae6,18212,6.2575,1
5803c52,7002,6.2548,97
4c43f565,17173,6.2575,172
764d64dc,17754,6.2575,172
3a384979,8669,6.2575,113
3e5e80c0,16668,6.2575,172
6d65b2b3,15078,6.2575,1
70934047,17639,6.2575,172
818bcad,7418,6.2575,97
428a75ee,16060,6.2575,172
2baa726,15723,6.2603,172
68c15e4e,9446,6.2603,126
25717a2f,7821,6.2603,1
2e9365,10024,6.2603,126
34455e6a,5028,6.2603,83
63914c53,17204,6.2603,172
2fceff54,17711,6.2603,172
2bafe202,6998,6.2603,97
316652c9,17192,6.2603,172
587c6362,2863,6.2603,64
5b551779,16494,6.2603,172
3b97718,17732,6.2493,172
ca8dbc,16730,6.2603,172
3b1699b4,11423,6.2603,126
7c5a71e0,7371,6.2575,97
480bbf70,9169,6.2603,1
4200de,15981,6.2603,172
40353236,6387,6.2603,1
54b1ca07,16492,6.2603,172
5b65221c,5821,6.2603,92
4e80e63f,4400,6.2603,1
5ed45bc1,10395,6.2603,126
4ef43ee,17478,6.2575,172
76e8e4ad,16589,6.2603,172
3f105551,18218,6.2603,1
43e61b21,16664,6.2575,172
3de8d080,14512,6.2603,1
c94861c,15023,6.2575,1
3113e002,17331,6.2575,172
425fca12,10096,6.2603,126
39c87e09,16825,6.2575,172
11c4ab4a,18223,6.2603,1
3f794a80,7001,6.2548,97
5af93a9c,8078,6.2575,1
3ca0827,16917,6.2603,172
79080661,15490,6.2603,172
4da27cf1,6818,6.2575,1
3d7add4d,17134,6.2603,172
38fa028f,11460,6.2603,126
6b22ae87,18049,6.2603,201
52a0868c,14579,6.2575,1
c3b3ddd,10984,6.2603,126
ebdbf59,15520,6.2603,172
64bdb8af,10477,6.2603,126
1a156429,15371,6.2575,172
4cd71501,15438,6.2603,172
27651ca2,17689,6.263,172
19571c93,10944,6.2548,126
1026a7d6,9476,6.263,126
21a3bdd7,15268,6.263,172
3b524a2e,14571,6.263,1
5528cbff,9671,6.263,126
743af64d,11016,6.2603,126
5107e70b,17465,6.263,172
6df6b5f9,7155,6.263,97
141228e5,7329,6.263,97
f4efb96,15966,6.263,172
7e92fc8b,16931,6.263,172
4313bbd8,16544,6.2603,172
5d39e58a,16690,6.2603,172
3ec631ca,15088,6.263,1
33e86e99,17140,6.263,172
6b695c60,15288,6.2603,172
2f68322,15103,6.263,1
10713343,11238,6.2603,144
601d0b72,8144,6.263,1
5d2d164,16095,6.263,172
41b6c14d,14989,6.2575,1
6b92ec92,17696,6.263,172
776fa5ca,7184,6.263,97
6e1d7b4f,16638,6.263,172
6653ab65,8358,6.2603,1
1198b24b,7132,6.2603,97
1b530447,7172,6.263,97
65e25b45,17107,6.263,172
313ca758,15797,6.263,172
324eec04,6874,6.263,1
2254bbf7,16564,6.263,172
559be48b,16568,6.263,172
1498f07,15671,6.263,172
44227de6,15521,6.263,172
43aeed96,17931,6.263,172
499bf6d4,17095,6.263,172
4677957,6358,6.263,1
537de970,7286,6.263,97
670b7cd4,17477,6.263,172
71b01bb7,6606,6.2548,1
4ea27917,6921,6.263,97
5b915c1c,16047,6.263,172
72283fda,16182,6.263,172
5ee4c690,16217,6.263,172
4e790097,15432,6.2548,172
53c71215,15326,6.263,172
3fe5d74c,15227,6.263,172
4a15e854,8925,6.263,116
62527b66,16942,6.263,172
51b75e19,17636,6.263,172
57cc8100,10256,6.263,126
5f379d3d,7238,6.263,97
46827302,17217,6.263,172
377aa9ff,9970,6.263,126
45e106a8,8965,6.263,1
5c566e9f,15050,6.263,1
5e6153f7,10089,6.263,126
6f213094,18066,6.2603,1
3aee4411,10414,6.263,126
58b937e2,8286,6.263,1
37f498fc,17200,6.2603,172
15f944ae,11049,6.263,126
5137bb06,17466,6.2658,172
1931a3fd,16143,6.2658,172
27cc059c,5787,6.2658,87
826811e,16592,6.2658,172
ebbc2e4,8972,6.2658,1
1b06cb9e,9478,6.2658,126
7785ac73,7443,6.2658,97
25b9b641,9707,6.263,126
633fc735,7168,6.2658,97
7ced6f63,16975,6.2658,172
5f2d843d,7351,6.2658,97
7787f3b6,9886,6.263,126
725afe7d,10133,6.2658,126
4adcf28c,11168,6.2603,145
28e63271,17386,6.2658,172
35fd4e37,8957,6.2658,1
64238d9,3867,6.263,1
23ce877a,7229,6.2658,97
3a224cc8,6671,6.2658,1
65f1214d,17188,6.2603,172
726249da,15207,6.263,172
25c0f5bb,18095,6.2658,1
d2ca9c7,16264,6.2658,172
f250269,17080,6.263,172
43f00e03,9718,6.2658,126
66258056,6560,6.2658,1
61bb1a66,18224,6.2658,1
60892b41,16948,6.2658,172
177a312,16366,6.2658,172
6d94b24f,17206,6.263,172
23b8f3aa,16055,6.263,172
4bb2048b,14438,6.2658,1
72634fb1,6253,6.2658,1
4e300ddc,18057,6.263,1
2af19213,11017,6.2658,126
638fed3f,17447,6.2658,172
71bc5d9a,15883,6.263,172
194a9adb,15399,6.2658,172
6417b44e,10349,6.2658,126
575a2ac3,15849,6.2658,172
719d4b31,10985,6.2658,126
62de8815,17485,6.2658,172
2f0f4ad7,7192,6.2658,97
298561c7,17337,6.2658,172
325a6305,10285,6.2658,126
78584854,10224,6.2658,126
24d2db7b,18106,6.2658,1
715e74c4,16011,6.2658,172
73d7b871,17611,6.2658,172
7b4bac65,7076,6.2658,97
1274af45,15950,6.2658,172
20cfa773,16014,6.2658,172
22351ffa,10997,6.2658,126
6c6f2ffd,10183,6.2658,126
cbd1665,8509,6.263,1
5bd6bbb2,18225,6.2658,1
6ff7b84,14469,6.2658,1
c3f6e6e,15068,6.2658,1
61ad6dac,17725,6.2658,172
19baa8d3,14580,6.2658,1
775f8b7d,16573,6.263,172
a01ed49,11450,6.2658,126
7d3aae79,10768,6.2658,126
310a7d3d,6684,6.2658,1
3a051c02,9829,6.2658,126
3febd5ae,16582,6.2658,172
178aed4c,15928,6.2658,172
750b8915,5784,6.2658,87
67fc7eba,17333,6.2658,172
65b814e,9566,6.2685,126
467bec44,17527,6.2685,172
6f9196bf,7427,6.2658,97
6b9c3c59,14875,6.2685,1
31179195,15414,6.2685,172
2817523f,9445,6.2685,126
4bd00dec,16867,6.2685,172
41248e3b,10257,6.2658,126
43e22c46,16000,6.2685,172
4cb234b3,10390,6.2685,126
5e2601b0,17267,6.2658,172
1552c8f5,9280,6.2658,1
3443a3d1,14640,6.2685,1
70e2c932,17145,6.2685,172
2da86c31,15846,6.2685,172
436dd3b5,9548,6.2685,126
359ecc69,15062,6.2685,1
40fbae4d,9830,6.2685,126
390b817b,8856,6.2658,1
26b64439,5841,6.2685,87
48916d3a,4938,6.2685,82
654cffe6,7382,6.2658,97
78d8acc4,10192,6.2685,126
6cdba86a,16990,6.2685,172
2d5199b3,9472,6.2658,126
10d2be51,7228,6.2685,97
21fbccd9,17117,6.2685,172
78b9c47d,16201,6.2658,172
5f855b2b,16461,6.2685,172
9b0fbc0,18068,6.2685,1
280d6744,10690,6.2658,126
2d287422,10405,6.2603,126
524ae85a,16737,6.2658,172
5caa6728,15637,6.2658,172
1fde1cbe,16371,6.2685,172
7139f203,9420,6.2685,124
74b4cc46,15472,6.2685,172
7b2866df,15654,6.2658,172
565274ab,11800,6.2685,126
1ba9fdd4,16620,6.2658,172
1e8098a8,11519,6.2685,126
14fcaee8,8273,6.2685,1
2aebef9e,11378,6.2685,126
786fd079,17577,6.2685,172
40c94f35,15274,6.2685,172
31b3222a,6940,6.2685,97
459481c9,7180,6.2685,97
44d1bc9d,9995,6.2685,126
607b91f2,7117,6.2685,97
42bb4066,17509,6.2685,172
48010fe3,16421,6.2658,172
608bc6bb,15258,6.263,172
2977bb63,7032,6.2685,97
31d7765b,17332,6.2685,172
6912741,14511,6.2658,1
71691995,15725,6.2685,172
4f69a71d,5615,6.2712,87
5b51a130,14572,6.2712,1
51be71af,5051,6.2712,83
2833a2d5,7453,6.2712,97
e4a7cef,7204,6.2712,97
68a26fbc,7214,6.2712,97
6af16cfa,16209,6.2685,181
213f5083,7298,6.2685,97
1e6e258c,16734,6.2712,172
654a7672,16374,6.2685,172
4bd409d,18188,6.2712,1
40434a1f,10012,6.2685,126
2f6e55de,17723,6.2712,172
19215fa7,10182,6.2712,126
77f64db6,16932,6.2685,172
6ade3400,15525,6.2712,175
2d3fe2e5,7328,6.2712,97
64d76d95,10406,6.2712,126
70229239,15685,6.2712,172
63ed27fd,10337,6.2685,126
5d5a95b0,10806,6.2712,126
26b34dcb,17764,6.2658,172
74c9bb32,7017,6.2712,97
101e4cc8,10503,6.2712,126
1ac643f9,17722,6.2658,172
2627987f,7326,6.2712,97
1f8eb7a2,17728,6.2712,172
7d94c097,11382,6.2685,126
55e59d57,15211,6.2712,172
1fcd2790,11122,6.2712,145
5b10175a,17451,6.2712,172
4f9b03f4,15722,6.2712,172
5602ba8a,15024,6.2712,1
25c29e02,16863,6.2712,172
7e897255,9375,6.263,124
77f47f6,18155,6.2712,1
106c604e,18253,6.2712,1
216fcecf,14976,6.2712,1
14c11b6d,16612,6.2712,172
697caef4,15925,6.2712,172
1ae1cd85,17429,6.263,172
3ea319e0,16228,6.2712,172
452761a0,16717,6.2712,172
5921101a,16567,6.2712,172
55260ec4,16252,6.2712,172
41bf7c00,9562,6.2712,126
3f6b2ff6,6972,6.2712,97
6e1b49c1,16841,6.2685,172
bae2ae8,17807,6.2712,172
31cb08e1,15424,6.2712,172
57b985b1,10240,6.2712,126
63d89bc6,15104,6.2712,1
195b043f,11272,6.2712,144
7254dc7e,7424,6.2712,97
70be8bf5,9772,6.2712,126
6bb11c5e,6977,6.2712,97
60c87425,16329,6.2712,172
4c10ac45,16862,6.2685,172
dab2304,17657,6.274,172
9cef067,14499,6.274,1
6afe4eec,16691,6.274,172
2345b572,15121,6.274,1
7722111d,17468,6.274,172
9119a56,10245,6.274,126
11003cb6,7321,6.274,97
1f60e5c1,4321,6.2712,1
78adb5c9,8298,6.274,109
7deb53a0,16456,6.2712,172
6d9e2527,16583,6.274,172
6be8fd45,16348,6.274,172
48fc2778,10181,6.274,126
75c88bb8,10384,6.274,126
60de7b35,17370,6.274,172
470f52dd,11443,6.274,126
5b24e006,8274,6.274,1
6a803591,9814,6.2712,126
7914ec27,17506,6.274,172
4430d062,16950,6.274,172
38682c32,17453,6.274,172
532fba13,10052,6.274,126
d041185,15433,6.2712,172
68fabb79,9348,6.274,124
4f756387,6369,6.274,1
3605cfe7,15949,6.274,172
18d40416,6338,6.274,1
3571a6b0,5976,6.2685,1
517c82c2,11385,6.274,126
499e15fd,9792,6.274,126
71525c6c,17011,6.274,172
492e30d0,17388,6.2712,172
7c71c1a5,9633,6.274,126
45f9022b,16054,6.2712,172
2f89bcba,16826,6.274,172
26ab97c4,17104,6.274,172
1e3b8b71,5811,6.274,91
62eb5aec,16335,6.274,172
6cb51dfa,18071,6.2712,1
6150b21d,16922,6.274,172
1b3f0c44,16712,6.274,172
599d7c51,16836,6.274,172
1d83e055,16988,6.274,172
2022bf2a,7366,6.274,97
792779a2,15948,6.274,172
1a1907ee,14902,6.274,1
28d48f08,15477,6.2712,172
23249a0b,6986,6.274,97
38674675,10544,6.2712,126
2a57530f,9809,6.274,126
39337e27,10689,6.2767,126
2ef09bd8,10194,6.2767,126
68ffc58e,7408,6.2767,97
3a0b8908,9603,6.2767,126
36abed8e,15541,6.2767,172
26740f7f,16777,6.2767,172
30b16d8a,15867,6.2767,172
5694e15d,6979,6.274,97
3f3ab19c,11013,6.2767,126
39b34ef3,10545,6.2767,126
2d5b972,5819,6.274,92
73ba2e7c,9497,6.2767,126
7c0759eb,11305,6.2712,144
19e6d7c6,9747,6.2767,126
3a01c6df,17448,6.2767,172
15b0f6c4,15151,6.2767,1
741ec3a3,16259,6.274,172
375be3c0,5114,6.2767,83
182c4a0a,9663,6.2767,126
2c2f50ee,8068,6.2767,1
3e3b9579,11448,6.2767,126
5616249d,11455,6.274,126
2c90584f,17387,6.274,172
7aeed513,7096,6.2767,97
181c076a,17207,6.2767,172
7f49ea38,10178,6.2767,126
51b587be,18159,6.2767,1
5d7f86d6,16496,6.2767,172
2520ed44,7423,6.274,97
1588cbf2,17143,6.2767,172
68fd368a,9437,6.2767,126
7098279b,16422,6.2767,172
49955475,15631,6.274,176
6b7dcace,6579,6.2767,1
2347decf,10484,6.274,126
38f94b08,6935,6.2767,97
39b163fb,16375,6.2767,172
5ae4ae44,16124,6.2767,172
5f4a346c,16488,6.2767,172
2d198586,8074,6.2767,1
1f059565,9483,6.274,126
60ec9e4f,16918,6.2767,172
6e8b3f6a,7123,6.2767,97
f5fb288,17394,6.274,172
3c42b0bb,15629,6.274,176
38d84f9a,9947,6.2658,126
f9f4784,16383,6.274,172
7d266f0d,10651,6.2767,126
7d6b1a8c,10945,6.2767,126
54c8df7a,18161,6.2767,1
2e16fee6,9733,6.2767,126
5bc02fc7,10619,6.2767,126
15506db5,6997,6.2767,97
7f1536a,16675,6.2767,172
4543bb30,17329,6.274,172
1e096cbc,10125,6.2767,126
446dd6ad,16996,6.2767,172
7045983e,6567,6.274,1
52c62650,9523,6.2767,126
5fa15561,17809,6.2767,172
356ff810,16367,6.2795,172
a18aea5,15868,6.2795,172
20eac9f5,17469,6.2795,172
43fd9f1e,17449,6.2795,172
1622d05d,15988,6.2795,172
598039ba,11019,6.2795,126
2f53e61e,15482,6.2795,172
799985,6089,6.2795,1
d911ef,10063,6.2795,126
584ca5a7,8071,6.2795,1
681fdba6,15488,6.2795,172
24e6d291,9630,6.2795,126
6cf8e98b,18129,6.2795,1
51a4182e,11801,6.2795,126
47f03b57,15908,6.2795,172
55900b62,7451,6.2795,97
5b69784d,15884,6.2767,172
7e8f14ea,8866,6.2795,1
f9b167d,10614,6.2795,126
49f7be5a,8044,6.2795,1
1c69671d,10403,6.2795,126
1a47083e,16399,6.2795,172
65a3dda0,17463,6.2795,172
4db8ddf5,15770,6.2795,172
3949af76,16265,6.2795,172
3cc9dda5,11018,6.2795,126
6e4f76cd,10711,6.2795,126
76112de1,11227,6.2767,144
4c6b85c2,8918,6.2767,116
4737aecf,16769,6.2767,172
33718b40,15815,6.2795,172
269d6afd,7378,6.2795,97
36c8be79,16718,6.2795,172
4c732fb9,15768,6.2795,172
3ee0d0ff,6922,6.2795,97
2a327f8e,17841,6.2795,172
4da88a2c,15504,6.2767,172
18f37ac7,16255,6.2795,172
57ec4f53,11197,6.2767,145
6f331a79,7128,6.2795,97
2eaf18d2,7006,6.2767,97
66430459,18165,6.2795,1
65657f14,15954,6.2795,172
5046223c,17480,6.2795,172
27511a9f,16888,6.2795,172
59cea3e0,15578,6.2795,172
179dea12,7373,6.2795,97
76ab6d1f,7405,6.2795,97
3c05a098,16290,6.2795,172
590114b7,17716,6.2795,172
75fc7dd4,15858,6.2767,172
d49d403,16431,6.2795,172
20279320,7312,6.2822,97
71529f3f,16304,6.2822,172
67564e1c,16913,6.2795,172
5179618b,17084,6.2822,172
247c7739,17661,6.2795,172
38de5e05,15814,6.2822,172
5d109546,10612,6.2795,126
8631656,15912,6.2822,172
4f616ddc,17430,6.2822,172
5852c43,10461,6.2822,126
5ce63310,18247,6.2822,1
4c275f7c,17109,6.2822,172
8ecc4a9,15403,6.2822,172
22d0a866,15365,6.2767,172
242716c3,17582,6.2795,193
49b4dfe4,10488,6.2822,126
3f9ea511,17031,6.2822,172
5139e7c7,15794,6.2822,172
4db4722d,15778,6.274,172
112acb15,15816,6.2822,172
2290cf80,7682,6.2795,1
68ec50ee,11192,6.2795,145
3c7fccff,17544,6.2795,172
767595eb,7018,6.2822,97
18bea412,14995,6.2822,1
2937e44,2923,6.2822,64
1cd5db93,14651,6.2822,1
71cce7dc,14674,6.2822,1
3cf6944a,16892,6.2822,172
3617d81a,17561,6.2795,172
6c17d9fe,11318,6.2795,144
938eee8,7016,6.2822,97
1e720dd,7773,6.2822,1
53edc136,7098,6.2767,97
71d973bf,7374,6.2795,97
3fd89cc2,11402,6.2822,126
781b22c,16756,6.2795,172
3a58379b,16943,6.2822,172
c07350c,16593,6.2822,172
a6efe4,15907,6.2822,172
7b635dbe,9636,6.2822,126
71f9802c,9976,6.2822,126
7bc09512,16473,6.2822,172
a668567,7158,6.2822,97
3d889200,9502,6.2795,126
5ce7b6a2,5487,6.2822,87
16ea5d98,17051,6.2822,172
61a2b5f2,17668,6.2822,172
5fd1491c,9672,6.2822,126
26b0c874,10797,6.2822,126
470338a6,15958,6.2822,172
337a0891,9529,6.2795,126
66362e4b,10382,6.2822,126
4ce161db,10118,6.2822,126
4665b991,7216,6.2795,97
187d6ff3,11375,6.2822,126
6eab7c4a,18195,6.2822,1
7b20d2ed,16181,6.2822,172
45bcadbd,9459,6.2822,126
2cb3efb4,17028,6.2822,172
47f16282,11851,6.2822,126
34009f78,10185,6.2822,126
49ca84af,17007,6.2822,172
5d4209b6,9734,6.2822,126
3805393f,10884,6.2795,126
7a371c6d,17748,6.2822,172
361e94db,10377,6.2822,126
655363f,15906,6.2822,172
1b2735a6,11326,6.2795,144
59b196db,10448,6.2849,126
1bcb697a,9577,6.2849,126
4b817f85,15864,6.2822,172
5fc9e5c3,15474,6.2849,172
340050f2,9884,6.2849,126
16a8c9d1,16260,6.2849,172
437a9291,15500,6.2849,172
33aa33d,9537,6.2849,126
350bf468,7230,6.2767,97
653d5559,9720,6.2849,126
3d72b178,15536,6.2849,172
7244bd75,17096,6.2849,172
2431db4b,17658,6.2849,172
4ef3c311,15529,6.2849,172
416bc00b,7377,6.2822,97
16937246,16580,6.2849,172
3cd2185c,15627,6.2795,172
6ce9af9c,15706,6.2849,172
739d5192,15294,6.2849,172
7e111ce5,16629,6.2822,172
522deb83,11313,6.2849,144
2275c81a,17713,6.2849,172
73992b15,7917,6.2849,1
6a11e535,15287,6.2849,172
1c912aa6,9574,6.2849,126
215dab44,16999,6.2849,172
1ba6fdf9,7177,6.2849,97
7e7b9bf5,16212,6.2767,181
6b2a4a86,16229,6.2822,172
2761db2c,9709,6.2849,126
b84b30c,17121,6.2849,172
298225ba,6778,6.2849,1
10453476,16829,6.2849,172
49cbd246,9872,6.2822,126
395435e9,10827,6.2849,126
1766ed1c,9649,6.2849,126
2f71a5bf,6917,6.2849,97
16aec2a3,9918,6.2822,126
e4d46e2,14431,6.2849,1
a8995e9,17842,6.2849,172
2ee3443a,16616,6.2849,172
2509bed7,15983,6.2849,172
c1d5004,17148,6.2849,172
6cc630fe,15134,6.2822,1
8d811d2,6956,6.2849,97
3cae4667,4785,6.2849,1
5ad5bc86,7241,6.2795,97
7c936e2,15967,6.2849,172
4f57e148,11874,6.2849,126
1041bbb,16368,6.2849,172
2ab7ec53,9810,6.2849,126
76c2a691,17258,6.2849,172
451265c4,11432,6.2849,126
3e88c7cd,10263,6.2822,126
38f2e08d,17395,6.2849,172
48df0b7a,17032,6.2849,172
529bdbe0,17511,6.2795,172
69270819,16976,6.2849,172
a32cd82,16061,6.2849,172
25ebb2c1,16644,6.2849,172
155fe9dd,11011,6.2849,126
44e94caf,17503,6.2849,172
582bd76d,15376,6.2822,172
202e1b13,15748,6.2849,172
26da442f,16780,6.2849,172
b3fa632,16053,6.2822,172
4ad50fca,10081,6.2822,126
44d7ae0b,17840,6.2822,172
42418943,9658,6.2767,126
12e7f49b,16781,6.2849,172
702e0252,16803,6.2849,186
9705daa,17536,6.2849,172
33e12f35,7174,6.2877,97
4735d656,9618,6.2877,126
6a5ba107,10824,6.2877,126
6a67128c,6339,6.2877,1
61f19f67,2965,6.2822,64
81f6269,16008,6.2877,172
3f7bb9f4,10346,6.2877,126
6d5a2fe5,9653,6.2849,126
6e892e4e,10212,6.2877,126
57c316c5,16398,6.2877,172
3d8f8e,9920,6.2877,126
7342a9ca,11398,6.2849,126
11940a4f,15976,6.2849,172
2d0d2a9f,10826,6.2877,126
41a0814f,11496,6.2877,126
27ca7c48,15535,6.2767,172
16bdcc8c,15381,6.2877,172
7ec60056,17322,6.2877,172
52205516,16853,6.2877,172
17cf0ce4,7124,6.2849,97
63931a69,15953,6.2877,172
1b32633b,11479,6.2877,126
4bea0dae,9811,6.2877,126
264b5952,11191,6.2877,145
242d801b,6337,6.2877,1
5f9696a5,6779,6.2877,1
67c73141,15499,6.2877,172
57351dd7,6897,6.2877,1
4ca9ede2,16042,6.2849,172
4cc9134,16281,6.2877,172
6db6456e,15769,6.2822,172
6f840cb6,16347,6.2877,172
10a07f34,10058,6.2822,126
29d768e3,10710,6.2849,126
1365563f,15331,6.2877,172
73403056,10633,6.2877,126
3cee7334,10284,6.2877,126
2f24e242,16099,6.2877,172
16499d37,15566,6.2877,172
6479cd28,11393,6.2877,126
2bc16540,10755,6.2877,126
23ffb488,10217,6.2877,126
68c522a7,7264,6.2877,97
798525e5,17183,6.2877,172
533fb770,10007,6.2877,126
73742332,9770,6.2877,126
2d718220,17146,6.2877,172
7d8b2066,15152,6.2877,1
19e4875,16316,6.2877,172
205fbae4,11236,6.2877,144
4f32699,17184,6.2877,172
5b69ff8b,7052,6.2849,97
28c7c973,17702,6.2877,172
7592de15,10249,6.2877,126
68c8e9d0,15781,6.2877,172
7c49d6e5,7289,6.2877,97
6ad3044e,8101,6.2849,1
1d7592b7,15259,6.2877,172
444bd7a,10738,6.2877,126
9d21d77,15791,6.2877,172
267bf3f4,15039,6.2849,1
14b7f720,15811,6.2877,172
66b4708c,15979,6.2877,172
7f14f088,17194,6.2877,190
10b0b876,10852,6.2877,126
60948cd,10462,6.2877,126
2daca1db,10036,6.2877,126
38d22ccd,16977,6.2849,172
347f9776,15560,6.2877,172
68d984f2,16873,6.2877,172
3091a9d1,16870,6.2877,172
46a3654f,10340,6.2904,126
7c12d02e,5614,6.2904,87
34f8040e,9806,6.2877,126
2d400493,17757,6.2904,172
473922b5,15774,6.2904,172
33158628,16356,6.2904,172
3473216d,16621,6.2877,172
19badfec,16006,6.2904,172
283f81de,11014,6.2904,126
17186ae4,17843,6.2904,172
8238ae9,9742,6.2904,126
25927583,10941,6.2877,126
25f6bac9,15583,6.2822,172
7da2b530,15732,6.2877,172
6afc5424,6987,6.2904,97
3e674cd5,9874,6.2904,126
2a07fd32,18121,6.2904,1
13eb7e7b,6682,6.2904,1
3a372a49,10391,6.2904,126
3262045f,15197,6.2877,172
3667e722,16581,6.2904,172
239c62b1,17714,6.2904,172
71c6b4af,10785,6.2877,126
207a61e9,15426,6.2877,172
218c945,11253,6.2904,144
b4f70d3,2947,6.2904,66
4b0602e1,8001,6.2904,1
38005741,15921,6.2904,172
7c16e3e5,10995,6.2904,126
595748b1,18144,6.2904,1
c2fcd5c,11492,6.2904,126
777f8314,10856,6.2904,126
16661726,15407,6.2877,172
7745c732,15380,6.2877,172
4dc53cc4,7185,6.2877,97
607e752,7028,6.2904,97
2514628f,15582,6.2849,172
74b08fe3,17307,6.2904,172
2d15ba10,8933,6.2904,116
49d2806a,10922,6.2904,126
1b0b49ef,10072,6.2904,126
70d6d375,15526,6.2904,172
69951b,10144,6.2877,126
3e6c55f1,7178,6.2904,97
2c7a3c,16641,6.2877,172
5da07b83,9524,6.2904,126
61e8c260,15750,6.2904,172
1bab4639,9278,6.2904,1
57a6c91a,10129,6.2877,126
571c3614,16516,6.2904,172
3dd11b82,5746,6.2904,87
5a663368,17384,6.2904,172
3438b448,16261,6.2904,172
6a1abd2f,9396,6.2904,124
2bc1b4db,15896,6.2904,172
4ace56a0,17442,6.2904,172
3b253145,16089,6.2877,172
4e900cb,10972,6.2904,126
22280be1,18128,6.2849,1
3c9c5f63,14896,6.2877,1
1a6b3252,10705,6.2877,126
694a312d,16899,6.2904,172
8d69743,7078,6.2904,97
447531ca,5115,6.2904,83
61c2ea32,15232,6.2877,172
26e05da6,15374,6.2904,172
65da028a,10407,6.2904,126
598afdfd,10014,6.2904,126
341c7c67,10250,6.2932,126
10350a2f,6363,6.2932,1
64511c53,15401,6.2904,172
25ce84f1,2946,6.2932,64
2b25e0a0,10413,6.2932,126
7c8d5ee7,9561,6.2932,126
44d1472b,9798,6.2932,126
1b671ab4,16386,6.2932,172
15e9aa4c,10520,6.2932,126
11cd78b1,16715,6.2932,172
7862258c,14977,6.2932,1
7a17609,5607,6.2932,87
498791c9,9824,6.2932,126
11e4e97f,17015,6.2932,172
6b160302,16606,6.2932,172
5c71ea3f,11282,6.2932,144
678b2157,9893,6.2932,126
12f7edb6,9350,6.2932,124
24ee4186,9745,6.2932,126
7f3b580a,14585,6.2932,1
6075e4e,17665,6.2904,172
41045f23,10490,6.2932,126
6cb390e8,15931,6.2932,172
43dc7122,15228,6.2932,172
3a070e89,6896,6.2904,1
1fd9facb,17700,6.2904,172
17ea7fe1,15795,6.2932,172
7c474354,8928,6.2932,116
e837af9,11852,6.2932,126
c83a8e4,9532,6.2932,126
29957847,16457,6.2932,172
ef28cbb,16286,6.2904,172
5e2d300c,16002,6.2932,172
1836857e,15649,6.2932,172
963ca14,16194,6.2932,172
13ee18d7,15441,6.2904,172
2474f7f6,16423,6.2932,172
3669d25,10097,6.2932,126
8c58b73,10648,6.2932,126
1f61d315,11773,6.2932,126
7caa488e,17648,6.2932,172
7f62cbaa,11865,6.2932,126
5bd84926,9645,6.2932,126
4a8d29ff,9722,6.2932,126
4ab0c033,10878,6.2932,126
53d54a96,15733,6.2849,172
64700fd3,6985,6.2932,97
d26b76c,15200,6.2932,172
142e4e97,15434,6.2932,172
58d3a579,15270,6.2904,172
3cb93727,15651,6.2904,172
49c7a0b,10631,6.2904,126
2296d7b8,11637,6.2932,126
62a0c6f9,10289,6.2932,126
279d4fb9,7375,6.2932,97
52684462,17740,6.2932,172
35433006,10516,6.2932,126
5130bf59,6819,6.2904,1
1c1dd241,14986,6.2904,1
70c0f66b,11410,6.2877,126
cc6def4,15710,6.2932,172
10e88996,18234,6.2959,1
662b10d2,17697,6.2959,172
63f5a08e,10059,6.2959,126
20a91c6a,15989,6.2959,172
74b7b551,16415,6.2959,172
64aee5c,9890,6.2959,126
6ab82926,17266,6.2959,172
3c41a11f,15940,6.2959,172
76489614,17497,6.2959,172
54e3a0b1,16545,6.2932,172
1d379a41,7354,6.2932,97
7d26b678,9892,6.2959,126
34097745,10229,6.2959,126
154d1617,10177,6.2959,126
2cd7300c,11091,6.2959,126
640ac698,11403,6.2959,126
703ce45a,17195,6.2932,190
1b463603,15342,6.2959,172
66c666d2,16020,6.2959,172
7a24390d,6952,6.2932,97
e458846,17215,6.2959,172
72778e70,7207,6.2932,97
73846d56,11828,6.2959,126
41085bb8,15712,6.2959,172
6bd49bb4,17726,6.2959,172
3e7180ea,15148,6.2959,1
18fc6720,16051,6.2959,172
6ecfa4af,10857,6.2959,126
6d99f755,7421,6.2959,97
22dfc869,7003,6.2959,97
109b6a08,15428,6.2932,172
3e25e68,16400,6.2959,172
2163321e,11158,6.2959,145
7d232adb,9941,6.2959,126
3101d82a,10624,6.2959,126
3623d45d,17694,6.2959,172
2dba72bc,7412,6.2959,97
27a3ddef,15662,6.2959,172
1f68f8c7,7446,6.2932,97
7bf96c03,17343,6.2959,172
5350de1d,15594,6.2959,172
6aa53d3d,9908,6.2959,126
32d34e6e,11084,6.2959,126
2faa543,6108,6.2959,1
578f2337,16096,6.2959,172
310cd4e8,15670,6.2959,172
1400b02e,9422,6.2959,124
3c083cfe,11696,6.2959,126
730954da,15354,6.2932,172
4dd4400d,15951,6.2959,172
1e2dccdc,5124,6.2959,83
6b8f5681,17162,6.2959,172
35ac5cac,17122,6.2959,172
37b2c94,15459,6.2959,172
4537565c,16237,6.2986,172
54271f14,5116,6.2986,83
14cf1805,16196,6.2986,172
29b526a2,16170,6.2986,172
389f564b,16429,6.2986,172
47e572b2,10450,6.2986,126
75588cc,17771,6.2986,172
5eaaed3,16916,6.2986,172
2bd61ae5,8163,6.2986,1
2b56b90b,7261,6.2986,97
712fa8a0,5083,6.2986,83
69398f24,17213,6.2932,172
1b55c43,9750,6.2986,126
5250053,7310,6.2986,97
1e3f2320,7187,6.2959,97
425b1d63,10218,6.2904,126
bf4f0d,15033,6.2986,1
6ee61a57,10030,6.2932,126
34801824,15807,6.2986,172
af7f4d9,17481,6.2986,172
25dab091,16628,6.2986,172
228b6864,18042,6.2986,1
3fab4177,15707,6.2986,172
8501be1,17662,6.2959,172
6f111fe8,15609,6.2959,172
1f9f1543,16779,6.2986,172
15acf220,10949,6.2986,126
6582963c,10251,6.2986,126
7e21a451,8748,6.2986,1
6d85067e,15611,6.2986,172
a8caa79,9637,6.2959,126
5c361546,16981,6.2986,172
78c364fa,16771,6.2959,172
3f00b1d9,16162,6.2986,172
6e2ea455,8143,6.2986,1
48198654,15135,6.2986,1
9812ea8,10502,6.2959,126
4cf26f10,16449,6.2959,172
2342cb95,11433,6.2959,126
40c58fb3,11924,6.2986,126
54805bf4,11444,6.2986,126
40310d6d,11803,6.2986,126
7cf79132,8088,6.2986,1
1fe47094,15022,6.2986,1
2a4f1e9e,9826,6.2986,126
2bbea7d2,16688,6.2959,172
461bb473,10518,6.2986,126
e0993b8,8154,6.2986,1
7c48e298,16248,6.2986,172
32d5323d,16037,6.2986,172
603c6117,17054,6.2932,172
7b9ff94f,7110,6.2986,97
39c931d7,17301,6.2986,172
2216b809,15527,6.2959,172
21a15185,15729,6.2986,172
2570917f,9695,6.2986,126
55c75b8f,16989,6.2986,172
428667ce,16493,6.2986,172
5c1e11f4,16140,6.2986,172
69003b62,17670,6.2986,172
485ab454,11229,6.2986,144
27ae85f3,7144,6.3014,97
26b711f1,15869,6.3014,172
56673edf,15705,6.3014,172
3e54d45a,15823,6.2986,172
23313fd0,11231,6.2986,144
7063b758,7349,6.3014,97
1f1dee4d,7034,6.2986,97
4ee24de5,16387,6.3014,172
7730ff0,9942,6.3014,126
2d967f71,14993,6.2986,1
1c16b37d,16036,6.2986,172
4022d4ec,7126,6.3014,97
303d3523,15198,6.3014,172
2faeb05b,16764,6.3014,172
315d3f28,7816,6.2959,1
59743a4f,14936,6.3014,1
678e085b,7103,6.3014,97
6b23392d,15496,6.3014,172
3ec3bda4,15469,6.2986,172
6435ee4f,7250,6.3014,97
3c49399e,16245,6.3014,172
2b92329c,10724,6.3014,126
81f94d7,9079,6.3014,120
6e3df9b2,15439,6.3014,172
3b088c6b,9983,6.3014,126
6358653e,9741,6.3014,126
4393440d,17454,6.2986,172
12ac8dee,15699,6.3014,172
36e31028,9421,6.3014,124
cdfc2ba,16585,6.3014,172
789256da,10092,6.3014,126
2178d6e9,15123,6.3014,1
24cc4396,15190,6.3014,172
f34f0be,7352,6.3014,97
7d0c39f0,10344,6.3014,126
1742940d,10342,6.3014,126
70eac792,11802,6.3014,126
4d395a87,17026,6.3014,172
58737831,16345,6.3014,172
44ac0976,6954,6.3014,97
77ecbbb2,17260,6.3014,172
474d1f12,14868,6.3014,1
61bd963e,15840,6.3014,172
61a7bf57,11090,6.2904,126
22ccd8c8,17110,6.3014,172
60f925e,15020,6.2904,1
2995b802,15995,6.3014,172
2414c768,16377,6.3014,172
60da51ba,9617,6.3014,126
1abdb29d,9665,6.3014,126
1eec4c60,10392,6.3014,126
1c41e752,16129,6.2986,172
2e2422e1,10093,6.3014,126
59fa44e2,11490,6.3014,126
25098cf1,10206,6.2986,134
36e18475,16767,6.3014,172
1b401ebe,9592,6.3014,126
2aebb0fd,11986,6.2986,126
395d8b62,9578,6.2932,126
320b05ff,10432,6.3014,126
5b0c794b,9604,6.3014,126
61748c73,14914,6.3014,1
34a71da4,18058,6.3014,1
7aa36cdf,7340,6.2986,97
5e69d232,15850,6.3014,172
66173e95,9598,6.3014,126
23c52130,17123,6.3014,172
6260d48a,18072,6.3014,1
2f0352d1,15257,6.3041,172
3febfd41,9793,6.3014,126
60579fbf,17417,6.3041,172
6a91ee24,16236,6.3041,172
5fb1bc7d,11435,6.3041,126
63a6990d,15005,6.3014,1
54a3bd7e,8115,6.3041,1
3e6ed7a8,16604,6.3041,172
32163949,15296,6.3041,172
258a8cc5,16753,6.3041,172
6c8b8d47,7134,6.3041,97
3fa4498d,7077,6.3041,97
77bf1a46,10634,6.3041,126
6225cd0,15125,6.3041,1
36f308e6,7029,6.3041,97
2b86c794,9667,6.3014,126
24649588,6356,6.3041,1
30b48908,9773,6.3014,126
1eae03c0,16288,6.3041,172
389cde6,15648,6.3041,172
341d0ca,9944,6.3041,126
1729e563,15842,6.3041,172
79774445,9632,6.3041,126
34dc5070,9660,6.3014,126
391611a1,11866,6.3041,126
61cce91d,10526,6.3014,126
225acc0d,17837,6.3041,172
74d347e6,17268,6.3041,172
3938f32c,10996,6.3041,126
7dc1dbc4,11832,6.3041,126
7bc35160,16750,6.3014,172
f0dd0b1,11377,6.2986,126
618f4ac1,16915,6.3041,172
12e3a2cf,11244,6.3041,144
734ab9a2,7205,6.3041,97
1003a8f3,16100,6.3041,172
1f02b8f7,16617,6.2932,172
12a37722,6957,6.3041,97
2fb14c0,7457,6.3014,97
961fef5,10834,6.3041,126
69bc0cc,11306,6.3041,144
20bafe14,15323,6.3041,172
2b5c57cc,9852,6.3041,126
29298746,15458,6.3041,172
65a63695,9743,6.3041,126
2f3952c0,15209,6.3041,172
77fc6a4b,15445,6.3041,172
5a7f95c8,18122,6.3041,1
29d09ff7,6383,6.3014,1
4170fe,9498,6.3041,126
65b7c407,15900,6.3041,172
fd3523,16272,6.3014,172
14c7b945,9447,6.3014,126
65a9c9f,15996,6.3041,172
1f8afda3,15353,6.2959,172
44c685a9,17797,6.3014,172
2dfbf43f,17402,6.3041,172
2d44de18,16300,6.3041,172
4df6d54,9583,6.3041,126
4c70ef89,7265,6.3014,97
537c5bdd,7442,6.3068,97
3cebd063,16384,6.3068,172
4e4391cd,16043,6.3041,172
3109e09c,17006,6.3068,172
7a4e5d93,10869,6.3068,126
18c4e271,17512,6.3041,172
4a5bd55d,17663,6.3014,172
34a8d18a,17635,6.3068,172
3c82a049,11383,6.3041,126
416cf5f9,7365,6.3068,97
36a1ac2,6950,6.3068,97
170fd6cf,10288,6.3041,126
65d96125,14897,6.3068,1
4c70053f,16468,6.3068,172
1f9fba79,14586,6.3068,1
76cfaeeb,9664,6.3041,126
58b1295e,7448,6.3068,97
1424868a,11289,6.3068,144
768aaa05,7294,6.3041,97
7db9eac9,9875,6.3068,126
2c93d7f9,17108,6.3068,172
1c331437,9600,6.3041,126
3fca5f36,10237,6.3068,126
d1705a4,17470,6.3068,172
3f8927e0,9696,6.3068,126
3b1f1e8a,16448,6.3068,172
5832252e,17482,6.3041,172
3dcf0d8b,15665,6.3068,172
56c1c530,6966,6.3068,97
63cec069,15799,6.3041,172
150e4dd7,8544,6.3068,1
5626fab2,11275,6.3068,144
e165d03,10465,6.3041,126
1b4e0920,16444,6.3068,172
7cc99f6b,16741,6.3068,172
558e320e,11327,6.3068,144
1d5b192a,10098,6.3068,126
2199b1c7,16370,6.3068,172
4af5abdd,10854,6.3041,126
7a77472f,11160,6.3041,145
3fa09302,16751,6.3068,172
53db0ab8,7395,6.3068,97
3417e85d,7316,6.3068,97
74999fcf,18231,6.3068,1
4f9a3add,9823,6.3014,126
667b9b21,10385,6.3068,126
449f675c,7918,6.3068,1
4f413a92,11012,6.3068,126
771ea352,15734,6.3068,172
694c23be,9449,6.3068,126
56561c4c,16933,6.3068,172
100529be,10712,6.3068,126
12030cdf,16871,6.3068,172
1ada9cf2,6821,6.3041,1
7c885799,17677,6.3068,172
4579d96f,15941,6.3068,172
4f9640eb,7141,6.3068,97
16568e7,15756,6.3068,172
3fefc3cd,16062,6.3041,172
34d6c7fe,10931,6.3068,126
493a4897,17578,6.3014,172
63323307,16380,6.3068,172
22026507,17299,6.3068,172
2069af8e,9776,6.2986,126
3b8c25e4,6474,6.3096,1
49d49399,11174,6.3096,145
28d182e8,17516,6.3096,172
784fedf9,17169,6.3068,172
153738a1,16045,6.3068,172
4f4e8ce6,11808,6.3068,126
7f00434e,16742,6.3096,172
22eb96cd,11452,6.3068,126
254c874c,17467,6.3096,172
9924174,6963,6.3096,97
3280d51c,9448,6.3068,126
4c23707f,11783,6.3096,126
4ff46d0c,17479,6.3096,172
d14f850,15394,6.3041,172
315c1f83,17142,6.3096,172
221081e5,7089,6.3096,97
4d7adfd8,9723,6.3096,126
16169167,10802,6.3096,126
5c1c06c8,17149,6.3096,172
220a8e8c,9546,6.3096,126
757da23a,10513,6.3096,126
5f8112bd,8035,6.3068,1
7dbe3d83,16681,6.3096,172
bb6a256,9554,6.3068,126
13c2bd68,17621,6.3096,172
44015157,7311,6.3096,97
48df3e71,16720,6.3096,172
76c5812e,15596,6.3096,172
49465e3d,17777,6.3096,172
70ea4b63,6971,6.3096,97
57a6ff12,16119,6.3096,172
3eaf37c0,10890,6.3096,126
f32aad2,10136,6.3041,126
552486eb,16736,6.3068,172
77376e7f,15650,6.3096,172
3061566e,8359,6.3041,1
2a1f1e8a,7314,6.3068,97
5b7dc6fc,17152,6.3096,172
17750f7a,7444,6.3096,97
2d1de9dc,10630,6.3041,126
7fa449bb,15713,6.3096,172
4adb2a95,9584,6.3096,126
75eaf26b,9586,6.3096,126
377ba603,7317,6.3096,97
6acfc8c6,15269,6.3096,172
79d3d888,16103,6.3096,172
5b880473,14944,6.3096,1
31a9fabf,15410,6.3096,172
25b48db4,14975,6.3096,1
42441612,17724,6.3096,172
59f429b5,6477,6.3096,1
27f65c36,5126,6.3096,83
262eac51,17214,6.3096,172
44b8da00,10099,6.3068,126
3cf9eaa3,16141,6.3096,172
297b06e6,16247,6.3096,172
7a646bbc,16163,6.3096,172
56f9fa5a,9930,6.3096,126
788ed62a,10521,6.3123,126
b51976a,17615,6.3123,172
7aecfcd0,10489,6.3096,126
238c41ba,10627,6.3123,126
2d3dfc67,7301,6.3068,97
2ad0c46d,16740,6.3123,172
37c7a79b,9843,6.3123,126
7607a148,14584,6.3123,1
349ba52b,10228,6.3096,126
1844ec79,17951,6.3096,172
af1072b,15055,6.3123,1
12357b95,10005,6.3123,126
59f3957a,11021,6.3123,126
3028c192,6544,6.3123,1
fb0d4ca,15696,6.3096,172
36e0ef7a,10517,6.3123,126
73fde499,11176,6.3123,145
52f8f25,16120,6.3123,172
6b3f180a,15113,6.3123,1
cb01dce,10675,6.3041,126
3d9aa81d,6695,6.3123,1
32ce6cb8,10642,6.3096,126
5870afb2,10131,6.3123,126
5422971f,16609,6.3123,172
3c1007c6,17198,6.3096,172
67441ddd,9910,6.3123,126
209c4f14,7024,6.3123,97
5bb8951c,15793,6.3096,172
3a9423b8,9613,6.3123,126
7a4ec19a,11830,6.3096,126
465cc722,7604,6.3123,1
1b180c1,18059,6.3123,1
1a23faac,17212,6.3096,172
16edba63,10950,6.3123,126
36a80a4b,15630,6.3096,176
3b1233d7,17062,6.3096,172
3e615883,9423,6.3123,124
4524d38e,5671,6.3123,87
637c5120,16363,6.3123,172
33a86333,10210,6.3123,135
198e721a,10968,6.3123,126
2d9f94e8,17575,6.3123,172
4ec49a76,9977,6.3123,126
3e85d966,10613,6.3123,126
54f1720e,17718,6.3123,172
59884ac,16463,6.3096,172
6fe5a943,9473,6.3123,126
7f3b1330,16864,6.3096,172
4030f512,10126,6.3123,126
20057fdb,17222,6.3123,172
61f92293,10174,6.3123,126
2394305e,7246,6.3123,97
491158f,11891,6.3123,126
1bbcc616,17035,6.3123,172
f614961,16569,6.3123,172
27241fa4,10281,6.3151,126
2530ddde,15825,6.3123,172
2981999a,10016,6.3151,126
2caef78a,11705,6.3151,126
2bf01484,6959,6.3123,97
80df209,15187,6.3123,1
2d65e7db,11953,6.3151,126
762c475a,5109,6.3151,83
5d53392f,10479,6.3151,126
4a176e3f,15920,6.3151,172
3a290536,10722,6.3123,126
38f06697,10269,6.3068,126
2c72f044,9612,6.3151,126
68ac2ea4,11977,6.3151,126
1ade9632,11643,6.3151,126
79e09291,10045,6.3151,126
1ed99743,10495,6.3151,126
21218f20,9451,6.3151,126
674a8871,10635,6.3151,126
1a6aab90,16271,6.3123,172
13ba6f77,18130,6.3151,1
6c941a97,16674,6.3151,172
7d3b1434,15222,6.3151,172
504ecc3c,14576,6.3151,1
1fb7db8e,15845,6.3151,172
5f36ded8,17201,6.3151,172
7a09ebbe,16509,6.3151,172
5c00e7ef,7610,6.3123,100
7d4a2c4a,15221,6.3151,172
14e3fd25,11426,6.3123,126
2182b01c,7129,6.3151,97
7ae6145c,15714,6.3151,172
56e24f36,15212,6.3151,172
5de39a1a,15402,6.3123,172
69d5c3ea,7369,6.3151,97
23db7e78,7111,6.3151,97
67041eca,12110,6.3151,150
26766b7a,10444,6.3151,138
617b36cd,10049,6.3151,126
19abbc24,17462,6.3068,172
5e1e0395,15091,6.3096,1
4ba69e97,11175,6.3151,145
73531470,10536,6.3151,126
76a17db5,16540,6.3123,172
375ddca2,16188,6.3123,172
19f16377,17067,6.3151,172
665c14f8,10469,6.3151,126
dc76cd7,16532,6.3151,172
54260901,9909,6.3151,126
299e01b8,9986,6.3151,126
465e2229,7383,6.3151,97
40a305ce,18239,6.3151,1
76b478d9,16697,6.3151,172
123e090f,9825,6.3123,126
25c62e0b,6933,6.3151,97
7d13c208,17115,6.3123,172
4aa00dbb,8312,6.3096,1
65b95dc8,15396,6.3151,172
5e82c492,17518,6.3151,172
3de25ec8,11714,6.3151,126
352084b0,16418,6.3151,172
7fa78a7a,9590,6.3123,126
37c96748,7353,6.3151,97
59e9fda1,17563,6.2986,172
18726b67,15673,6.3151,172
29c679dd,10399,6.3123,126
6af1d2c5,10669,6.3123,126
1d5c730f,16470,6.3151,172
74ef9e8,17431,6.3178,172
634d743e,9719,6.3178,126
58a7218,10379,6.3151,126
7b30adad,11925,6.3178,126
748fbd2d,10107,6.3178,126
66ab3d8e,9480,6.3178,126
2092c5e2,10756,6.3151,126
b418a9a,16101,6.3178,172
325e348,15851,6.3178,172
55e95b86,11391,6.3178,126
2bcac953,10408,6.3178,126
2cd883ea,16613,6.3178,172
4b1a9a,14577,6.3178,1
61e3c9b2,16794,6.3123,172
1f61547e,7104,6.3178,97
629c9690,7042,6.3151,97
ab39efa,9550,6.3151,126
52f4cafc,8217,6.3178,1
47a3b678,10065,6.3178,126
418d800a,9730,6.3178,126
575f828f,6973,6.3178,97
238811b2,10452,6.3178,126
79c263cd,17345,6.3178,172
5462212f,7025,6.3178,97
7f028ad6,17008,6.3151,172
1ce41105,17068,6.3178,172
76d2c55f,11785,6.3178,126
612968bd,17679,6.3178,172
337ce9f3,10193,6.3178,126
58c38170,16698,6.3178,172
6493cf54,16925,6.3178,172
56559a77,11810,6.3178,126
40b16a4,7270,6.3151,97
50ec44a7,17455,6.3151,172
14e087cb,10211,6.3178,135
7dc78d56,10347,6.3151,126
6e73136c,7315,6.3151,97
32118630,16926,6.3178,172
ea35a9,18168,6.3178,1
10a434a0,17435,6.3178,172
663abdab,9479,6.3178,126
58a4875a,5043,6.3178,83
4ec05b9e,17741,6.3178,172
9b2b69a,7568,6.3178,1
226b928f,15579,6.3178,172
38028238,10649,6.3178,126
be6a776,16475,6.3151,172
77047f07,10853,6.3151,126
6b9e011b,7461,6.3178,97
47215d12,16876,6.3178,172
eec85f5,10351,6.3178,137
79428f97,10468,6.3178,126
2d6a3bff,7422,6.3178,97
36676190,16307,6.3151,172
7b636383,10292,6.3151,126
1630754f,15265,6.3178,172
6a7911b5,9889,6.3178,126
671f968b,17300,6.3178,172
7809e90,10773,6.3178,126
120f1922,9582,6.3178,126
3059466f,5086,6.3178,83
2b692521,10480,6.3178,126
289e5ac2,11509,6.3178,126
51ad9c92,10231,6.3178,126
42b290fa,14979,6.3178,1
5aa193e0,16138,6.3178,172
3822dcfd,11086,6.3178,126
5a80b6f5,9080,6.3205,120
12af2d,10645,6.3205,126
5671da95,10386,6.3178,126
789a2192,17199,6.3205,172
2772076a,10629,6.3205,126
328cbf6e,10717,6.3205,126
6af16ed8,16970,6.3123,188
43ce54a5,7066,6.3205,97
33cc2c94,10398,6.3205,126
74b042e1,11022,6.3205,126
1cf7b099,11171,6.3205,145
2390f4d6,7611,6.3178,100
4276d9d2,10434,6.3178,126
732cc645,11279,6.3205,144
57d258b,11030,6.3205,126
21ef47b6,9499,6.3205,126
55a3b210,7449,6.3205,97
40a8580f,10396,6.3205,126
2c956cec,17111,6.3205,172
162e47d4,18235,6.3205,1
771c5c3f,16672,6.3205,172
3fe743fe,16439,6.3205,172
63869fa6,11104,6.3151,126
3d0d0c2d,15126,6.3205,1
2f10aba8,6980,6.3205,97
2aedf507,11184,6.3205,145
40b1bd90,7240,6.3178,97
7f54e813,6340,6.3205,1
2fab110,17742,6.3205,172
de2a08c,16747,6.3205,172
289d170c,18154,6.3205,1
6d1d9ad5,15672,6.3205,172
22cb4bd2,17424,6.3205,172
35d1e315,11003,6.3205,126
6274a68e,10691,6.3205,126
2291e8bb,9859,6.3205,126
235b150e,17101,6.3205,172
1928933b,11804,6.3205,126
5e2f1646,8953,6.3123,1
7356e908,18131,6.3178,1
85e7109,17049,6.3205,172
55329a72,7170,6.3205,97
73092bb4,15783,6.3178,172
37d38274,16125,6.3205,172
4c7e6bbe,16478,6.3205,172
d5e8949,14887,6.3205,1
37b047dd,10807,6.3205,126
1cdba37d,11050,6.3205,126
234708c3,15041,6.3205,1
5a2ad923,10658,6.3205,126
6f11f314,11484,6.3205,126
78de73c4,5917,6.3205,93
2e9065c0,15686,6.3178,172
2469a2b,11193,6.3178,145
358a61c1,15523,6.3205,172
39655592,16785,6.3205,172
598c98f9,15899,6.3205,172
741f586d,16536,6.3178,172
6b6bc121,7245,6.3205,97
127dab46,15551,6.3205,172
127a55e,10801,6.3178,126
3cd1aed3,9815,6.3205,126
32034514,16759,6.3205,172
770c8c62,16865,6.3205,172
4ddbff89,16424,6.3205,172
716abe39,16038,6.3205,172
407c21f1,9971,6.3205,126
687ff70f,11742,6.3205,126
5e57b307,10567,6.3205,126
7a4a7a3e,10877,6.3205,126
5ef58838,6895,6.3205,1
7fa749be,15497,6.3205,172
68771eca,10383,6.3205,126
41451270,15501,6.3205,172
47e0376f,11703,6.3205,126
3383e628,9347,6.3205,124
267d620e,10496,6.3205,126
4fc23223,16745,6.3178,172
635c3f55,4635,6.3178,1
6308d515,11639,6.3178,126
70f95e2a,17226,6.3233,172
3dd92f29,17490,6.3233,192
6354519b,10739,6.3233,126
61f07c33,14675,6.3233,1
5b426629,17118,6.3233,172
2f16aa0f,10108,6.3233,126
6e8feeff,10006,6.3233,126
cfc06f9,17327,6.3233,172
18e98a9f,7257,6.3233,97
4142bc77,7242,6.3233,97
44c74a61,17400,6.3233,172
5e9bc624,15838,6.3205,172
4ff2331e,9540,6.3233,126
23553fd7,11427,6.3233,126
5d3fed9e,9697,6.3205,126
5d95bafb,15697,6.3205,172
3210894,11926,6.3233,126
90024a0,7146,6.3178,97
775f5b95,15199,6.3233,172
2b717b03,10453,6.3233,126
5b434ef4,16719,6.3233,172
1ca93d8b,8545,6.3233,1
502d98a0,17932,6.3233,172
58808321,11844,6.3233,126
78094251,10498,6.3151,126
48d70738,11766,6.3178,126
39fc974a,15332,6.3233,172
5a8f04d,15715,6.3233,172
596de252,16291,6.3233,172
6b4438e4,11958,6.3205,126
365fb401,16074,6.3233,172
7437001f,10965,6.3233,126
427e03b9,16945,6.3233,172
8b7900a,7231,6.3233,97
7a444131,11295,6.3205,144
698bdc6a,17587,6.3233,193
4383d2a1,10180,6.3205,126
f780536,16097,6.3233,172
3da9acab,9752,6.3233,126
23bc74b4,11805,6.3205,126
92a4cd4,15628,6.3178,172
54e1818a,15856,6.3233,172
1b7f7f95,17168,6.3205,172
6b4344a5,16218,6.3205,172
3054f9f5,17116,6.3205,172
6861d3a4,7239,6.3233,97
41db0e17,17683,6.3233,172
8028aea,17750,6.3151,172
7fdfc42b,9651,6.3233,126
28420afc,10401,6.3233,126
79959123,9468,6.3233,126
6e1954b5,14876,6.3233,1
56bd6350,16445,6.3233,172
8835621,17240,6.3233,172
26e69902,15955,6.3205,172
4378dfcf,12074,6.3205,150
1c5b7c1d,17798,6.3233,172
144ad801,10429,6.3233,126
65c3c7e5,7355,6.3205,97
41835f22,16791,6.3233,172
5dac035a,10740,6.3233,126
659b175b,11809,6.3233,126
77bb6797,16889,6.3233,172
6bde5dca,9635,6.3205,126
21462e87,17838,6.3233,196
72f9c67e,15997,6.3233,172
35f323b1,16571,6.3233,172
6ed21062,8890,6.3233,115
53cef32c,10053,6.3233,126
e2fa2d8,17813,6.3233,172
7f65a11d,15683,6.326,172
791c542b,17948,6.326,172
5327ebeb,17613,6.326,172
2d88a0ed,9646,6.3233,126
9fb61e3,17209,6.326,172
5bc44488,17228,6.326,172
375084a8,10550,6.326,126
5fb7d567,16465,6.326,172
d91430b,10286,6.3205,126
7da31788,16436,6.3233,172
7408a635,9797,6.3233,126
474e19d8,10547,6.326,126
2633e0bb,9845,6.326,126
213d766d,9491,6.3233,126
10355571,10037,6.326,126
27821e76,16277,6.326,172
d4d829e,15843,6.326,178
1e0d0405,16868,6.3233,172
4fa86f46,10670,6.326,126
58da7981,7394,6.326,97
54c997b7,11381,6.326,126
6e6dde82,16213,6.326,181
59ab0c97,11302,6.326,144
2ff0168b,17782,6.326,172
379c58ed,10546,6.3233,126
37051952,15042,6.326,1
364b7491,17262,6.326,172
1920789d,7347,6.3205,97
4c2e1064,6426,6.3178,1
537e5f3a,17349,6.326,172
43e93fe5,7464,6.326,97
3efc5638,16869,6.326,172
240235ea,11772,6.326,126
1893bc3e,10004,6.326,126
3a57a910,16565,6.326,172
3935a799,17441,6.326,172
3601db00,11658,6.326,126
65246b11,14991,6.3233,1
5118d156,17523,6.3233,172
503cbf3a,16029,6.326,172
554b8b4f,17819,6.326,172
4156e710,15510,6.326,172
7ec70c8,9990,6.326,126
329cca60,10650,6.326,140
7fbca56e,16071,6.326,172
3b842e8f,9924,6.326,126
4d1c2088,16955,6.326,172
299263d3,9580,6.326,126
7d89634b,10751,6.326,126
6763da23,10615,6.326,139
4b57be27,10976,6.326,126
2abb2fa7,17160,6.3233,172
6f8fec1a,17531,6.326,172
7161d065,11297,6.326,144
7c6dd7a4,16378,6.3178,172
47447639,10494,6.326,126
3500d768,7567,6.3233,1
d077b8,17513,6.326,172
3e0f1e30,16898,6.3288,172
48df3950,7997,6.326,1
37422ad6,9563,6.3288,126
535367b9,16765,6.3288,172
15eb1d7d,11777,6.3288,126
244fa329,7067,6.3288,97
27d29ec,17669,6.3288,172
8df1761,7169,6.3233,97
4a5be8b5,15735,6.3288,172
48aeb4d,15191,6.3233,172
7961476,15263,6.3288,172
5e99b946,17381,6.3233,172
21dff1cd,16547,6.326,172
3540d930,9801,6.3288,126
20cb816d,7068,6.3288,97
17c904a6,16362,6.3288,172
489cc90,16056,6.3233,172
5a204083,7138,6.3288,97
6a9ad286,11278,6.3288,144
37330c68,15442,6.326,172
707a9d6a,8119,6.3288,1
4b0f330a,15466,6.3288,172
143ce2f9,18166,6.3288,1
5e1b51a2,16015,6.3288,172
71644645,17099,6.3288,172
43c1bc00,15383,6.3288,172
3099b5ab,17318,6.3288,172
3ab7cb6c,9477,6.3288,126
e9f1caf,7070,6.3288,97
348b645b,16339,6.3288,172
678e4ae1,16630,6.3288,172
1c3ac5a1,15647,6.326,172
6558d506,7130,6.326,97
b1ccf92,15455,6.3288,172
29e1cbac,15666,6.3288,172
542807d6,7186,6.3288,97
3b6e18b4,5113,6.3288,83
10e3ac99,7376,6.3288,97
2e22947a,15502,6.326,172
93986b9,15780,6.3288,172
1d3b36ff,15524,6.3288,172
565b3654,4743,6.3288,1
6ce0f9a1,12048,6.326,150
29a9b6ca,11704,6.3288,126
7cd63480,16476,6.3288,172
6d61f1ce,16893,6.3288,172
620783a0,11440,6.3233,126
1cc98fa8,16341,6.3205,172
94143b0,15974,6.3288,172
6d3aabb4,10917,6.3288,126
fb7d85c,11475,6.3288,126
7bc36f32,15025,6.3288,1
63a8bac5,11315,6.3288,144
51735089,10127,6.3233,126
52acc5d4,15370,6.326,172
6af3b33e,14583,6.3288,1
5bb7e304,15202,6.3288,172
108b17e3,11843,6.3288,126
24bdf243,10189,6.3233,126
20d4e354,10946,6.3288,126
7eb003a4,11888,6.3288,126
53a0cfa9,17650,6.3288,172
376bb91a,7428,6.3288,97
7f17941b,17617,6.3288,172
34734e50,15938,6.3288,172
617b02f0,10808,6.3288,126
b32c4ac,15614,6.3288,172
48c62e9d,11712,6.3315,126
66e9f81b,2901,6.3315,64
5f3c0ab4,9481,6.3288,126
30923b9,5717,6.3315,87
4236b25b,16337,6.326,172
3b7dce46,11875,6.3315,126
12fdd012,17009,6.3315,172
2d2b1153,15367,6.3315,172
2a79cac7,10511,6.326,126
5a78cac7,6970,6.326,97
f223030,15122,6.3315,1
73a30c86,16405,6.3233,172
6f73a28,16598,6.3315,172
1a45e6c3,15956,6.3315,172
4f8e60b,11198,6.3288,145
4eab8ba0,9928,6.3315,126
51fde4e0,11094,6.3315,126
6fd40d2e,15244,6.3315,172
504d5c86,10270,6.3288,126
658bcbb2,11384,6.3288,126
2600b1b6,11087,6.3315,126
4bad43d1,16596,6.3315,172
69727525,16731,6.3288,172
5361ade1,7318,6.3315,97
688c2a64,15181,6.3288,1
4b22abc2,15194,6.3288,172
318324de,15508,6.3315,172
6fd389aa,9673,6.3315,126
6605513e,10894,6.3315,126
64899c1f,10482,6.326,126
38279a87,17427,6.3288,172
10aaec89,16333,6.3315,172
63c7a9ef,18113,6.3315,1
be7a36,10537,6.3315,126
2f079808,9849,6.3315,126
2bf0dccd,11392,6.3315,126
6c79a39e,10293,6.3315,126
322fe72f,10861,6.3233,126
217bfeba,7119,6.3315,97
c4048ec,11404,6.3315,126
2d046fa9,17796,6.3315,172
6feaae05,10637,6.3315,126
605ff3b9,17056,6.326,172
1eaf4f26,17695,6.3315,172
10267337,17102,6.3315,172
1ed12fbd,14611,6.3288,1
10cc5e5,17065,6.3315,172
79455ff8,11362,6.3315,126
653e7c9d,14678,6.3342,1
46a204c6,16481,6.3342,172
51196768,11125,6.3342,145
36dda343,17614,6.3315,172
2091fb91,10798,6.3342,126
76434f71,17533,6.3288,172
6cfb44f6,17486,6.3342,172
37672591,15290,6.3288,172
18850d9f,17340,6.3342,172
74d1f139,7105,6.3342,97
423bd7a1,11437,6.3342,126
4cfe39da,11520,6.3315,126
7c273c2f,16605,6.3342,172
78442ab,17649,6.3342,172
1b9e1b25,10891,6.3342,126
2693d165,17296,6.3315,172
639047dc,5597,6.3315,87
4624c01f,9748,6.3342,126
5bdcb7cf,11671,6.3342,126
2d08bccd,11124,6.3342,145
152858f0,5044,6.3342,83
7467532e,11867,6.3315,126
14235185,9927,6.3342,126
5ca9d3f1,18123,6.3342,1
7ca57918,9505,6.3342,126
2b1d51a4,12012,6.3342,150
652d99ca,9411,6.3342,124
6b0c4393,11436,6.3342,126
3cb68a53,17471,6.3342,172
7d676c10,16953,6.3342,172
7a45fa76,11298,6.3342,144
748d49bf,17772,6.3315,172
7d148c66,11990,6.3315,126
75786585,15193,6.3342,172
333980d6,15977,6.3342,172
2de7f7bf,16266,6.3315,172
61bbe72c,17313,6.3342,172
74c939d9,10977,6.3342,126
1eabfbf8,15420,6.3315,172
422b2e88,16854,6.3315,172
3deb392b,10640,6.3315,126
2fa36b26,11710,6.3342,126
129998fa,11438,6.3342,126
95dab4f,18210,6.3342,1
44197887,17770,6.3342,172
6d1bf92e,17510,6.3342,172
59d545f0,7139,6.3342,97
7554878,7064,6.3342,97
15d723ce,11698,6.3342,126
63369c0e,5118,6.3342,83
17f80591,10135,6.337,126
51d6cbcf,12136,6.337,150
60b88a61,9834,6.337,126
225ffec0,7199,6.3342,97
471eba34,15491,6.337,172
fe4647b,7454,6.337,97
58e54f65,16650,6.3315,172
3f8a7f05,17566,6.3342,172
1fce2d1,11425,6.3342,126
62fe3fca,16528,6.337,172
4e954852,15411,6.337,172
3c79a882,9650,6.3342,126
50e79a5f,9599,6.3342,126
4374ffe6,17055,6.337,172
c6d5074,17050,6.337,172
27c7e802,15454,6.3342,172
568b79c0,9453,6.3342,126
3ad2342c,11230,6.337,144
5e3d675f,10952,6.337,126
46220362,9791,6.337,126
4bea371f,11445,6.3342,126
60b2091a,16063,6.337,172
55808dcc,7439,6.337,97
3efbd0d,17491,6.337,192
601bd0ba,17461,6.337,172
192730a0,17338,6.3342,172
69ad1047,9799,6.337,126
38921e53,7770,6.337,102
2066c479,11778,6.337,126
466bdb99,6975,6.3342,97
66e941c4,17135,6.337,172
67c74a76,10671,6.337,126
4f8fa05b,10557,6.3315,126
57200d20,11640,6.337,126
7beb8161,10280,6.337,126
3b9c8a7,9846,6.3315,126
2622e090,7438,6.337,97
149d1177,7465,6.337,97
438357c9,7253,6.337,97
3523edf4,10009,6.337,126
64443651,15556,6.337,172
55a62d0b,11002,6.337,126
28e58b89,15886,6.337,172
3a30f5a6,17751,6.337,172
55537c29,7142,6.337,97
29b9c95d,16198,6.337,172
70ddfebc,15978,6.337,172
356ea848,10271,6.3342,126
7b1238f8,9902,6.337,126
1c86e5e6,10685,6.337,126
3b1d0d4,16458,6.337,172
435d1402,17036,6.337,172
4a0046c7,17356,6.337,172
29622169,17626,6.3342,172
2e05876,11522,6.3315,126
f5a1f8e,9568,6.337,126
7c0b297f,10825,6.337,126
248cf763,16324,6.337,172
3665252b,16450,6.337,172
1cdde3f2,10038,6.3342,126
5b1a4f8a,15570,6.337,172
96cbb62,15522,6.3397,172
31ec960,7683,6.3397,1
1cfe3bf7,17539,6.337,172
4307e189,10867,6.337,126
f32165,6685,6.3342,1
1ba09af0,10868,6.3397,126
734290fa,8059,6.3397,1
1e0e3ce6,10066,6.3397,126
62f99d07,9541,6.3397,126
7b987034,14624,6.3397,1
113d8a1b,17100,6.3397,172
46a4218,11291,6.3397,144
1c3afafd,10803,6.3397,126
73bc1c90,15818,6.3397,172
5d83a645,17261,6.3342,172
6c83983d,11364,6.3397,126
65226411,10830,6.3397,126
850176,11675,6.3397,126
578da3be,11660,6.3397,126
476f61bd,10262,6.3342,126
2e04875a,10832,6.3397,126
7d3e6ee4,10510,6.3342,126
bca9fbe,14996,6.3397,1
1fef7ca,15992,6.3397,172
3a463be4,10726,6.3397,126
46c2fa95,18087,6.3397,1
4885e5e7,15821,6.337,172
17eda426,9525,6.3397,126
1256a27d,11771,6.3397,126
615b51b6,12134,6.337,150
309c195a,11674,6.3397,126
57d17873,10350,6.337,126
780e53d0,15601,6.3397,172
2de72a3b,10713,6.3397,126
227268f8,16350,6.3397,172
168a08d0,18220,6.3397,1
48a66bc4,9749,6.3397,126
468c9592,10389,6.3397,126
4349ec1,16009,6.3397,179
1a426fd0,9956,6.3397,126
77a374f8,17618,6.3397,172
681cc23,15289,6.337,172
7d062868,18078,6.3397,1
48ea7dc5,17241,6.3397,172
6ae8514f,16149,6.3397,172
52dd9077,11099,6.3397,126
635d8f2d,10246,6.3397,126
6cf081a7,10184,6.3397,126
77efcda9,10899,6.3397,126
6544a0d4,15264,6.3397,172
5fa59832,17733,6.3397,172
508e400c,9569,6.3397,126
381b1e03,6599,6.3397,1
31100e2c,7452,6.3397,97
42876434,7179,6.3397,97
60abd248,15544,6.3342,172
203358,9486,6.3397,126
31f03c1e,9703,6.3397,126
48af48d0,16351,6.3397,172
76a8ea1f,11833,6.337,126
5a5b0de7,11918,6.3397,126
1f250a6d,16796,6.3397,172
7713ad61,11374,6.3397,126
7f52c3d0,15056,6.3397,1
55ef354c,15885,6.3397,172
ccaa166,9552,6.3397,126
47337f51,15537,6.3342,172
4ad5ca38,12008,6.3397,150
75e856af,10375,6.337,126
4421b21f,9661,6.3397,126
2eb3675f,15690,6.3397,172
c4d485d,17038,6.3397,172
72a64c2f,9932,6.3397,126
87b19f1,11320,6.337,144
45cc31fa,11453,6.3397,126
c34c216,9443,6.3397,126
3988d550,7313,6.337,97
790f217a,7384,6.337,97
5d688c40,11027,6.337,126
77e6d189,9470,6.3397,126
8bbb870,11642,6.3397,126
22e803d8,16022,6.3315,172
6d52a2c9,10247,6.3397,126
8bf5cec,10060,6.3425,126
11accb37,16075,6.337,172
50072a12,10267,6.3425,126
2b30bbde,15201,6.3397,172
52a605a,11186,6.3425,145
7700042f,6381,6.3397,1
54ce81aa,10737,6.3425,126
28c8b,9819,6.3425,126
693c7123,10467,6.3397,126
7e4b1b43,7327,6.3425,97
3f42f4ee,9802,6.3425,126
4814be55,17407,6.3425,172
5ce61508,10873,6.3425,126
5659c2de,15998,6.3425,172
7e14a97f,11462,6.337,126
139f46fe,18156,6.3425,1
22f16988,7386,6.3425,97
3d00d562,9572,6.3397,126
7fbd4fd0,15584,6.3425,172
676a2dcb,16001,6.3425,172
59ffdfb1,17710,6.3425,172
3c6e2f08,10799,6.3425,126
55af36cd,10261,6.3425,126
40793067,16631,6.3425,172
764b49d6,15390,6.3425,172
3b103e78,16315,6.3397,172
17257e89,11290,6.3397,144
1e568e02,10777,6.3425,126
72fa5f7a,16242,6.3425,172
ac2bf69,15247,6.3425,172
327f61e7,9570,6.3397,126
1e829071,17685,6.3425,172
8266a2e,10679,6.3425,126
31281248,10829,6.3425,126
34cb8c95,11441,6.3397,126
1ec73290,17396,6.3425,172
57fe18f6,15776,6.3397,172
6cb27f3d,10137,6.3425,126
475f91a,17082,6.3425,172
230118b6,17282,6.3397,172
49f8d88,11821,6.3425,126
7b2b41b1,16282,6.3425,172
503ddae7,16295,6.3425,172
7bd2acfe,7414,6.3397,97
b18e7e6,17112,6.3425,172
3309e5b9,7323,6.3425,97
3598dc1,10610,6.337,126
225e72d2,17334,6.3397,172
1c8a6e9c,15847,6.3397,172
725194af,10115,6.3425,126
3d2938a1,9796,6.3425,126
6cb00534,9506,6.3425,126
238168b0,15300,6.3425,172
5d0b7483,10252,6.3425,126
2913a3b3,6726,6.3397,1
45e68a00,11259,6.3397,144
6d0abee4,10552,6.3425,126
6ba360aa,10083,6.3425,126
5f994856,15498,6.3425,172
2ede6f2f,11868,6.337,126
169b098e,7140,6.3425,97
66cd8dc7,15718,6.3425,172
7303a2b0,11454,6.3425,126
734c53d7,9639,6.3425,126
2e791ce8,16787,6.3397,172
70bf1e89,15991,6.3425,172
60e0a7d0,18070,6.3425,1
78959bd3,9820,6.3425,126
6a49adbe,16786,6.3397,172
62c95657,9615,6.3425,126
7f2b3f9,16214,6.3425,181
2071cae4,9662,6.3397,126
286b6023,7069,6.3425,97
b8e097,16877,6.3452,172
1247f602,15553,6.3452,172
3c4f2844,16173,6.3425,172
4fd62d96,15674,6.3452,172
2cf9c944,7320,6.3452,97
8adc0a3,15225,6.3452,172
4a9df130,11939,6.3452,126
25f7c052,7247,6.3452,97
603fc1a0,9876,6.3425,126
1e7bfaac,9425,6.3452,124
78358918,17660,6.3452,172
635b331c,17081,6.3452,172
7d77cc16,17727,6.3452,172
3c18f78e,11376,6.3425,126
6831d45c,16030,6.3452,172
5248d995,16890,6.3425,172
119cb8b6,10304,6.3425,126
13c0a847,11842,6.3425,126
6a43898c,15655,6.3452,172
cb633ac,11172,6.3452,145
1826d7de,11700,6.3452,126
6c0b9564,11004,6.3452,126
1af26e80,18163,6.3452,1
b964139,11811,6.3452,126
27e41521,11715,6.3452,126
9d2ae24,11233,6.3452,144
39c2aacf,15775,6.3452,172
3f075a92,17686,6.3452,172
228d66ff,15898,6.3452,172
30cd4519,11058,6.3425,126
3787033c,9788,6.3452,126
2b383866,16799,6.3452,172
7806b1c,9774,6.3452,126
5dbf1378,17738,6.3452,172
414cf24d,10683,6.3425,126
52ae6510,17541,6.3452,172
383f8c2b,9705,6.3452,126
3c63c8bb,9979,6.3452,126
19e2389c,17529,6.337,172
38c54855,11053,6.3452,126
7cdfc5b2,15552,6.3425,172
5edbfc82,18147,6.3452,1
5675091d,9877,6.3452,126
44e07466,16372,6.3452,172
4690cb1d,11461,6.3452,126
472e10a1,15663,6.3425,172
396dd4b8,10416,6.3452,126
3e20251b,17522,6.3397,172
432ec7d1,16978,6.3452,172
7ee9c4b7,15336,6.3479,172
76362755,10860,6.3479,126
3ee12054,17196,6.3479,190
750f4700,10765,6.3479,126
9fd8431,11923,6.3452,126
5ee259a2,10197,6.3479,126
6540f579,15554,6.3479,172
6e1ef2b5,17507,6.3452,172
594a8ca2,15754,6.3452,172
3c7357b6,15016,6.3479,1
709026d3,10900,6.3479,126
6902f92e,16874,6.3452,172
42c862e5,15766,6.3479,172
339f72d1,12339,6.3479,150
4d2a2605,16696,6.3479,172
2b55e157,15607,6.3479,172
b717e2c,16535,6.3479,172
2a8b6192,15771,6.3452,172
62ca87e8,18132,6.3479,1
7e4c8fba,17570,6.3479,172
7a17867d,6969,6.3479,97
b61ff5c,9768,6.3479,126
3d22dc1f,15456,6.3479,172
2709b55e,17844,6.3479,172
2e35b03,16338,6.3479,172
718022dc,16716,6.3479,172
61ebfbac,17315,6.3479,172
1aad6a87,8148,6.3479,104
69165bda,10447,6.3479,126
65f463d2,17699,6.3479,172
26e926f4,10008,6.3479,126
4e1d8957,16289,6.3452,172
24d4668f,10239,6.3479,126
1a5ccf22,10080,6.3479,126
5c70c548,10109,6.3479,126
7e85a8a0,10636,6.3479,126
79e249e1,10116,6.3425,126
5bbbc20,11952,6.3479,126
5819252f,18236,6.3479,1
5f3b635a,15866,6.3452,172
42abd38a,11311,6.337,144
c2810b5,16146,6.3479,172
67eefd90,16846,6.3479,172
3f6c17f1,9329,6.3479,124
3b4992f5,16775,6.3479,172
77a89091,9911,6.3479,126
67baf189,10831,6.3452,126
38b6a110,10463,6.3479,126
4f9f42c9,15115,6.3479,1
7c006fb3,7385,6.3397,97
4c06ef03,9786,6.3479,126
413579b2,7008,6.3479,97
7489e257,17545,6.3479,172
b8b7682,6382,6.3479,1
708eee07,15962,6.3479,172
1a1ce14d,11379,6.3452,126
1c9fec74,10084,6.3452,126
213c3303,15377,6.3479,172
71d36ec0,11063,6.337,126
76aa582b,6385,6.3479,1
bc1c93a,15889,6.3479,172
4ba5476a,16391,6.3479,172
216a95b0,15530,6.3479,172
525eab6,11359,6.3479,126
a86b31,9450,6.3479,126
61d7f259,16130,6.3479,172
14e52cc6,11993,6.3479,126
3e3f14b6,9895,6.3479,126
12d48138,16574,6.3479,172
7d0d01a3,7094,6.3479,97
23966161,10862,6.3479,126
1ea8fac9,6936,6.3452,97
58f4d70e,11024,6.3479,126
4d61c5aa,9779,6.3397,126
5d6c280e,14955,6.3479,1
4cbefd8,16699,6.3507,172
25101ec6,15444,6.3507,172
7a7914e8,10380,6.3507,126
39f6c298,7958,6.3507,1
5e6a1f0,11836,6.3507,126
5e882bbb,10881,6.3507,126
6ce4aad6,16529,6.3507,172
630957d0,8895,6.3507,116
53508360,17257,6.3507,172
4c9aaf42,16752,6.3507,172
5e10e1d,10541,6.3507,126
2cff7ea6,10445,6.3507,126
7b63b3da,11659,6.3507,126
621af34b,10858,6.3507,126
6f0688f3,17808,6.3507,172
38dbd1fb,15661,6.3507,172
5ec04859,7466,6.3507,97
3fa19958,7467,6.3479,97
526eab97,11100,6.3397,126
6bf57861,6955,6.3507,97
306f24fc,17375,6.3507,172
56dd6f03,16743,6.3507,172
a836701,16204,6.3507,172
4a753040,6926,6.3507,97
4149be86,11497,6.3479,126
3f4b536,16474,6.3507,172
3eec773c,11976,6.3425,126
2fc6a48f,10175,6.3507,126
43d7b94b,11000,6.3507,126
4cd27607,11498,6.3507,126
5de4cea3,16772,6.3425,172
6aa927ae,17532,6.3507,172
7b7946f8,11314,6.3507,144
37a1e850,10811,6.3507,126
2dd9d0f7,16305,6.3507,172
2b90024,11981,6.3507,126
51d324b0,17358,6.3507,172
6908a5b2,16385,6.3507,172
a359e0c,16477,6.3507,172
323549d6,16035,6.3507,172
5f4c728e,7071,6.3507,97
17722b73,15519,6.3479,172
3b7b291a,16346,6.3479,172
1d180587,16033,6.3507,172
21fcdca8,10896,6.3507,126
27d34257,9551,6.3507,126
45828c4e,15612,6.3425,172
5fb51b7d,15464,6.3479,172
62c92b26,7429,6.3507,97
33782bcd,11196,6.3452,145
77bd914b,16980,6.3452,172
240232,15897,6.3479,172
2b1f990b,17501,6.3479,172
594bf9e6,9921,6.3507,126
42e70c4d,15114,6.3507,1
1b8ba601,17752,6.3479,172
6272b3b1,14980,6.3507,1
61628200,10895,6.3507,126
3833d65,17351,6.3507,172
27f9f8ec,10187,6.3534,126
3572a935,15443,6.3534,172
47f247fa,9862,6.3534,126
33f0f2b4,17514,6.3507,172
498f05e3,11451,6.3534,126
3e97d858,10953,6.3534,126
1e8cf5be,11676,6.3534,126
2addd189,16220,6.3534,172
1b4c792c,10018,6.3507,126
1b192705,15412,6.3534,172
62c110dd,17595,6.3507,193
26d4d495,17350,6.3534,172
5ea94c7a,11025,6.3507,126
cda79a5,7072,6.3507,97
66f7d71b,18256,6.3534,1
6607c72c,15844,6.3534,172
72599d0a,16795,6.3534,172
2d11c5b5,9564,6.3479,126
75069003,15229,6.3479,172
29cfc970,11329,6.3534,144
2bc41b5f,10094,6.3534,126
2d601728,10970,6.3534,126
13ef7e43,7260,6.3507,97
22558ec2,9950,6.3534,126
30f03de6,11456,6.3534,126
71b72573,10525,6.3534,126
5cc3a53a,16692,6.3534,172
3436c587,14474,6.3534,1
518d1ea,9557,6.3534,126
4d4cf087,11982,6.3534,126
c677661,17408,6.3534,191
eff9097,15153,6.3534,1
4dab9723,17120,6.3534,172
67c99ed9,9870,6.3507,126
3feca7c2,10774,6.3534,126
502a283f,15291,6.3479,172
1e80df6e,17776,6.3534,172
22236185,10786,6.3534,126
3320e86d,10034,6.3534,126
18b49786,15366,6.3534,172
195e2f7f,16018,6.3507,172
20c85a98,15613,6.3507,172
141fbd6c,17783,6.3534,172
25519993,16895,6.3534,172
2c474160,17492,6.3534,192
28ab00ce,17599,6.3507,193
370af4a,11346,6.3534,144
637288c4,15266,6.3534,172
40e6f773,15040,6.3507,1
2298796d,15603,6.3534,172
4b05548f,15563,6.3479,172
3bd88051,6982,6.3534,97
4cf2b536,17966,6.3534,172
2d40fed4,9452,6.3534,126
4c8066df,17437,6.3562,172
33a5ad16,15503,6.3534,172
76de8dba,8894,6.3562,116
6a27f551,10813,6.3562,126
403b009f,11031,6.3562,126
f4220d9,8896,6.3562,116
742bb639,17579,6.3562,172
1191e13a,15879,6.3562,172
44c90324,15280,6.3562,172
60486b63,15592,6.3562,172
5c6eccda,9520,6.3562,127
42b47b66,10540,6.3562,126
7521da4f,17105,6.3562,172
5c32da3b,7431,6.3562,97
50ee22ba,11978,6.3562,126
7a4c3c61,11917,6.3562,126
1bc20705,18088,6.3562,1
7c8e3117,10186,6.3562,126
51ebe544,9887,6.3562,126
7031f631,17628,6.3479,172
73db7ac2,9724,6.3562,126
6b057362,10519,6.3562,126
60f4ab28,17202,6.3562,172
6ebba3b7,11115,6.3562,126
1144402f,16321,6.3562,172
519aaf06,9699,6.3562,126
14f2f3f6,11367,6.3562,126
27674cc4,10947,6.3562,126
1491353f,11332,6.3562,144
10775a34,18076,6.3562,1
1399668f,11428,6.3534,126
e850954,11111,6.3562,126
13a0fd76,17406,6.3534,172
22d06a6c,17766,6.3562,172
392ca3cc,7380,6.3562,97
61591778,10019,6.3534,126
3dd3af6c,17390,6.3534,172
47b06dae,9812,6.3562,126
53ef7363,11395,6.3562,126
f819811,15017,6.3562,1
264abc4e,17450,6.3562,172
62d36834,7065,6.3562,97
4a0f6b66,7278,6.3534,97
49cd3326,16646,6.3507,172
3a964e9d,15272,6.3562,172
437d1333,10999,6.3534,126
72181461,16710,6.3507,172
52ec4d07,8081,6.3562,1
5a861361,16558,6.3562,172
71c97789,17352,6.3562,172
56e0baf2,11365,6.3534,126
43c0cecd,10676,6.3562,126
73f437c7,17540,6.3562,172
19832fc3,11234,6.3562,144
234c7645,11721,6.3562,126
24737977,9955,6.3562,126
66bf6247,9769,6.3562,126
34a72b58,16700,6.3562,172
34dae738,11203,6.3562,145
746451b8,15561,6.3562,172
6954b829,17106,6.3562,172
64a4a3b0,9464,6.3589,126
62163549,10682,6.3589,126
7246b3b,17874,6.3589,172
511b13f6,15271,6.3589,172
6f1dc602,16221,6.3589,172
1d426c0c,15130,6.3562,1
6a429766,10050,6.3589,126
5cbaf537,16379,6.3589,172
3cf89b9d,15018,6.3562,1
78e33028,15406,6.3589,172
47d4f354,11020,6.3589,126
716e1861,16645,6.3562,172
7f42384c,17335,6.3589,172
74da69de,11769,6.3589,126
15d9651d,7346,6.3534,97
1475cad7,16437,6.3589,172
7a9b004d,10294,6.3589,126
3712e8ae,10493,6.3589,126
29c8de23,6974,6.3589,97
1a69f4ac,5466,6.3589,87
5d281259,10759,6.3562,126
387756c,7356,6.3589,97
399e34b9,11401,6.3589,126
1b25d2af,15386,6.3589,172
602a148,15240,6.3589,172
3e9698f1,17612,6.3589,172
76e54866,11380,6.3589,126
62fd5150,9934,6.3589,126
43e04cbf,9500,6.3589,126
599c0427,17397,6.3589,172
50fbad6a,17762,6.3589,172
5aa0e694,17359,6.3589,172
6da33de,10643,6.3589,126
471e120e,7299,6.3507,97
5571df54,11854,6.3562,126
4a03677a,18112,6.3589,1
17cabce8,10221,6.3534,126
40d9390c,17666,6.3534,172
7760dd7b,15985,6.3589,172
26095c5a,11449,6.3589,126
6466898f,11722,6.3589,126
6dfecd56,16776,6.3589,172
1c045e97,16501,6.3589,172
40531a44,16466,6.3589,172
70832ac1,11839,6.3589,126
20f9efaf,7223,6.3589,97
3b76129b,6732,6.3562,1
5381384,9454,6.3589,126
763f12b6,14871,6.3589,1
2b3ff6b7,9032,6.3589,1
497e0129,7282,6.3589,97
6c04e4c0,9558,6.3589,126
3efea78,7181,6.3616,97
806d254,17534,6.3534,172
4d6754e3,10449,6.3616,126
78790bb5,16253,6.3589,172
67e2a27f,11472,6.3616,126
68e9b6b,10279,6.3616,126
7ace1de8,6686,6.3616,1
44e4f497,16364,6.3616,172
745acb98,11447,6.3589,126
335360a4,15343,6.3589,172
3b054d8a,16757,6.3616,172
45d1b32a,15327,6.3616,172
41f4e066,16369,6.3616,172
4bdf94ed,15373,6.3616,172
287c914d,6916,6.3616,97
292a6,10573,6.3616,126
6613a510,10227,6.3616,126
51dc2dc3,16471,6.3616,172
7b348417,7397,6.3616,97
74de305f,16210,6.3616,181
1d66384c,16861,6.3616,172
28281d88,10436,6.3616,126
9651ee4,11101,6.3616,126
2194835,10196,6.3589,126
326187f9,17564,6.3616,172
72a501fd,7462,6.3616,97
4227985f,11959,6.3616,126
6e2f7c0f,17820,6.3616,172
4f9cdd10,17547,6.3589,172
2b0ed1ca,15785,6.3589,172
188ed39,16334,6.3589,172
3a84fe2d,10530,6.3616,126
15ec97f7,10213,6.3589,126
6bf70075,9674,6.3616,126
631dcf99,10840,6.3616,126
7e2dc600,16525,6.3616,172
57f0e088,17242,6.3616,172
265286ae,10817,6.3616,126
3eba73a4,10886,6.3616,126
7575deb9,15382,6.3616,172
65781bd1,17712,6.3589,172
35dc5356,15542,6.3616,172
3ba24e8b,15234,6.3616,172
709d4b5,14475,6.3616,1
5cd242fb,16548,6.3616,172
79517c23,17535,6.3616,172
2e40d6bc,11108,6.3616,126
67a503bd,17452,6.3616,172
1a2b3980,9767,6.3589,126
29ae5028,14625,6.3616,1
5bec915a,10871,6.3616,126
3cc5a802,10409,6.3562,126
733159ad,15427,6.3644,172
3cc6049d,16459,6.3644,172
67323c3d,11919,6.3644,126
586b07c0,10232,6.3644,126
216ed151,7277,6.3644,97
611ca4b8,9542,6.3644,126
28d0a59f,11105,6.3644,126
2d80db0d,10954,6.3562,126
5b25d954,16927,6.3644,172
6cb14db7,9901,6.3644,126
5bf080f7,11677,6.3616,126
7f47d535,17701,6.3644,172
c432681,10435,6.3644,126
2730dcb7,9659,6.3616,126
1be6995f,18096,6.3616,1
52aa5e7c,16827,6.3644,172
18e0c3e9,15206,6.3644,172
39147126,10376,6.3644,126
39cd91c6,17052,6.3616,172
200960a2,17524,6.3644,172
3ee810c1,15279,6.3644,172
24efcb7b,15284,6.3644,172
71793d81,10478,6.3644,126
1a1e4f7c,9933,6.3644,126
640e3ae6,11470,6.3616,126
3e60910f,10641,6.3616,126
64d2677,9657,6.3616,126
6ec0ec6d,10222,6.3616,126
7b0c2259,7350,6.3644,97
415e3cde,11988,6.3644,126
2e4fd41c,7302,6.3644,97
5b812a2,10778,6.3644,126
4705f63c,11292,6.3644,144
5d811a6f,15309,6.3644,172
7b40c77,17227,6.3644,172
6d8965cd,17799,6.3644,172
3d36a354,15246,6.3644,172
556a16d8,16946,6.3616,172
6d2c78,7271,6.3644,97
266c86b5,10885,6.3644,126
138922d6,9587,6.3644,126
2e48bd2f,18254,6.3644,1
1a9e454e,10148,6.3644,126
2b91a2e8,9926,6.3616,126
42f6550e,17316,6.3644,172
6d3acb,10438,6.3644,126
6b275e2c,17548,6.3644,172
4d872742,15325,6.3644,172
3da945d9,17083,6.3644,172
547b8bc5,2880,6.3589,64
3b42b2a0,17248,6.3644,172
57c7958,9640,6.3671,126
7135f382,17818,6.3671,172
645e7f0,16081,6.3671,172
e68615e,17085,6.3671,172
68386f72,10352,6.3671,137
28f8894,15195,6.3671,172
36cf3814,6960,6.3671,97
213af567,11283,6.3671,144
1f9c335a,11927,6.3671,126
52b3d366,9426,6.3644,124
79db75bd,16309,6.3671,172
2924460a,16600,6.3671,172
5a974429,15468,6.3671,172
361bfd0a,10387,6.3671,126
48631e70,11344,6.3671,144
407dcf9,15051,6.3671,1
26533759,17016,6.3644,172
4f496d34,8601,6.3671,1
1f897a33,6931,6.3644,97
25539d2f,11294,6.3644,144
4f2167a5,15385,6.3671,172
1a059f23,17719,6.3671,172
1ea1719a,14471,6.3671,1
4a2dd89f,10678,6.3616,126
73ae8e10,17457,6.3671,172
4564fbc1,8118,6.3671,1
715a42e6,10839,6.3589,126
50dc7f56,10208,6.3671,126
7411acf2,10819,6.3671,126
35ef9a3f,10290,6.3644,126
73c8626e,9543,6.3671,126
11103525,11102,6.3671,126
2205ce9e,17156,6.3671,172
5b0a9010,16021,6.3671,172
6b61420d,9683,6.3644,126
7bc8eb59,15283,6.3671,172
7735ab80,9957,6.3671,126
62139302,16278,6.3644,172
78302f66,18252,6.3671,1
19207b47,17411,6.3644,172
258ec919,10672,6.3671,126
7fbd0f83,11963,6.3644,126
60f540d,10138,6.3671,126
1ceffdc8,16349,6.3671,172
4f7a294d,10680,6.3671,126
582ce636,10720,6.3671,126
59598ac,17019,6.3671,172
247f7e02,7771,6.3671,1
479dd6f8,15295,6.3671,172
59b3af07,5013,6.3671,83
6691ef51,17234,6.3671,172
394102ef,16106,6.3671,172
10c23929,17034,6.3644,172
54cd77a1,15037,6.3644,1
3dcff10e,17161,6.3671,172
ca8ca22,9521,6.3644,127
d22a1ef,15802,6.3644,172
326daf95,16190,6.3671,172
70e86f57,17861,6.3616,172
3adb52b2,5014,6.3671,83
22eea1df,11195,6.3699,145
7da0b310,16499,6.3671,172
4e81f924,17955,6.3699,172
2e2f6c84,16855,6.3699,172
7998d0c7,16802,6.3699,172
688875fc,9594,6.3671,126
1d8d4d7,15429,6.3671,172
40514511,10430,6.3699,126
6a198516,16219,6.3699,172
154f5ad3,16325,6.3699,172
3b8d0cd6,15555,6.3699,172
2aeebe55,10531,6.3699,126
3ff761c0,15250,6.3644,172
363c9dc6,17128,6.3699,172
6d57a9b3,15215,6.3699,172
276400c5,10542,6.3671,126
48124f38,6557,6.3644,1
17514c79,9555,6.3644,126
471b6511,16472,6.3699,172
40fe271f,11316,6.3699,144
1a4fdbb7,16510,6.3671,172
dde0c82,16401,6.3699,172
7e06e03,10085,6.3699,126
1b4fa003,7191,6.3699,97
313f6859,10219,6.3699,126
2ab8baaa,16843,6.3699,172
6d159e6f,11857,6.3699,126
4e4e4e29,10846,6.3671,126
4a5aa195,16906,6.3671,172
2c734f65,17811,6.3699,172
471072d,17815,6.3699,172
7a955040,10100,6.3699,126
5cc81ef,16191,6.3699,172
43f1ddab,17525,6.3699,172
226e1d54,10428,6.3699,126
7ff2ecfa,7147,6.3644,97
60bbbc98,17493,6.3699,192
5685df8d,18173,6.3699,1
1b544c73,10652,6.3616,126
7329f6df,17958,6.3699,172
4ecbdb5e,10214,6.3699,126
36ca0cbd,5467,6.3699,87
5040839c,7401,6.3699,97
fc4f9c3,11947,6.3699,126
336779ea,17124,6.3699,172
72aa4b8b,15640,6.3699,172
23e655f3,15448,6.3699,172
45af1ad6,11869,6.3699,126
6d0de941,12331,6.3699,150
652d6523,17753,6.3671,172
7972ccfd,15639,6.3726,172
7475fdb8,17175,6.3726,172
7148eb29,9492,6.3671,126
49b1304a,15656,6.3726,172
457eeffc,11711,6.3726,126
1ebd52d6,12013,6.3699,150
5e4e122b,17952,6.3726,172
31ab6c41,9469,6.3726,126
3987487,11126,6.3726,145
5e352126,15975,6.3726,172
77c7adc0,15492,6.3726,172
59362659,10473,6.3726,126
9204d66,17499,6.3726,172
3315905a,9638,6.3726,126
109834bf,9575,6.3726,126
7369e6f3,16034,6.3726,172
390aecf3,15871,6.3726,172
51661165,10273,6.3726,126
27d1b03,17528,6.3726,172
78716ce2,6937,6.3671,97
4e6edc53,9466,6.3726,126
720cf513,10625,6.3726,126
1c8fe2d5,11237,6.3726,144
35e5fbd5,10264,6.3726,126
3dd3eb4b,11092,6.3726,126
25633d3e,17827,6.3726,172
7d832518,15930,6.3726,172
4537e2bf,16226,6.3726,172
52e67ded,17935,6.3726,172
50862367,16979,6.3671,172
33fcfae8,17949,6.3726,172
5733a26a,15278,6.3699,172
a7c44c5,9086,6.3726,120
2fcf7df,10872,6.3726,126
2deb8029,17580,6.3699,172
4c1703e8,11678,6.3671,126
18689b38,16019,6.3726,172
41e946e9,11161,6.3726,145
52024aad,11535,6.3726,126
2399620c,15489,6.3726,172
57652dd4,15870,6.3699,172
128704a,11096,6.3726,126
b88dd5b,9593,6.3726,126
4b9fb9a5,9553,6.3726,126
23fe2bd8,16512,6.3726,172
5d0ba9fe,17312,6.3699,172
10a4d501,15557,6.3726,172
26c01421,17347,6.3726,172
74b25bca,17856,6.3753,172
747658fb,10971,6.3753,126
30f67c3f,11235,6.3753,144
424c87a9,18169,6.3726,1
640bf2dd,16971,6.3753,188
201999d,15312,6.3753,172
4476a8a6,11406,6.3753,126
62210e4e,9668,6.3726,126
598795cd,7190,6.3753,97
58d7dcd8,10155,6.3726,126
57443211,9526,6.3753,126
260683c7,15260,6.3753,172
4cbfba37,10268,6.3753,126
29736790,11459,6.3753,126
5f511c15,7080,6.3753,97
596802a3,17360,6.3753,172
4ddbb483,10235,6.3753,126
14cca229,11876,6.3753,126
7c04c10d,16023,6.3753,172
4e7966fa,17554,6.3753,172
191f6a94,12135,6.3753,150
970aa98,16142,6.3753,172
53261e12,9746,6.3726,126
38ae9a65,10847,6.3753,126
56edfc3a,15538,6.3644,172
34c477b9,15435,6.3753,172
38ec3fd3,6999,6.3753,97
1929c634,9935,6.3671,126
5bd96052,16092,6.3753,172
62ec5b3f,9997,6.3753,126
75828164,15337,6.3753,172
2cc92aa0,7413,6.3671,97
3a5ec684,17444,6.3753,172
3c02149b,10905,6.3753,126
3cb79587,15375,6.3753,172
5ddfbad4,18039,6.3726,1
75ec10b3,7133,6.3671,97
5425911b,10241,6.3753,126
4439b5fa,11735,6.3753,126
38a617e5,11266,6.3781,144
14ac7aa6,17519,6.3781,172
1437de19,17968,6.3781,172
341ecf51,17934,6.3753,172
29772e55,17761,6.3753,172
3c0fef08,16202,6.3781,172
4b81db65,9556,6.3781,126
63f5fd33,7398,6.3753,97
61ec131a,17167,6.3781,172
234a3c31,10833,6.3781,126
607ef0ff,11287,6.3753,144
25e14566,15593,6.3753,172
2494f603,14992,6.3781,1
56cded14,10692,6.3781,126
1138bbcc,10904,6.3781,126
4123063a,10975,6.3781,126
6ec6a10d,10677,6.3781,126
1d3378f2,16483,6.3781,172
5f82ff76,10035,6.3781,126
6d617638,17584,6.3726,193
547d93cd,15585,6.3781,172
db64dae,16121,6.3781,172
56a34bdc,7244,6.3671,97
47ad9a7,15963,6.3781,172
95da419,17243,6.3753,172
7a440838,14994,6.3781,1
30153786,5822,6.3753,92
8ce39b2,11463,6.3753,126
37aace38,11826,6.3781,126
7b9b9eba,15694,6.3781,172
622b2f48,17743,6.3781,172
1bd19916,11991,6.3753,126
7a6b4f5a,10926,6.3753,126
5d2260e3,15887,6.3781,172
66c85560,15762,6.3781,177
71467986,18227,6.3781,1
5177f96b,16517,6.3781,172
1f1caede,16406,6.3753,172
3bdb9b08,10820,6.3781,126
79134fbc,7308,6.3781,97
17414d54,15942,6.3753,172
6dd17b3c,11088,6.3781,126
4458924d,16944,6.3753,172
ab5be55,8149,6.3781,104
be6d721,16801,6.3808,172
69b86e10,16503,6.3781,172
748eb59e,10638,6.3808,126
12e038a8,16694,6.3808,172
35807bb7,10025,6.3781,126
1f624bf9,9959,6.3808,126
1ec13fce,16649,6.3781,172
d7761c6,10295,6.3808,126
3b9cee1c,15550,6.3808,172
362c5715,7259,6.3781,97
21043151,2881,6.3808,64
470e0f00,10238,6.3808,126
174b0de6,10265,6.3808,126
49df6bf7,17505,6.3781,172
4b7bfd1d,10571,6.3808,126
2f769f0c,11232,6.3808,144
1f3b9f98,9751,6.3781,126
1f35bb97,18164,6.3781,1
50dea1aa,17086,6.3808,172
44d93db9,16144,6.3808,172
5684c018,15857,6.3781,172
470963ed,11429,6.3726,126
4250667d,11949,6.3808,126
75dade5,9991,6.3753,126
3506479a,9981,6.3808,126
10f07361,10134,6.3781,126
fd22d82,17163,6.3808,172
961dfb4,17346,6.3753,172
2624ec05,10897,6.3808,126
1d49a033,11553,6.3753,126
2ad67241,10903,6.3753,126
779114fa,16438,6.3808,172
702ca705,17170,6.3808,172
77eb204e,15680,6.3808,172
6354b91a,17361,6.3808,172
eecd358,4501,6.3753,1
2390cafd,11006,6.3808,126
334cc57b,11736,6.3808,126
4c05312c,11574,6.3781,126
5904a326,10130,6.3781,126
1f5e5d75,16502,6.3808,172
4a6c34f8,16227,6.3808,172
2f85f0c8,11784,6.3808,126
53e46b8d,11430,6.3808,126
3e3c3171,10152,6.3808,126
155c19ba,17937,6.3836,172
15dfa869,12038,6.3753,150
6968bdde,10841,6.3808,126
24b4fc83,11183,6.3836,145
6597015c,10770,6.3836,126
3a7f0326,15848,6.3836,172
4f1b5c1a,16670,6.3836,172
27ef3970,5015,6.3836,83
7d139abe,10743,6.3836,126
7aaf5130,15241,6.3836,172
380b0b70,17308,6.3836,172
2de56be7,10809,6.3836,126
347d4f11,11956,6.3836,126
731fe392,11476,6.3781,126
73391a10,17164,6.3836,172
1389cf8c,16203,6.3836,172
15b53449,10440,6.3836,126
193a461e,15273,6.3836,172
35fa1a6d,11699,6.3808,126
226826b3,10757,6.3836,126
7f4078dd,14855,6.3808,1
4c37b55d,15602,6.3781,172
7e2c030f,16098,6.3808,172
43eb0c00,7458,6.3836,97
8aab8d5,11725,6.3836,126
6b945acd,11528,6.3808,126
17ee41f2,16330,6.3836,172
c7ed403,16076,6.3836,172
514fb949,10054,6.3808,126
18c4d39f,10760,6.3836,126
7dc0e0a4,15664,6.3836,172
764edd3,10978,6.3836,126
2b4d8987,18098,6.3836,1
152bff5a,10769,6.3836,126
c65a449,9735,6.3836,129
6f14f89b,10673,6.3808,126
4fbe9adf,11954,6.3753,126
8f8231e,17304,6.3836,172
47a7be28,9803,6.3836,126
4263dc74,17526,6.3863,172
afb2483,11786,6.3863,126
33a2f8bd,10454,6.3863,126
31282f61,16808,6.3863,186
78010a89,17640,6.3863,172
24ddf981,10780,6.3863,126
77d11ea5,17644,6.3836,172
7727419,10275,6.3836,126
7757633c,10821,6.3863,126
3c8d8da6,18237,6.3863,1
41a99820,15878,6.3863,172
43d688a4,16713,6.3836,172
5790fe7b,17297,6.3863,172
1b123936,15531,6.3836,172
4b22774f,14856,6.3863,1
3cc64527,14470,6.3863,1
6c7507e2,14857,6.3863,1
66a448d3,11814,6.3863,126
3e64c347,18097,6.3863,1
2c6cb57f,11254,6.3863,144
308546d1,15416,6.3863,172
748b0d34,11405,6.3863,126
30ad21a6,17759,6.3863,172
284ba20f,16566,6.3863,172
3262ca19,15216,6.3863,172
64acf31f,10378,6.3836,126
1e2c83cc,15293,6.3863,172
47d521be,10061,6.3863,126
327bb891,11987,6.3808,126
166d8ec5,16738,6.3836,172
6ca55d27,16093,6.3863,172
4e7d7e68,17619,6.3863,172
21349dc,16624,6.3863,183
6d43d63f,16608,6.3863,172
cf0cd3a,17573,6.3863,172
172266f4,18040,6.3863,1
51a84d52,17344,6.3863,172
49eda312,16524,6.3836,172
3788d4e,11513,6.3863,126
3a6c663e,11296,6.3863,144
3e7da241,16151,6.3863,172
e5cc43d,17252,6.3863,172
8c4d25a,10646,6.3863,126
421d3df,16322,6.3863,172
2d2caa01,10551,6.3863,126
4556c145,11680,6.3836,126
97d6985,10234,6.3863,126
50f9b302,10090,6.3863,126
3c57cf6,16216,6.3836,172
4bf1a22d,11737,6.3863,126
29a2db97,15914,6.3863,172
345e1c02,17800,6.3863,172
433aa420,9530,6.3808,126
1c54e4b3,18041,6.3863,1
5a72ddde,9818,6.3863,126
6533cb64,17616,6.3836,172
21c975cc,16440,6.3863,172
c19973,10417,6.3863,126
2e1806a9,18244,6.3863,1
1a837c3a,11485,6.3863,126
56d3ce99,10913,6.3863,126
2d4057cc,16685,6.3863,172
474d20bd,11585,6.3863,126
462ee6c2,16746,6.389,172
ec14f98,10139,6.389,126
211087bb,16966,6.389,172
f7603ec,9737,6.389,130
3e5fec36,9507,6.389,126
3ae6d9ea,18170,6.389,1
1f6eac52,17203,6.389,172
20b8b530,10888,6.389,126
6147d34d,9988,6.389,126
6d626f06,9509,6.389,126
78442c4,9731,6.3863,126
62706631,10291,6.389,126
3d721c89,12009,6.389,150
5b0655fe,12003,6.389,126
600c6563,7287,6.389,97
6ad9bbd3,16469,6.3836,172
43965e7e,15421,6.389,172
6621b6aa,12137,6.389,153
70105b1,11799,6.389,126
2535111d,10202,6.3836,126
4226b2b6,15196,6.389,172
2a3ad78c,11473,6.3863,126
3c5a863f,12340,6.389,150
476b76f9,15303,6.389,172
5b2e191b,15313,6.389,172
30516032,11093,6.389,126
3ff2d704,10921,6.389,126
60196f12,16256,6.3863,172
4388e1c1,16972,6.389,188
6dc4c515,16192,6.3836,172
6845de6a,17755,6.389,172
532e63a0,7456,6.389,97
7acdc436,10697,6.389,126
7ecfa447,18167,6.3863,1
469a3bef,15417,6.389,172
38bf837a,7339,6.3863,97
182cd4ae,11051,6.389,126
cd45fe9,10358,6.389,137
fba3fa8,9533,6.3863,126
4bdac976,17791,6.389,172
51a3e729,10040,6.3836,126
35adfd07,11672,6.3836,126
1ba8c74c,10527,6.389,126
b2677bb,17309,6.389,172
4531fcee,11889,6.3863,126
58bd0c47,10400,6.389,126
5282731f,18107,6.389,1
71153183,9579,6.3918,126
2a29792,17285,6.389,172
5f6db22d,7224,6.3918,97
15f1f3a2,16451,6.3863,172
3e0e29fd,17784,6.3808,172
a17b15a,16407,6.3918,172
251e0a6f,16148,6.3918,172
5bf07a56,7440,6.3918,97
6ddc18c7,16145,6.3918,172
33960759,10719,6.3918,126
1d827dc,10345,6.3918,126
1baeb8a6,17530,6.3918,172
4eb694ce,10766,6.3918,126
4d99ee8e,7083,6.3918,97
d3fc626,16479,6.3918,172
63ba24af,16058,6.3918,172
19d0ccf2,17537,6.3863,172
36c59448,15796,6.3918,172
1bbfacd8,15324,6.3918,172
6842577f,17443,6.3918,172
35465287,16308,6.3918,172
5aef8984,10455,6.3918,126
45477977,11416,6.3918,126
52edfd38,9485,6.3918,126
2378d46b,10701,6.3918,126
2050abc9,16984,6.3918,172
597b86d4,16537,6.389,172
7f7e97d6,9685,6.3918,126
10cd58f,16283,6.3918,172
64329249,10475,6.3863,126
5f5c809a,10195,6.389,126
617af53d,18109,6.3918,1
1928fc9,17422,6.389,172
6a311ee3,11743,6.3918,126
d760e87,15916,6.3918,172
1a921c65,9948,6.389,126
7d2675ba,17622,6.389,172
4b43a43e,16273,6.3918,172
29e76db3,11850,6.3918,126
45c3071b,17091,6.3945,172
14585c3e,11523,6.3918,126
5a1d60aa,16057,6.3918,172
2a0a81fe,17643,6.3945,172
c295d83,16534,6.389,172
5786569c,16856,6.3918,172
1eb12340,15384,6.3945,172
485e3504,17651,6.3918,172
79f71495,10039,6.3918,126
3f748b6d,17778,6.3918,172
284814e0,10141,6.3945,126
1107f2f8,11106,6.3945,126
50150ff1,11280,6.3945,144
2298ec9d,11807,6.3918,126
74a538bc,10410,6.3945,126
4b21d97d,10622,6.3918,126
23a63bed,16102,6.3945,172
ae2c0af,16344,6.3945,172
191ba8b4,11474,6.3945,126
2c62d1b2,15915,6.3945,172
d988d53,2973,6.3945,64
758a6196,18171,6.3945,1
30a5b46b,10987,6.3945,126
224e88c1,9634,6.3945,126
6b756bce,11701,6.3945,126
12419227,11856,6.3945,126
4dd521e7,10893,6.3945,126
aa54be9,17046,6.3945,172
504ed2da,11464,6.3918,126
6105092,11716,6.3945,126
467b6085,17704,6.3945,172
22c5abb4,16048,6.3945,172
43b7534,15467,6.3945,172
2b21e1,17631,6.3945,172
1dc90629,10142,6.3945,126
125e962f,16782,6.3945,172
4d13d385,17594,6.3918,193
14eec7ef,15248,6.3945,172
41437315,16774,6.3945,172
6725198b,10553,6.3945,126
274a7afc,11572,6.3945,126
74961a6b,15939,6.3918,172
16256aa9,17866,6.3918,172
4ca478a3,10522,6.3945,126
38cd6651,10914,6.3945,126
7ccc6661,7416,6.3918,97
41013b73,11312,6.3945,144
20fc2a50,15391,6.3945,172
53c42c9b,11511,6.3945,126
61a572c,10727,6.3863,126
133c7b18,16872,6.3973,172
2e8f2290,7171,6.3973,97
1dc7fcf9,16744,6.3973,172
7d2336fe,11892,6.3973,126
2ad1dddd,7348,6.3973,97
7a5c5bd,12138,6.3973,150
7d1df1b5,10818,6.3973,126
19edbc2e,16773,6.3973,172
21e11e88,18101,6.3973,1
66132e46,11321,6.3973,144
4208386c,17403,6.3945,172
621cd2db,16686,6.3973,172
508ae9c1,17821,6.3945,172
24723332,10543,6.3973,126
5b6c48e4,9949,6.3945,126
2aa71197,7120,6.3973,97
5824d0bd,15893,6.3973,172
5f67ee99,18248,6.3973,1
6a39ade4,11481,6.3973,126
532bf32f,17319,6.3973,172
7c74e9e1,11293,6.3973,144
2d7470cf,11307,6.3973,144
4d0740de,16139,6.3973,172
6a769217,15253,6.3973,172
6648a6fd,15447,6.3918,172
683440f3,9567,6.3973,126
58fb1ba6,15387,6.3973,172
1f42fc9b,10274,6.3973,126
417a334e,11661,6.3973,126
62a61ad2,18102,6.3973,1
285ffdad,2974,6.3945,64
20f16a19,17684,6.3918,172
3001dd0a,15615,6.3918,172
62233152,16626,6.3945,172
35c60a2e,10236,6.3945,126
2ccf6251,16287,6.3973,172
1e4c1f2d,9522,6.3973,127
201b6863,11938,6.3973,126
5b496493,17040,6.3973,172
5e5b92ae,15876,6.3945,172
20105b3f,15959,6.3973,172
5bb3672e,7288,6.3973,97
32a0138f,10981,6.3973,126
70460ec5,7272,6.3973,97
4b4efd37,18249,6.3973,1
15bf6671,16052,6.3973,172
4902c812,10718,6.3973,126
160e7dd,16131,6.3973,172
6be9abae,16274,6.3945,172
2ba33bea,16714,6.4,172
17b8ccec,16754,6.4,172
48a5d451,16599,6.4,172
6e37b230,16254,6.4,172
5cf9a877,10653,6.4,126
df7c0a8,16342,6.4,172
6b969a1b,11317,6.3973,144
38e3036b,16760,6.4,172
2948be10,10779,6.3918,126
730b14f5,17339,6.4,172
618334c6,15632,6.3945,176
1a09d911,9891,6.4,126
36bfc007,7062,6.4,97
4590de09,17817,6.4,172
65c8658b,17846,6.4,172
99cef1c,11069,6.4,126
22c07dab,11265,6.3973,144
5d096e6f,17303,6.3973,172
1e2a8351,16810,6.4,186
38e84922,17865,6.4,172
5662b52c,9487,6.4,126
408ec399,15877,6.3973,172
a74f0d2,10948,6.4,126
4ae39b8d,10698,6.3973,126
702f19e7,11214,6.4,145
3327091b,17205,6.3973,172
58386ed,4502,6.3973,1
285c04ef,11131,6.4,145
523911ec,17581,6.4,172
20b4d022,17638,6.3973,172
2b507afe,10911,6.4,126
327d2597,16426,6.4,172
7a4e344b,12019,6.4,150
7c7ddee0,17705,6.4,172
5452cc1b,10151,6.4,126
40ac95c5,15505,6.3973,172
f580a9b,17555,6.4,172
43f8b57,16249,6.4,172
16a7cfee,17940,6.4,172
5457fb35,11774,6.4,126
1b942ff6,17244,6.4,172
63896ae0,17176,6.3973,172
4bf911c0,10397,6.4027,126
209cc5d9,17174,6.4027,172
b2f530c,16812,6.4027,186
435f87fc,17190,6.4027,172
1a4da5a3,17550,6.4027,172
323b0260,15830,6.4027,172
31cf62f6,18126,6.4027,1
773bcb1b,10230,6.4027,126
ac08e2,11127,6.4027,145
6a6e2295,9585,6.4027,126
1b83b78d,17674,6.4027,172
207c35fc,10010,6.4027,126
93641fb,17572,6.4027,172
69bdb327,9853,6.4027,126
725c4e0f,10828,6.4027,126
334e566d,17729,6.4,172
8ccf066,9654,6.4,126
c6c4ed3,15753,6.4027,172
1c505567,15567,6.4027,172
5dec95be,7102,6.4027,97
324c11a5,18174,6.4027,1
5c38cbe9,16572,6.4027,172
79b86d9b,7210,6.4,97
7b256af4,11361,6.4027,126
3401468e,11185,6.4027,145
29369d0c,16762,6.4027,172
71476014,16684,6.4027,172
334b6c40,9706,6.4027,126
1b8d722b,9601,6.4027,126
4bafc964,10898,6.3973,126
34541d3d,10207,6.4027,134
566ce3e0,18175,6.4055,1
41eab082,7357,6.4055,97
3eadac01,15301,6.4027,172
4ec18dd5,16403,6.4027,172
233e1306,18060,6.4027,1
7b109980,6918,6.4055,98
52a1564a,18103,6.4055,1
4a5216e1,10157,6.4027,126
194c660e,10091,6.4055,126
5b21efd7,10882,6.4055,126
2482b1aa,15943,6.4055,172
7e3d5ec5,9534,6.4055,126
43b2b1a,17737,6.4055,172
50b0331d,10928,6.4055,126
610ed740,11471,6.4055,126
75d176d2,15310,6.4055,172
28eff089,10303,6.4055,136
2c0f96c5,9627,6.4,126
79161652,11228,6.4055,144
6e357ae7,17058,6.4027,172
102ce615,11284,6.4055,144
47902721,17574,6.4055,172
efd0d07,16388,6.4055,172
4b5abc7d,17289,6.4055,172
3cb1f74d,6923,6.4027,97
6cd7e9e1,10528,6.4055,126
3c5d3458,10744,6.4027,126
7ade76d5,11697,6.4055,126
1c2dc9bc,16677,6.4055,172
28a3710,15251,6.4055,172
3132b393,16068,6.3973,172
385303be,11944,6.4055,126
1920d1de,17734,6.4055,172
3d2a5742,11319,6.4055,144
1dc4fdaa,11723,6.4055,126
5dac1376,15298,6.4055,172
1beb8ba8,10549,6.4055,126
421d873c,9936,6.4082,126
2d62487a,9839,6.4082,126
1771c9d1,16500,6.4,172
2afb5fea,9616,6.4055,126
4f109ee,15267,6.4082,172
3befa092,9828,6.4055,126
6ab06b4e,17348,6.4082,172
37c11a9a,10150,6.4082,126
45a042fe,17596,6.4027,193
68da3d80,11363,6.4055,126
2249c97f,17756,6.4082,172
523dc6d3,16763,6.4082,172
5e8f0b03,10958,6.4082,126
18a2db70,17773,6.4082,172
d2a01b0,11028,6.4082,126
74ccfb2a,11948,6.4082,126
487bb03e,10967,6.4082,126
6e8a7d21,17744,6.4082,172
607d52db,7043,6.4082,97
73fbf055,17517,6.4055,172
66944454,10687,6.4055,126
4022d52a,18133,6.4055,1
5bca4ed2,17565,6.4082,172
512b34fa,15372,6.4,172
7dfe0fd2,10276,6.4055,126
310687e8,10149,6.4082,126
390c52dd,7208,6.4055,97
303937f0,10879,6.4082,126
383d49e9,17063,6.4082,172
353051a3,17859,6.4082,172
6ef16762,9606,6.4055,126
170e4bfb,17033,6.4082,172
45ae2af2,10814,6.4082,126
7224d6ad,11545,6.4082,126
178b65fc,10880,6.4082,126
723fa565,16091,6.4082,172
46f2f86a,10253,6.4082,126
1237cfa7,16665,6.4082,172
5edffc98,16778,6.4082,172
51c47eab,10418,6.4082,126
5021a3ce,17953,6.4082,172
a4fd51,17278,6.4082,172
2cc25015,15214,6.4082,172
dd84229,12347,6.4082,150
7f1b441f,17229,6.4082,172
58f270d8,17269,6.4082,172
660ed12b,17831,6.4082,172
29881ec9,15314,6.4055,172
45b5f901,17823,6.4082,172
c169c5b,15304,6.411,172
472949b1,11446,6.411,126
57be5ff6,17017,6.411,172
3ea96d9e,16317,6.411,172
665ca54,11894,6.4082,126
617590e3,11831,6.411,126
597116da,16480,6.411,172
b8c7fe8,17223,6.411,172
2ee8d080,9322,6.411,123
5bd88d5e,16104,6.4082,172
28b5f6a8,17039,6.411,172
51573335,11112,6.411,126
7347cb1b,11065,6.411,126
1b5c89a4,16373,6.411,172
34d999cc,17546,6.4082,172
7358369f,17029,6.4082,172
492cec88,10686,6.4082,126
6cf5f7d7,16956,6.411,172
21a7f641,16205,6.411,172
5e494a78,11345,6.4082,144
6c1773e0,11333,6.411,144
2f9f7afa,11575,6.411,126
319484b6,17845,6.411,172
251a0276,17641,6.411,172
7245fd46,10772,6.3973,126
2659015e,16381,6.411,172
33fd9017,15457,6.411,172
46013dac,17857,6.411,172
1b7357e7,11424,6.411,126
754ee626,16358,6.4082,172
2a6cadb0,17302,6.411,172
65cf090c,9840,6.4055,126
6402b63d,16462,6.411,172
342ce9ea,9531,6.411,126
66ff034d,17605,6.4082,193
2931230f,10302,6.411,126
712cc58a,9860,6.411,126
342bd84c,10927,6.411,126
456933aa,11303,6.411,144
4a88d8a7,17549,6.411,172
5b12a521,11679,6.411,126
7b1bdc17,11957,6.411,126
11988280,15684,6.4082,172
1de0177a,7389,6.411,97
5315924a,9641,6.411,126
764b075b,17119,6.411,172
23121790,11194,6.411,145
3ed48f4f,11893,6.4137,126
41acdd1d,17283,6.4137,172
6f737bac,16039,6.4137,172
5c6e5f45,7084,6.4137,97
46da0d70,11482,6.411,126
61b97483,11569,6.4137,126
6d5b2961,16402,6.4137,172
1563cd03,15809,6.4137,172
2dfe171b,15540,6.4137,172
749734b,10707,6.4137,126
72d8d148,11746,6.4137,126
6984a490,11829,6.4137,126
c49ad74,9602,6.4137,126
7e06d5a4,15571,6.4137,172
231d43b0,11724,6.4137,126
7a9c57f2,15932,6.4137,172
6f82afb3,15760,6.411,172
2ee19d3a,10699,6.411,126
6682d6b7,17864,6.4137,172
2fcb1914,16748,6.4137,172
7808db58,11128,6.4137,145
55ced469,14997,6.4137,1
77648ba7,15645,6.4137,172
723dc92,9607,6.4137,126
2b50fce1,11768,6.4137,126
705766db,17305,6.4137,172
53999924,15138,6.4137,1
f30943,17829,6.411,172
192d9283,7390,6.4137,97
7191ecda,16392,6.4137,172
52875ec3,15465,6.4137,172
49e39c98,10366,6.4137,126
4dc8bd0e,16133,6.4137,172
55691ce5,10117,6.411,126
20252541,7387,6.4137,97
483c06c0,17858,6.4137,172
4014f204,17792,6.4137,172
791434d2,11267,6.4137,144
5d8750d7,17231,6.4137,172
5401690b,7209,6.4164,97
7c236f4d,9951,6.4137,126
1bc0361f,15539,6.4164,172
7c26dc58,17298,6.4164,172
2330bbe6,10277,6.4164,126
440ef1ca,10159,6.411,126
5e64579a,11366,6.4137,126
146a9412,11023,6.4164,126
5331650f,9655,6.4164,126
32a3f2f2,11983,6.4137,126
190d5cd,16025,6.4164,172
7db49ae2,9608,6.4164,126
65d3b001,18240,6.4164,1
3d3e5b42,7468,6.4164,97
10270a75,11890,6.4164,126
171e8b01,17353,6.4164,172
18fd657,15564,6.4164,172
29d300b1,17739,6.411,172
3aeef1e3,7341,6.411,97
4a76c009,11411,6.4164,126
273b49fd,16982,6.411,172
58791e23,17341,6.4164,172
691e4b15,16857,6.4137,172
1514a8b7,7218,6.4164,97
689d6f49,11929,6.4164,126
7885ec7f,10419,6.4164,126
63d85699,18241,6.4164,1
53b90b45,15801,6.4164,172
50ddd15c,15841,6.4164,172
7ec292c,17456,6.4164,172
26a1cbd6,7220,6.4164,97
57e21391,17768,6.4164,172
3d591f64,18108,6.4082,1
3fa91e92,17232,6.4164,172
3b06ea2,7175,6.4164,97
65f382b1,16739,6.4164,172
6f7c8806,11649,6.4192,126
4da41aa2,16722,6.4192,172
485ee3b,11074,6.4192,126
38738e4d,11647,6.4192,126
3836329f,17623,6.4192,172
41a9c922,10296,6.4164,126
2cb5aabf,11937,6.4164,126
8105882,16082,6.4192,172
1bb31d5,10924,6.4192,126
38ffabf6,11767,6.4192,126
7c5f5bd6,10979,6.4192,126
ed40819,11079,6.4192,126
f35ab2e,7221,6.4192,97
56b2602,16268,6.4192,172
8ba9354,11793,6.4164,126
e6261ec,9424,6.4164,124
5d868ae3,10559,6.4192,126
733cc58a,10439,6.4192,126
5705eb53,9605,6.4192,126
51726c18,10509,6.4192,126
d751b02,17571,6.4192,172
644d49dd,16460,6.4192,172
137feb21,10362,6.4192,137
36b79ab7,10812,6.4192,126
7148c04b,17405,6.4192,172
6f0fa685,11308,6.4137,144
331870d6,7433,6.4164,97
10ce03c0,10532,6.4137,126
577d4d2b,10628,6.4192,126
1690d0bc,17760,6.4192,172
189d7012,16703,6.4192,172
5f8efa38,15755,6.4192,172
4f0bc445,15880,6.4192,172
3ce53056,11300,6.4192,144
1621f829,18099,6.4164,1
3ed68fef,11782,6.4192,126
2fee4d9c,15761,6.4192,172
3a1cafb7,9958,6.4219,126
2365e86d,15588,6.4192,172
48bcfad8,17239,6.4164,172
2946b219,16507,6.4219,172
74998800,16530,6.4219,172
2ba7e033,17793,6.4219,172
278d53aa,17155,6.4219,172
11d2b76d,10119,6.4219,126
3bc7eb38,10918,6.4137,126
326bdc8,5828,6.4219,87
171463e7,10508,6.4192,126
5ac962ac,17317,6.4192,172
25355f5d,18242,6.4219,1
425f69e1,17264,6.4219,172
5e53dce6,11212,6.4219,145
68ade219,12111,6.4192,150
5c92bfb0,16065,6.4137,172
6a111c9d,9898,6.4219,126
6cd7609a,9758,6.4219,126
4d5f6a8c,16866,6.4192,172
d2b3b2d,11373,6.4219,126
a91bdbb,5016,6.4219,83
4337fc66,9896,6.4219,126
758af586,16064,6.4219,172
21ac4a49,16542,6.4192,172
da63af3,15275,6.4219,172
26d757a2,11646,6.4219,126
3289a6ac,17306,6.4219,172
5aff4bd2,17758,6.4192,172
787bb3ce,16132,6.4219,172
5f1ee448,16726,6.4219,172
6f07aa6f,17785,6.4219,172
3bc6408a,11322,6.4219,144
27306a17,10767,6.4219,126
14004455,17053,6.4219,172
733fee68,16452,6.4219,172
7b104f8,10423,6.4219,126
5b7bddad,16632,6.4192,172
22f13203,9677,6.4219,126
2b3ae4c7,11858,6.4219,126
f7e5365,15297,6.4219,172
e700b6,16016,6.4219,172
2b2d4b83,16724,6.4192,172
57cd9efd,10925,6.4219,126
2ad50a1a,11538,6.4247,126
120f4d46,17129,6.4247,172
53bf7dd7,15747,6.4247,172
68be3b2b,9807,6.4247,126
6146643,7343,6.4192,97
6a3969fc,10874,6.4247,141
2b47c80,11834,6.4247,126
2a4df8c4,16725,6.4219,172
78838749,11943,6.4247,126
33b3f9c5,9488,6.4247,126
126410c6,17041,6.4219,172
2d4af81a,9984,6.4247,126
33153e76,15803,6.4247,172
76db6b08,7200,6.4219,97
5a8ac9c7,7082,6.4247,97
685a0070,16983,6.4192,172
72266583,11434,6.4219,126
33c97cd0,16506,6.4219,172
103e9fe6,17230,6.4164,172
5f08d3e4,16789,6.4247,172
4a3039f3,12505,6.4219,150
53c0ed33,11026,6.4247,126
37f22506,11928,6.4247,126
6b213ebb,10026,6.4192,126
2aea5421,15587,6.4219,172
2e1299d8,10574,6.4247,126
3364356b,11488,6.4247,126
5e3e6f1d,16122,6.4247,172
6799ef41,11270,6.4247,144
5afd1ef,10955,6.4247,126
4bed291b,16484,6.4192,172
6cfc7280,11483,6.4247,126
7d9cd627,7035,6.4247,97
1883a255,15808,6.4192,172
6f416b92,11480,6.4247,126
24910689,16695,6.4247,172
470a72dc,12455,6.4247,150
54518c87,11465,6.4247,126
3cd1f37b,9595,6.4192,126
27e72728,10011,6.4219,126
431ed5bd,9573,6.4192,126
5796d390,11487,6.4247,126
64efb832,15890,6.4247,172
7aaf0de0,9885,6.4247,126
4fa99c35,14858,6.4219,1
145740ea,15261,6.4192,172
2e42cc03,17064,6.4219,172
3775dfd1,16382,6.4274,172
353704d2,9854,6.4274,126
367c7e75,11815,6.4274,126
7c06da4b,18100,6.4247,1
ee68e6d,17542,6.4274,172
17744337,17018,6.4274,172
1ae8d49f,9808,6.4274,126
7c00667b,15960,6.4274,172
4fb28e61,10810,6.4247,126
65ebbc1a,11200,6.4274,146
759de41c,11130,6.4274,145
aee5963,11822,6.4247,126
1cd514c8,16105,6.4274,172
474f50b5,17391,6.4247,172
5d68e144,11113,6.4274,126
3625b8ee,17597,6.4274,193
2e289b6,17763,6.4274,172
f9999ef,16442,6.4247,172
3f15bba7,10314,6.4274,126
25ed1fc0,10923,6.4274,126
3e94215b,17585,6.4274,193
282db006,15565,6.4247,172
3a77fe27,15572,6.4274,172
516b4a2b,10028,6.4274,126
5d0ba3b4,16066,6.4274,172
77a9e5b6,17125,6.4274,172
255b1bec,15852,6.4274,172
68a88ce1,16533,6.4274,172
5b42d117,11727,6.4274,126
eb9f3ab,7396,6.4274,97
2d40bc72,10706,6.4274,126
39720be7,11264,6.4274,144
28c3e93b,7379,6.4301,97
107f2dc0,9652,6.4301,126
3c1c74aa,15307,6.4274,172
1417fc77,15786,6.4274,172
7dffa8a4,11798,6.4301,126
232a55ff,9754,6.4247,126
4a526d77,15853,6.4301,172
1534f9b3,11537,6.4301,126
3eeb5b26,17045,6.4301,172
4f1f64a9,15854,6.4301,172
16ff91e8,17598,6.4301,193
24340be5,16549,6.4301,172
64998c41,10575,6.4301,126
40e2562e,10855,6.4301,126
578ee623,11202,6.4274,146
19ad2383,10533,6.4301,126
74ec58b7,15568,6.4301,172
1e76e713,16518,6.4301,172
1a99ac1b,15213,6.4247,172
b2d8ca3,15595,6.4274,172
4818ca40,10568,6.4301,126
5ea70a14,15824,6.4301,172
774020ac,9953,6.4301,126
20eea32b,10031,6.4301,126
2e2a27bc,17233,6.4301,172
5b088da7,12083,6.4274,150
483b6fc7,9789,6.4301,126
3e08632c,11188,6.4274,145
6baa683d,11073,6.4301,126
1442b533,11644,6.4274,126
794b52b,10145,6.4301,126
61a5349b,17938,6.4247,172
7af8a7f6,11794,6.4301,126
422bc314,15757,6.4247,172
6a4c7543,11823,6.4329,126
43410d4f,16723,6.4301,172
61dec5e1,10079,6.4329,126
5ea6193b,15839,6.4329,172
42895298,16443,6.4329,172
96914f3,17569,6.4329,172
1e0f29f2,16126,6.4329,172
708e94c9,11245,6.4329,144
781b15d2,11871,6.4329,126
52e700d2,16084,6.4329,172
399448ae,16597,6.4329,172
5e33a6d7,16340,6.4329,172
259dba33,10497,6.4329,126
5a1f5904,10190,6.4329,133
7a8a6210,7441,6.4329,97
614084d7,10790,6.4329,126
67bffda,11726,6.4301,126
22869336,18243,6.4329,1
7ca62125,17458,6.4329,172
2f1291b,6687,6.4329,1
54b0f3df,10153,6.4329,126
2b4251b7,17692,6.4274,172
4e410e34,15633,6.4329,176
58c83be9,10506,6.4329,126
53fa681a,18079,6.4329,1
6a0c443b,10095,6.4301,126
1f4bf964,16689,6.4301,172
2c7ad7e0,7232,6.4329,97
35f4b6f5,11029,6.4329,126
35cea2e9,9906,6.4329,126
3deb15f7,11940,6.4329,126
47d4007d,11920,6.4329,126
5787456c,16389,6.4301,172
171e6c9f,17126,6.4301,172
723f9726,10523,6.4329,126
158fb6f4,15413,6.4329,172
78ce2d0c,17801,6.4329,172
1cd0cc1e,7106,6.4329,97
1258ee05,11529,6.4329,126
17a13bd6,15558,6.4301,172
32d0668a,17715,6.4329,172
76628b1e,10411,6.4356,126
7a88c2ac,10233,6.4356,126
732736bc,11663,6.4356,126
16868682,16800,6.4356,172
690da4fa,15043,6.4356,1
5ef9413,10644,6.4356,126
3cf04718,11038,6.4356,126
895e40a,7409,6.4356,97
d16f88,9539,6.4356,126
4a892bf8,17030,6.4356,172
4ea76c27,10848,6.4356,126
70513a6c,11240,6.4356,144
7b77a6c1,11129,6.4329,145
782294bc,16783,6.4356,185
d1119cb,7280,6.4356,97
3cc4d7b5,11052,6.4329,126
1be8cd02,16790,6.4356,172
463a494e,10368,6.4329,126
66758fe8,11992,6.4356,126
74eac05f,17678,6.4356,172
326d21ad,16453,6.4356,172
5e06c428,11872,6.4356,126
5b5c5162,15716,6.4356,172
11bd0ab6,17851,6.4356,172
5e96eb8f,16393,6.4329,172
40a7707d,15308,6.4356,172
79969a6e,11075,6.4356,126
222dacb8,17042,6.4356,172
4a620b51,15779,6.4329,172
738c943e,12141,6.4356,150
3e8435cb,15826,6.4329,172
7d6fd058,17774,6.4329,172
718316cf,12015,6.4329,150
2be1a32d,11109,6.4356,126
4f229def,9841,6.4329,126
3cdbef0b,15945,6.4356,172
23eeaf36,15249,6.4356,172
4ab2f0ea,11239,6.4356,144
6c6cca5a,17794,6.4384,172
f2cd36b,17822,6.4384,172
31166d96,11776,6.4384,126
59ed4aa7,7262,6.4384,97
405c4d0,9982,6.4384,126
e31e010,11301,6.4384,144
676fdd36,11638,6.4384,126
54640b0e,9960,6.4384,126
7e6d6616,11681,6.4384,126
7fdd38ab,10654,6.4384,126
66c2cc0b,11368,6.4384,126
128a87a6,17401,6.4384,172
7c20e37,17675,6.4384,172
5fc34019,11936,6.4384,126
11cc7604,11394,6.4384,126
1bfe5946,10143,6.4356,126
611e42a2,17871,6.4384,172
27ef4e90,9813,6.4384,126
29064b2c,11968,6.4329,126
304b4fec,17730,6.4384,172
424563b7,17939,6.4384,172
51dd320f,17409,6.4384,172
c1b7d6a,15720,6.4356,172
6645772a,17805,6.4384,172
239bb551,17012,6.4356,172
25b6e82a,17933,6.4329,172
f74e88e,11964,6.4384,126
3701fe25,16633,6.4384,172
3fd850b2,10500,6.4411,126
60a63582,11008,6.4411,126
4fde0d88,11650,6.4384,126
2d97f29b,15719,6.4411,172
58f5f3f,11213,6.4384,145
3dc7797d,11970,6.4384,126
6c1c4162,10102,6.4411,126
7e8d6550,16086,6.4411,172
184ab19,11812,6.4411,126
70e26c5,10959,6.4384,126
9976017,11645,6.4411,126
549ae373,10339,6.4411,126
1ca53390,10693,6.4411,126
38dd8f7e,18050,6.4411,201
4e93aeae,11114,6.4384,126
7c36f8b3,17259,6.4411,172
493a6d16,7182,6.4384,97
1dc8ad30,16323,6.4411,172
4e7d86f9,17130,6.4411,172
5c50ce5,10388,6.4356,126
1f8d9396,11554,6.4384,126
47f40c7a,11946,6.4411,126
659c0033,11159,6.4411,145
48938a41,10951,6.4411,126
3b71a1e6,7135,6.4384,97
5c01ed2e,15302,6.4411,172
7b86ccdf,11067,6.4411,126
5919f305,11547,6.4411,126
d8cbbe5,11116,6.4384,126
3b445523,17971,6.4384,172
68ffb7f8,16559,6.4356,172
7ee8e039,12010,6.4411,151
16d33f92,7145,6.4411,97
fa78d26,16807,6.4411,186
1a72bb5d,16550,6.4411,172
23226902,7381,6.4411,97
2c02ed5b,11201,6.4411,146
1fff9b40,11288,6.4411,144
6b72b404,11563,6.4411,126
105863b1,10662,6.4438,126
74607bda,9427,6.4438,124
200272c1,17816,6.4411,172
314a614,7399,6.4438,97
1b512baf,17847,6.4438,172
1507a964,12333,6.4411,150
7897961e,15935,6.4438,172
2b012756,17543,6.4438,172
650c5223,7053,6.4411,97
18a6cc8d,10800,6.4438,126
a389065,17037,6.4438,172
4e5bc05a,11334,6.4438,144
6c427550,7107,6.4411,97
42ae0ef1,11054,6.4438,126
c5b1579,17767,6.4438,172
1c124db8,11673,6.4438,126
6305439f,10887,6.4438,126
5d8d8ef8,15687,6.4438,172
516e1088,11493,6.4438,126
532742f,11249,6.4438,144
47aba663,16108,6.4356,172
5ca2701,9544,6.4411,126
2ad4d271,16107,6.4438,172
bbbc58d,15597,6.4438,172
42eb76de,11076,6.4438,126
4e36ad0b,15052,6.4438,1
63a0d45b,11860,6.4438,126
45e4b725,17600,6.4438,193
37860501,10932,6.4438,126
624429d1,10791,6.4438,126
7b80eec1,10969,6.4438,126
1ee7efe6,10381,6.4411,126
19ce4f36,10935,6.4438,126
5a07f77f,10845,6.4411,126
49546554,17828,6.4438,172
268dec18,11816,6.4438,126
734aff0,12121,6.4438,150
56af19a4,16094,6.4466,172
6c68e7df,11589,6.4466,126
56dfbf34,9775,6.4466,126
9b14922,12865,6.4466,150
40159920,10393,6.4466,126
146a0af0,10146,6.4466,126
62fce5fd,7225,6.4466,97
4901a062,17814,6.4466,172
4afa1839,11664,6.4466,126
73cdcbbf,17960,6.4466,172
6f9cfc1f,17950,6.4466,172
264a44df,10702,6.4438,126
231c8ee6,12124,6.4466,150
7dfbcf45,16602,6.4466,172
9630099,16749,6.4466,172
4ecfd4ed,12021,6.4466,150
21e34943,16394,6.4466,172
78e155e3,11211,6.4466,145
5b432c5d,17795,6.4411,172
4a359864,9759,6.4466,126
7aed5573,10775,6.4466,126
1bb5d8bc,16704,6.4466,172
76e4d661,9675,6.4438,126
8515980,17193,6.4493,172
d5bda00,16078,6.4493,172
4ab2ad13,11371,6.4466,126
47b53c79,11103,6.4438,126
2c22ea99,18077,6.4466,1
3c7464a3,17292,6.4493,172
47f164ae,11530,6.4493,126
3eeba7f4,11510,6.4493,126
61ee4f0f,10554,6.4493,126
5aa30789,10101,6.4493,126
456d3102,10128,6.4466,126
26daea5c,16543,6.4493,172
35df4fbf,11077,6.4493,126
778289c2,7193,6.4493,97
5b4b4311,16395,6.4438,172
2aef1d79,11961,6.4438,126
210c38aa,15281,6.4466,172
2a32ca2e,11372,6.4493,126
3cb16578,15217,6.4493,172
65dfca60,7085,6.4493,97
5c7ecb28,12039,6.4493,150
6708380,16788,6.4521,172
7220b94,9897,6.4521,126
57ca7d58,15245,6.4521,172
3b7dc2e4,11546,6.4521,126
1a148cc,17010,6.4521,172
20ea9321,15980,6.4521,172
2284683f,11095,6.4521,126
67920684,10655,6.4521,126
4aa7e1a3,10156,6.4521,126
356da950,10929,6.4521,126
244bcbcf,15446,6.4493,172
605227fb,15860,6.4521,172
14d5c34b,5781,6.4493,87
38603d11,17293,6.4521,172
4912b854,17498,6.4521,172
17f4b8ab,11330,6.4521,144
1591847e,12232,6.4493,150
4dee88b5,11273,6.4521,144
3c72130c,7226,6.4521,97
4b97882b,11055,6.4521,126
6875052,10499,6.4521,126
1fac8688,10758,6.4521,126
263e0ee8,18051,6.4521,201
af89350,15422,6.4521,172
3641579d,7403,6.4493,97
4da21f1b,10562,6.4521,126
67ca51a1,16357,6.4493,172
d0e6350,10457,6.4521,126
1b3d0109,12042,6.4521,150
3e5c6bc1,17645,6.4521,172
5591732d,16067,6.4493,172
69d02bbd,11119,6.4521,145
7e5d8810,16040,6.4521,172
3457bb5b,11412,6.4548,126
4791d191,11779,6.4548,126
19c7ca55,11486,6.4548,126
2791cc91,11531,6.4548,126
63b81546,11255,6.4548,144
15d95f8f,17552,6.4548,172
71a28713,9837,6.4548,131
7826771f,9903,6.4521,126
31f22cd3,10864,6.4493,126
835e470,17354,6.4493,172
1640ddda,11536,6.4548,126
1e476043,7432,6.4548,97
733f5a1e,10426,6.4548,126
386a55e9,10514,6.4548,126
185e7283,12592,6.4548,150
8e0c25f,9504,6.4548,126
10696f7,11107,6.4521,126
6ba95e23,11360,6.4521,126
8e3bf,16464,6.4548,172
e743bdb,17066,6.4548,172
3b70a5cc,15944,6.4548,172
1a89acc7,16634,6.4548,172
5ca4ff91,16077,6.4548,172
24e63b16,18080,6.4521,1
5d5ba132,11060,6.4521,126
725ef3a1,15208,6.4548,172
4c3e66e3,11269,6.4548,144
55ff7f6c,16957,6.4548,172
1b861437,11859,6.4548,126
1bd47444,15368,6.4521,172
1e924f64,16511,6.4548,172
21242b2b,17127,6.4548,172
a28a494,10215,6.4548,126
29d41aee,11932,6.4548,126
32e687c1,17825,6.4548,172
3e031796,11532,6.4548,126
4b46535f,10158,6.4548,126
3e7e0e0e,11407,6.4548,126
713d1151,16809,6.4548,186
77635838,17976,6.4575,172
517a4ee5,9545,6.4548,126
1f3a24ba,12089,6.4575,150
6941995,7333,6.4575,97
6b5b33e7,7099,6.4575,97
6855450f,10003,6.4548,126
2604b34b,7434,6.4575,97
6ebe4283,17147,6.4575,172
9026a5,15717,6.4548,172
674a1b12,11955,6.4575,126
7a4eaf,11895,6.4575,126
328c914c,11274,6.4548,144
70b3c72f,17410,6.4548,172
73aeac99,17589,6.4575,193
21f39b75,10087,6.4548,126
772368f6,7255,6.4575,97
19c74382,10892,6.4575,126
1f0bfe47,11570,6.4548,126
229ef6e0,12866,6.4575,150
4e164e9d,11286,6.4521,144
6d6edf8e,11526,6.4575,126
7913308e,7391,6.4548,97
2d57eda2,7243,6.4493,97
78ab271e,11199,6.4575,145
4b5ec30,11247,6.4575,144
1f3cd187,11719,6.4575,126
d14153f,16441,6.4548,172
2ca65054,11555,6.4603,126
67f08dbb,11962,6.4603,126
7d9ed9c,16702,6.4603,172
7e90a409,16127,6.4521,172
5380fb09,12932,6.4603,150
4dba35dd,11950,6.4603,126
54794fb,15804,6.4575,172
17b55edb,10055,6.4548,126
7e0cd8b6,10804,6.4603,126
2a803ccd,17850,6.4575,172
3688e09d,17706,6.4603,172
fd15afb,9912,6.4603,126
1700fadf,15545,6.4548,172
3ccdcaa6,9666,6.4575,126
4db059aa,11413,6.4603,126
4833d465,16635,6.4603,172
58f519be,17583,6.4575,193
14525f94,12123,6.4575,150
abf60fc,10160,6.4603,126
450d1508,16766,6.4603,172
13cb6130,14433,6.4603,1
6383a21e,17652,6.4603,172
12ca8612,17157,6.4603,172
3fc27416,9842,6.4603,126
9a58f8a,12049,6.4575,150
6298d9f,10752,6.4575,126
4f1972ba,15415,6.4603,172
63d7cd8b,7459,6.4603,97
8f09fcf,11001,6.4603,126
562bb076,11206,6.4603,145
7357bce6,16123,6.4603,172
77df8c94,15763,6.4575,172
33af0374,9954,6.4575,126
351383a2,7402,6.4575,97
2ab9bc71,15859,6.463,172
7de3e384,10305,6.4603,126
211a1150,11503,6.463,126
6fe42919,11665,6.463,126
6454b35d,17642,6.463,172
25706b56,11080,6.4603,126
3e9d192,15285,6.463,172
7288c02e,11118,6.463,145
3c6a8387,17806,6.463,172
401816fc,9688,6.4603,126
7d65110c,10659,6.4603,126
30cd2a73,17150,6.463,172
5f11780e,17314,6.4603,172
47015f4,17357,6.463,172
6c6ed846,17294,6.463,172
395649b6,17355,6.463,172
1eaa451b,12020,6.463,150
787824e0,10919,6.463,126
28565067,11242,6.4575,144
4634bcf5,10437,6.463,126
6091725d,16257,6.463,172
64ca040e,10505,6.463,126
6d0d86db,10771,6.463,126
7e7c4c39,10412,6.463,126
756ca1b9,11500,6.463,126
1e0436d3,11525,6.463,126
278003a1,11770,6.4603,126
2adaab69,15235,6.463,172
365b378f,9538,6.463,126
7d17d2e6,17620,6.4603,172
262a2994,18176,6.463,1
11f3398e,10986,6.463,126
19a7212c,11417,6.463,126
66d95092,17321,6.463,172
951f489,10056,6.463,126
7ec01abe,10915,6.463,126
5eceea0b,15589,6.463,172
3e4eb67b,10694,6.4603,126
723f7c80,15299,6.4603,172
4e1e5232,11501,6.4658,126
744c2bf2,18250,6.4603,1
aa7da2f,16901,6.463,172
2310e7c2,11855,6.4603,126
6f778bdb,9855,6.4603,126
2ac2545c,10555,6.463,126
3fc4e94d,10700,6.4658,126
b062a38,10420,6.4658,126
2f0cf26d,17567,6.4658,172
17d42364,11257,6.4658,144
fc23e52,11749,6.4658,126
35af8278,17830,6.463,172
7d78813a,11576,6.4658,126
4b8142f2,10782,6.4658,126
1b00a49d,15831,6.463,172
55afd57e,10990,6.4658,126
248d2ea9,12906,6.4658,150
1c5a21f1,12125,6.4658,150
25920211,9753,6.4658,126
64455283,17959,6.4658,172
4f6a6f50,11386,6.4658,126
2f28ae5,17646,6.4658,172
37458220,17320,6.4658,172
795a1f01,17290,6.4658,172
65d6ff95,10367,6.4658,126
73e5f468,11323,6.4658,144
7f2d91d9,11565,6.4658,126
68aa3cb6,11942,6.4658,126
64a40fc5,9581,6.4658,126
1a64366,11960,6.4658,126
42320ed2,17868,6.463,172
412194b5,9736,6.4658,126
13d9f153,18110,6.4658,1
4f4301f4,9913,6.4685,126
76b5db26,10161,6.4685,126
6f1bfa7a,17972,6.463,172
2a6405ec,11787,6.4685,126
63d0e012,17632,6.4685,172
3bfc6d79,10910,6.4685,126
6773403c,17653,6.4658,172
43767633,15236,6.4685,172
30e8a187,17136,6.4685,172
36156e84,11994,6.4685,126
685c3057,16707,6.4685,172
30930f80,11299,6.4685,144
4d1cdb0e,17057,6.4685,172
380dbfb3,11400,6.4685,126
315aee6d,7284,6.4685,97
4ba933d4,11139,6.4685,145
6bba8e28,12337,6.4685,150
56d52c56,11984,6.4658,126
191d18c9,15784,6.4685,172
32f2744f,10103,6.4685,126
6757a585,10753,6.4685,126
1180684,11941,6.4658,126
70328d3e,11564,6.4685,126
51c3cf7b,17707,6.4685,172
b62334b,17967,6.4712,172
4a8f2885,10086,6.4712,126
2eb00797,11399,6.4712,126
6147ad2d,16875,6.4712,172
7b253225,11930,6.4685,126
71f0a146,15881,6.4712,172
48dde6c4,9588,6.4712,126
66ffccf7,18047,6.4712,201
3a8d2bc0,11751,6.4712,126
68eb82ae,12084,6.4712,150
4f27b2b1,11702,6.4712,126
572747d6,10912,6.4658,126
4a7b5d9,11837,6.4712,126
30edb911,15872,6.4685,172
42ad2787,15573,6.4712,172
2fd9c1f3,7777,6.4712,1
16e9b0ac,15315,6.4712,172
6a91e429,7283,6.4658,97
4c9f4c5a,7419,6.4712,97
4b11a651,11974,6.4712,126
60ab31ab,10425,6.4712,126
19ca214,11745,6.474,126
5aab1e5b,15242,6.474,172
1cce1871,17832,6.4712,172
64353bb0,10761,6.474,126
2551542a,6199,6.474,1
4139ce96,12332,6.474,150
78d43490,16973,6.474,188
4362592c,17802,6.474,172
2f03cca1,17249,6.474,172
dc3d6f,11507,6.474,126
7c2bc6de,12356,6.474,150
f1e0e9c,10684,6.474,126
5ee48d6a,12233,6.474,150
6fb334d3,7392,6.474,97
e655b0f,18048,6.474,201
7170deb1,10721,6.4658,126
b058228,11179,6.474,145
3ac05514,10456,6.463,126
68501112,11059,6.4712,126
7d662a37,15993,6.4712,172
59ffabb7,18177,6.474,1
2e8d636f,11835,6.4712,126
93eb054,16603,6.474,172
45c504d6,17590,6.4685,193
9377ec2,17137,6.4712,172
6143bdca,9512,6.474,126
24903c96,11241,6.4658,144
6b7e2988,11506,6.474,126
6c573a2e,9738,6.4767,130
58509440,12341,6.4767,150
1c2f8a83,9904,6.474,126
35dec828,10415,6.4767,126
490f8eb4,17324,6.4767,172
6cde7f8f,11387,6.4767,126
30f004c0,15569,6.4767,172
73ac157e,9508,6.4767,126
46e35f91,12457,6.4767,150
59de62c5,17020,6.4767,172
350d84b5,15758,6.4712,172
69b8ab3a,15891,6.4767,172
5225f778,16701,6.4767,172
7a2c4496,10776,6.4795,126
26ef9395,17854,6.4795,172
6b033f5a,16601,6.4795,172
309cdfa7,15861,6.4795,172
1bf641bb,15305,6.4795,172
476c8558,9756,6.4795,126
c0d15c7,17235,6.4795,172
20408e07,12014,6.4767,150
2a14a08c,7173,6.4795,97
38d0666d,16706,6.4795,172
62f929d9,12006,6.4795,126
63eab6c,11015,6.4795,126
19f2d42c,15418,6.4795,172
32ee812a,17508,6.4795,172
417839d0,9817,6.4795,126
3d95ffc9,16797,6.4795,172
7bb4ce80,10883,6.4795,142
7b82de9f,15676,6.4767,172
27a2e45a,17936,6.4822,172
1412639,10560,6.4822,126
13b8ea6f,10572,6.4822,126
4e25e656,11162,6.4822,145
233ebf2b,11512,6.4822,126
2bc6259b,17693,6.4767,172
7ff9491e,12889,6.4822,150
1e8f07e1,17942,6.4822,172
489e24fc,12088,6.4822,150
52ee2a89,15286,6.4822,172
13f28b8c,11369,6.4795,126
67ea2873,15828,6.4822,172
13c8b60,10933,6.4822,126
5ef155d8,7279,6.4822,97
38bce67f,12050,6.4795,150
1b252983,10723,6.4822,126
2d3a2324,15586,6.4822,172
3f1fd9e2,17803,6.4822,195
4838ca68,7188,6.4822,97
ceaaf7a,17247,6.4822,172
17e8520e,11135,6.4822,145
25330841,11728,6.4822,126
59ec3cc0,9687,6.4822,126
5709d61f,12113,6.4849,150
22496d2,18062,6.4849,1
676d28ba,17216,6.4822,172
430b065f,11418,6.4849,126
3f68f7d7,16728,6.4849,172
620542ab,11951,6.4849,126
75ad6c6,10920,6.4849,126
5b15d3d,11590,6.4849,126
1e063732,10822,6.4849,126
57826e86,16798,6.4849,172
1e7a511c,11971,6.4849,126
2643aa35,11666,6.4795,126
384ec607,7290,6.4822,97
40604896,12142,6.4849,150
5ebc72a9,11123,6.4795,145
5e7d62fe,18275,6.4849,1
11dd4aba,11276,6.4849,144
591fc297,11827,6.4822,126
5de30b2c,11310,6.4822,144
13539069,11207,6.4822,145
51354e6d,10424,6.4849,126
2a46566b,11744,6.4877,126
6f399264,11739,6.4877,126
60669732,11064,6.4849,126
1bdbeb75,17325,6.4822,172
3b6136b,9513,6.4849,126
20bf1bcb,9816,6.4877,126
74b4c7e9,18251,6.4877,1
5760878a,10731,6.4849,126
154478a9,10441,6.4877,126
30f01a49,10216,6.4767,126
43426328,15711,6.4877,172
3ee7a77,17588,6.4877,193
5b575882,17862,6.4877,172
3e93b84c,17824,6.4877,172
98e478e,17855,6.4877,172
391c26a4,11258,6.4877,144
34a6190b,10041,6.4849,126
4951de32,15282,6.4877,172
28a30cd2,12892,6.4849,150
53ea8c7f,17848,6.4822,172
b1bb9a0,16109,6.4877,172
4c7c56bf,9676,6.4904,126
7c89167e,16813,6.4904,186
4e260e20,11187,6.4904,145
2569db1f,11177,6.4877,145
7b87f4e4,17962,6.4904,172
2d87948d,17253,6.4904,172
360e62c,18172,6.4877,1
639203f9,17720,6.4877,172
37ee2ad8,10584,6.4904,126
738ad815,12334,6.4904,150
5a6d0f0d,16079,6.4904,172
62380915,11979,6.4877,126
66edc2f8,10907,6.4904,126
20139c17,15829,6.4904,172
57ca270,15957,6.4849,172
272e736b,10741,6.4877,126
26122021,10836,6.4822,126
2fdc8f74,15599,6.4849,172
13935dbc,16041,6.4904,172
731c029c,17969,6.4904,172
45d26155,10714,6.4877,126
27fd92bf,16269,6.4904,172
6c911e1b,9899,6.4877,126
74719006,11208,6.4904,145
3b8e8203,7233,6.4904,97
6f1afe50,18061,6.4904,1
65e6c088,10341,6.4877,126
767d364a,17708,6.4904,172
304f14e7,11997,6.4932,126
57def0ef,11515,6.4932,126
3dde3a50,7445,6.4932,97
59db8a36,17779,6.4877,172
aeaf305,10110,6.4904,126
12078c12,11684,6.4932,126
79ba3f9c,16454,6.4904,172
15ba5b74,17197,6.4932,172
59faff29,11792,6.4932,126
5c75541a,10370,6.4932,126
737fdffe,12112,6.4932,150
15ae64a,15892,6.4904,172
62745e18,16727,6.4932,172
467c6cee,18255,6.4904,1
175f2641,16814,6.4932,186
2aed264c,9999,6.4904,126
4871c0bf,16427,6.4932,172
3ed2882f,16085,6.4904,172
519fd895,11747,6.4932,126
68ec4109,11120,6.4904,145
6b51812b,12044,6.4932,150
4dd25be6,11066,6.4932,126
be00edb,15116,6.4877,1
21597c78,12456,6.4932,150
9a5631a,9989,6.4904,126
7d22b4b1,9907,6.4932,126
2b378553,10062,6.4904,126
7465e6b8,10371,6.4959,126
3fd3074b,15827,6.4904,172
7f78a839,15316,6.4904,172
15a8b112,10835,6.4959,126
222a3e9,12235,6.4959,150
561d6b70,11335,6.4959,144
5929d533,12117,6.4959,150
632a874f,12016,6.4959,150
33da8a19,10548,6.4904,126
24f04a60,17691,6.4959,172
33679380,10433,6.4904,126
4406a5c,17059,6.4959,172
63adb28f,10745,6.4932,126
6cd6b48f,11388,6.4959,126
452847d0,11140,6.4959,145
59c338de,11573,6.4959,126
4a5c3766,12933,6.4959,150
4dc9a6fb,11527,6.4959,126
32a66176,10742,6.4959,126
437e4c07,9757,6.4959,126
44ef957f,12051,6.4959,150
1f25eb42,12907,6.4959,150
39fd30ca,11246,6.4959,144
6fa36d83,11740,6.4959,126
18348712,10963,6.4986,126
6fdde0f2,11007,6.4932,126
5e72977a,10504,6.4986,126
4d9bbcb4,11081,6.4986,126
1708b758,10163,6.4986,126
668eb5a6,17745,6.4986,172
12351381,11209,6.4986,145
12efab45,11281,6.4986,144
58ec3725,10306,6.4986,126
4b5c9a1b,17867,6.4986,172
71cf31ea,15218,6.4986,172
337776e3,17860,6.4959,172
1e951915,11491,6.4986,126
27f950fd,12033,6.4986,150
85a9a5b,11499,6.4986,126
92badb,11933,6.4959,126
3679466d,17538,6.4986,172
7b87bb99,10937,6.4986,126
87bac5b,17151,6.4986,172
1185bb1d,17326,6.4986,172
5bea86e7,17973,6.4932,172
7be5783,11752,6.4959,126
7d0ee2c0,11685,6.4986,126
12ef71cd,16811,6.4986,186
6e5917d3,18043,6.4986,1
610b6941,9998,6.4959,126
57d1f679,17271,6.5014,172
213f5d36,17988,6.5014,172
2e725f39,11009,6.5014,126
14fc28ac,15574,6.5014,172
1e6fa745,17591,6.4986,193
7df442e7,16928,6.5014,172
5b353505,11750,6.5014,126
614e0e43,10889,6.5014,126
1482e38e,11036,6.4986,126
4b3e6883,17251,6.4986,172
39d1f1fc,15759,6.5014,172
71cfd13a,9755,6.4986,126
287ccc93,11260,6.5014,144
153f0597,16135,6.5014,172
186bde9e,12348,6.4986,150
2b61c481,11873,6.5014,126
e03567e,11489,6.5014,126
1323db1e,10534,6.4986,126
254b8697,16526,6.5014,172
244a4362,7234,6.5014,97
68bc6aee,9905,6.5014,126
4adc30d6,12075,6.5014,150
6b9ddef9,9510,6.5014,126
4d4ae5c5,11566,6.5014,126
3b98480d,11141,6.5014,145
1f387f92,17956,6.5014,172
53897814,16958,6.5041,172
4e7d5ac7,17328,6.5041,172
430b933d,15700,6.4959,172
2ed35222,10361,6.5041,137
3a8ddaf5,11169,6.5014,145
12157a52,7267,6.5014,97
3f62b14b,17961,6.5041,172
1bed7f02,9516,6.5014,126
4609539,11408,6.5041,126
12e327e4,15237,6.5041,172
50eebd32,15423,6.5041,172
7a2ca68d,16519,6.5041,172
a49c3a5,17245,6.5041,172
a804688,17877,6.5041,172
2f227dc7,7393,6.5068,97
16bc6028,11738,6.5068,126
30a5ae60,11817,6.5068,126
259aa49c,11591,6.5068,126
7435073a,16150,6.5068,172
7c09bb32,15449,6.5068,172
665e4015,16352,6.5068,172
40f92d31,17786,6.5068,172
5db24de0,10663,6.5068,126
1629dbb,10616,6.5041,139
3003768e,11331,6.5068,144
42ac1de6,15575,6.5068,172
24d8a566,11516,6.5068,126
399a451a,16059,6.5041,172
7688d284,17568,6.5068,172
639206ab,12357,6.5068,150
7290730e,11934,6.5068,126
480ebb51,17138,6.5068,172
4148464,11037,6.5014,126
3b107f92,10369,6.5068,126
235795df,16531,6.5068,172
3dfc7830,17870,6.5068,172
3f3fceb3,12017,6.5014,150
f45d01e,16072,6.5068,172
13fb6fc3,10365,6.5096,126
60af9449,10730,6.5068,126
5d466f3e,9861,6.5068,126
42a0e024,17833,6.5096,172
aed0ac4,11878,6.5014,126
127ee0c7,11204,6.5096,145
167cda0c,9980,6.5041,126
78ad6862,17602,6.5096,193
3dc90693,15450,6.5096,172
673e76b,16069,6.5096,172
5f1080c4,9985,6.5096,126
2fcc8d90,7273,6.5096,97
3c310e73,16729,6.5068,172
49397af8,16446,6.5096,172
1274c5bb,10120,6.5096,126
591f6a68,11595,6.5068,126
6d69a5ae,12005,6.5096,126
137ea197,17974,6.5096,172
6f05ec41,11147,6.5096,145
5be8a507,16575,6.5068,172
7986d838,10815,6.5096,126
6c2bd868,10000,6.5123,126
59625673,17944,6.5096,172
7998e15f,12893,6.5123,150
1945defa,11285,6.5123,144
71b8048,10558,6.5123,126
4893cf8b,12085,6.5123,150
309d924,18245,6.5123,1
348c65b1,10695,6.5123,126
6fcebaa8,16267,6.5123,172
39f7cf4d,11998,6.5123,126
a3ec082,15419,6.5123,172
360abf97,11730,6.5123,126
25610650,11972,6.5068,126
747ae1ae,12349,6.5123,150
238cb37d,11477,6.5123,126
398d465e,17654,6.5123,172
3e077b85,9517,6.5123,126
17e92783,11594,6.5096,126
1d538a7a,11415,6.5068,126
5b82d5f6,17826,6.5151,172
3c60d5ed,9503,6.5151,126
8eed76e,12518,6.5151,150
db04ea5,11709,6.5123,126
cb11533,16902,6.5123,172
4ac83ecd,17717,6.5151,172
46c67d7c,9925,6.5123,126
41d15c36,16792,6.5096,172
683978d1,11256,6.5151,144
3f7aa6c5,5918,6.5151,93
5ee3343d,17044,6.5151,172
74d99eae,10585,6.5151,126
303012e9,17246,6.5123,172
640c643d,11414,6.5096,126
34ac8151,10223,6.5068,126
7f574b1e,17043,6.5151,172
157186bf,17362,6.5151,172
256679a2,9642,6.5096,126
7510c256,11328,6.5123,144
30da7851,15862,6.5151,172
2907548b,11178,6.5178,145
3f3a9360,11592,6.5178,126
6b85afa4,11577,6.5178,126
4ccbf4a3,17185,6.5178,172
2fb0159b,12894,6.5178,150
3c00bfea,10242,6.5178,126
57ca8a99,12364,6.5178,150
44b7022f,12077,6.5178,150
6b04dbef,12007,6.5178,126
52c2d68a,12114,6.5178,150
515f1009,17810,6.5151,172
7aac9ff4,10360,6.5178,137
2d05d677,17746,6.5178,172
6013ab9b,18257,6.5178,1
464008be,12236,6.5178,150
5663d411,11898,6.5151,126
24a14795,11900,6.5178,126
423a117f,10688,6.5151,126
d57c450,15252,6.5178,172
ee21de3,10781,6.5096,126
73d020d7,12052,6.5178,150
5d635cd7,16152,6.5178,172
689f59de,18258,6.5123,1
54296012,17849,6.5178,172
6ea5666f,16110,6.5151,172
70b6735d,12359,6.5178,150
71bf7236,11166,6.5205,145
2922304,11514,6.5205,126
45504265,9686,6.5205,126
3c2be,17601,6.5205,193
3e323c93,7469,6.5205,97
436c6578,10715,6.5205,126
5075f412,11550,6.5205,126
17f1d713,17789,6.5205,172
979e161,10309,6.5205,126
299e0293,10578,6.5205,126
56b4a6d6,11789,6.5205,126
4fe4aa5c,17224,6.5205,172
9503828,11548,6.5205,126
134cd16c,12998,6.5205,150
63004f39,17787,6.5233,172
5083390b,12365,6.5233,150
4c2f4755,11748,6.5233,126
90b6ae,17989,6.5233,172
23f2b7db,17265,6.5205,172
492e4fb3,11248,6.5233,144
77097deb,15328,6.5233,172
41b7afc6,12154,6.5233,154
8358d9a,17336,6.5233,172
3ecfbf28,11508,6.5233,126
5a73c95,10082,6.5233,126
38c4fca2,16561,6.5178,172
79926a78,10307,6.5233,126
5def718d,11965,6.5233,126
1e9aa3e7,17586,6.5233,193
22e56735,17553,6.5205,172
419f8523,10787,6.5178,126
484e18bb,9619,6.5205,126
6e8b7b26,10027,6.5233,126
2545688b,12593,6.5205,150
2c107fd9,11707,6.5233,126
1347a061,12127,6.526,150
14232120,11045,6.526,126
21443ac9,15701,6.526,172
708fb434,11838,6.5233,126
2f4b0f5a,17672,6.526,172
3816ee83,17013,6.526,172
2c10b1d1,17606,6.5233,193
8a53dd,17418,6.5178,172
41350bdf,11560,6.526,126
479b9135,11788,6.526,126
724f353f,17392,6.526,172
dad58cd,17872,6.5233,172
d3fb9c3,11457,6.526,126
7a7956e1,10001,6.526,126
283ff6c8,9644,6.5288,126
7621f406,9850,6.526,126
220b49d1,12507,6.5288,150
4f33a832,9857,6.5288,126
3f32f1b6,9515,6.526,126
296499,10353,6.5288,137
4bd18324,12150,6.5288,154
f4c76ef,10315,6.5288,126
4416aea,10973,6.526,126
58124878,7266,6.5288,97
ab21970,12241,6.526,150
2b6253b8,10308,6.5288,126
2225e6d1,10538,6.526,126
4eb21774,9856,6.526,126
7d995e46,16306,6.5315,172
4a9c752,11662,6.5315,126
1e4a272e,11040,6.5315,126
3de70d24,17804,6.5315,195
151e476f,15855,6.5315,172
226b5045,11668,6.5315,126
13544958,9678,6.5288,126
4d83e5f1,12053,6.5288,150
75a2844,9851,6.5288,126
48e60cd6,10535,6.5315,126
79c9821b,11243,6.5315,144
110791d3,12258,6.5315,150
2b375cbe,11396,6.5315,126
7df95994,11180,6.5315,145
52fa6f54,16073,6.5315,172
5816a41,11262,6.5315,144
494c8214,11164,6.5288,145
30edf9b0,12000,6.5342,126
212e81bf,11068,6.5342,126
16ac49f7,12011,6.5342,150
7484234,15873,6.5342,172
18f1ea01,15833,6.5342,172
2a6b4cd0,17603,6.5315,193
478eb0d6,11706,6.5342,126
12f8e2e1,12086,6.5342,150
66eff2b8,11877,6.5342,126
49b3f123,11931,6.5342,126
497e5088,10580,6.5342,126
71d9ad86,11713,6.5342,126
43e3ab6b,7131,6.5342,97
16d9a61c,10121,6.5342,126
1a05b1e0,15580,6.5342,172
f3afc4d,12890,6.5342,150
31c961cd,12045,6.5342,150
3333d5b1,11556,6.5342,126
8ac8e96,10582,6.5342,126
6dd5884f,11995,6.5342,126
16d7dec5,11542,6.5315,126
36673aaf,11261,6.5342,144
66b9d458,12046,6.5342,150
6e6760ba,7400,6.537,97
1ea5c8fa,11999,6.5288,126
6272b038,12329,6.537,150
43d4ae9a,12404,6.5288,150
202c15f,17671,6.537,172
d3f31f2,18276,6.537,1
5808f25f,11046,6.537,126
3e4e37ba,17977,6.537,172
2a520115,12028,6.537,150
733dd63b,17284,6.5288,172
5e96150c,12040,6.537,150
83efe89,10569,6.537,126
41938e8b,7281,6.537,97
e2f82e4,7274,6.537,97
34cf609d,10507,6.537,126
5a1f2d7d,12506,6.537,150
7a50763,17279,6.537,172
756f8dd1,11263,6.537,144
3aebc069,12335,6.537,150
19bc768c,17270,6.537,172
368df4c7,11597,6.537,126
3f85e6c2,11170,6.5342,145
5b0991d3,11790,6.5397,126
4102cf6b,12034,6.537,150
21fb9428,16830,6.5397,172
54064bc3,10002,6.5397,126
7809771c,10716,6.5397,126
682a2d29,10660,6.5397,126
7f3aaef6,12043,6.5397,150
29d3fed,12328,6.5397,150
47b7e29c,7268,6.537,97
30df4c23,10696,6.537,126
319f1935,12004,6.5397,126
8e5294a,11731,6.5397,126
22826bbe,9535,6.537,126
490b4a54,12548,6.5425,150
1e09010a,10132,6.5425,126
5a4076b0,11853,6.5397,126
14a4f1,7276,6.5425,97
7b02ce6b,16508,6.5397,172
211a72c0,10960,6.5425,126
107422c6,16111,6.5425,172
33e9376,17459,6.5425,172
26a88ccc,17237,6.5397,172
32a81d61,10843,6.537,126
545666ab,10442,6.5425,126
65850cf5,17875,6.5425,172
2ec518bb,15832,6.5397,172
12d78610,17310,6.5425,172
5d3bfe0a,16900,6.5425,172
70fbb66a,17941,6.5425,172
17ffe5e0,11097,6.5452,126
5a50a14e,11132,6.5452,145
dac3d24,16390,6.5452,172
7b65ccf9,11549,6.5425,126
2f751da0,11324,6.5452,144
74994b12,11557,6.5452,126
5f47bb2,11121,6.5452,145
597ceb0d,11524,6.5452,126
3144c527,17218,6.5452,172
129fe342,10363,6.5452,137
3d8fe957,17749,6.5452,172
6ec14890,11351,6.5452,144
50be4f81,17254,6.5452,172
6ea4e218,10875,6.5452,141
79de7f16,10664,6.5452,126
1dbf3d75,15243,6.5452,172
3fdfab04,17788,6.5452,172
76223ac5,10749,6.5452,126
7c8eddd8,7435,6.5425,97
311aef0e,10823,6.5479,126
2199774,11148,6.5479,145
1a7099c0,11210,6.5479,145
7cf59739,17954,6.537,172
18be03a9,17943,6.5452,172
82465a0,17363,6.5479,172
7fcca490,11648,6.5479,126
5afb1c31,12891,6.5479,150
3d68f1b9,10750,6.5479,126
37828bd1,11032,6.5479,126
5f4975c3,10316,6.5452,126
1fc48ca,11070,6.5452,126
5dd1e08f,11205,6.5479,145
274e37b5,17133,6.5479,172
431ec8e,10431,6.5479,126
54fbcd03,16770,6.5479,172
64dd9062,10318,6.5479,126
3574d838,7330,6.5479,97
104276a6,17364,6.5479,172
67a5e0bb,17047,6.5452,172
424539b9,10394,6.5507,126
14e04ddb,17291,6.5507,172
7538c2d9,10708,6.5507,126
2c50f5bf,12115,6.5479,150
2bd02ff4,10934,6.5507,126
1e1a6f72,11718,6.5507,126
1fbe9655,17236,6.5452,172
622587f6,18063,6.5452,1
1534d358,15219,6.5507,172
10e001ae,17834,6.5507,172
7029ba48,10961,6.5534,126
58416a3b,11098,6.5507,126
1c4a3442,11173,6.5507,145
18de7b68,15451,6.5534,172
1755ffa9,11250,6.5534,144
5f489b37,10656,6.5534,126
77295e83,9858,6.5507,126
f71f58c,9931,6.5507,126
61314b28,10901,6.5507,126
6903d9d5,18259,6.5534,1
a566565,15616,6.5534,172
4773b849,17970,6.5534,172
7a932b62,10703,6.5452,126
c46eeb6,12128,6.5534,150
11904713,12895,6.5534,150
1ebc9384,11708,6.5534,126
f59f917,16376,6.5562,172
28d47509,17607,6.5562,193
72bf31aa,10842,6.5534,126
1194dca4,11039,6.5562,126
4da3329d,11268,6.5562,144
2afa95a,10859,6.5562,126
958f83b,11586,6.5534,126
261aadb,12126,6.5562,150
c7852f4,10849,6.5562,126
35a727cf,16113,6.5534,172
4abdad58,11167,6.5534,145
7c0db862,9669,6.5562,126
4ea1d14,17592,6.5562,193
bd24820,10427,6.5562,126
148f671c,10577,6.5562,126
57140856,16112,6.5534,172
7c79fca,11533,6.5562,126
20b72507,17520,6.5562,172
74618eb8,7436,6.5562,97
6deb5b5c,11078,6.5562,126
56e9a0e4,16310,6.5479,172
6b465cd9,10422,6.5562,126
4f6f2823,16147,6.5589,172
37037b38,11733,6.5589,126
5f73f,10421,6.5562,126
1bf0995b,10539,6.5589,126
362f0dd3,11353,6.5589,144
3a17697,15238,6.5589,172
2de88436,12458,6.5589,150
11ee008,10057,6.5562,126
2e8d531b,12342,6.5589,150
31282dd0,16793,6.5562,172
5888c6f7,16520,6.5589,172
2e60634e,10816,6.5534,126
6a31f812,10154,6.5589,126
1a871e29,17225,6.5589,172
6ddf6de3,12156,6.5616,154
4a6ccf0,16485,6.5616,172
74ef4d99,10865,6.5589,126
442597f8,10732,6.5616,126
29f1a539,11189,6.5616,145
47a8e0e3,16711,6.5616,172
4ce5397d,11669,6.5616,126
4782ae93,10104,6.5616,126
43656cc5,9804,6.5616,126
6e31009e,17021,6.5616,172
5cc280e4,15782,6.5589,172
1038ccd9,10105,6.5616,126
78be3e28,17280,6.5616,172
1d75de93,17680,6.5616,172
7ba61853,11641,6.5616,126
332b6263,11216,6.5589,145
6e0e552f,11985,6.5589,149
3a6d4550,7336,6.5616,97
36145600,11651,6.5616,126
5c80281d,12536,6.5616,150
48ddf02,17460,6.5644,172
22bf3195,17852,6.5616,172
95f95c8,17556,6.5616,172
1c2ecd9b,12955,6.5644,150
42f07030,11561,6.5644,126
2a202a77,11687,6.5644,126
644f3b5f,12867,6.5589,150
7ab7ada6,11899,6.5616,126
fb396ed,12908,6.5644,150
5c173f71,15894,6.5644,172
552669aa,12239,6.5644,150
726a883f,11667,6.5644,126
4e8316db,12286,6.5644,150
65dbfeee,10870,6.5616,126
2246b56e,7054,6.5644,97
31d14b35,11688,6.5616,126
d91bd18,11163,6.5644,145
67b2a61a,9514,6.5616,126
2dbc4a8d,9684,6.5644,126
5d24188c,17238,6.5644,172
4ade3b83,10581,6.5671,126
716d590e,12913,6.5671,150
4572e1d8,11349,6.5671,144
39da34f,11921,6.5644,126
7e003bc8,11352,6.5644,144
4e6dc0cf,12508,6.5671,150
45b915a8,10667,6.5671,126
55903399,11348,6.5671,144
2e898191,11945,6.5699,126
5e078138,11190,6.5699,145
306ec66c,11337,6.5699,144
4fcf65d2,17975,6.5671,172
42d62dd6,11686,6.5562,126
21f49e1,10681,6.5699,126
203a6af5,11136,6.5699,145
66218538,11271,6.5699,144
2af018d8,16708,6.5726,172
348039af,10140,6.5726,126
52f48ddb,17412,6.5699,172
21bfb2ce,17633,6.5726,172
52a119ce,17869,6.5671,172
1db69bff,12076,6.5726,150
78a67b33,17286,6.5644,172
3e44e26c,10112,6.5726,126
38435ee7,12864,6.5644,150
3dfee4a7,10962,6.5726,126
6b993c24,11543,6.5726,126
4eaf8661,12029,6.5726,150
125a74b8,12035,6.5699,150
486f7054,10704,6.5726,126
6a79abd8,11935,6.5753,126
5857a478,16513,6.5699,172
40c196fa,11071,6.5753,126
1969e47e,11966,6.5753,126
7957455c,11870,6.5753,126
51370abd,10583,6.5726,126
1d4a4ff1,10956,6.5753,126
2c8b9021,16447,6.5753,172
2ab7cad7,17790,6.5726,172
545674b8,17876,6.5753,172
db79332,11845,6.5753,126
68269298,17557,6.5699,172
3ebac1f6,12897,6.5781,150
66124dd5,17835,6.5781,172
2d28595b,10982,6.5753,126
2a4f4584,11825,6.5781,126
1b507dfc,15874,6.5753,172
67b54458,10746,6.5781,126
7931c6dc,10983,6.5781,126
18f2b80a,17873,6.5781,172
47be8e5c,11824,6.5726,126
2f63522c,11741,6.5781,126
7fd04121,11142,6.5781,145
67776cba,10783,6.5808,126
5488c266,17287,6.5808,172
61cf08e9,16709,6.5808,172
1ceb84b8,11165,6.5781,145
19ae0de8,11551,6.5753,126
40252923,7455,6.5808,97
52ac58b3,10908,6.5808,126
4bbd8a4f,11598,6.5808,126
b3309c4,12354,6.5808,150
62b655b0,11338,6.5781,144
444ac847,10556,6.5808,126
526fe095,11144,6.5781,145
5ca6cbbd,10042,6.5808,126
7527f765,11181,6.5808,145
66c9bd2c,17272,6.5808,172
36827f90,12078,6.5753,150
24053430,10162,6.5808,126
59e36125,16878,6.5836,172
1bc45a9d,12343,6.5836,150
51921a5f,9455,6.5808,126
7a99fd9c,10310,6.5808,126
3650194b,10113,6.5836,126
3543aba2,17912,6.5836,172
77852049,10164,6.5836,126
7a687b6f,17997,6.5781,172
5fc263a0,17255,6.5836,172
66ebda77,11729,6.5836,126
3185a9f7,11846,6.5836,126
27ea6417,11409,6.5808,126
12aa186b,10788,6.5836,126
5eb9b6fd,7275,6.5836,97
6639e73f,12915,6.5836,150
6e11272b,11880,6.5836,126
1207ed33,10317,6.5863,126
50acc658,11717,6.5781,126
43318cee,12293,6.5863,150
6a189ba8,10106,6.5863,126
475b8dad,12237,6.5863,150
71731d18,16815,6.5863,186
3eeaa924,11494,6.5863,126
1081b08a,10111,6.5781,126
b2c71d2,10666,6.5863,126
62de3672,12023,6.5836,150
7333d390,15895,6.5836,172
9161084,11813,6.5836,126
9d170b9,16114,6.5836,172
2a508847,12527,6.5863,150
148ef4cc,15787,6.5863,172
7c44a56e,16551,6.5863,182
6fba7132,12032,6.589,150
7504ab09,12036,6.5863,150
5691de71,15239,6.589,172
355a78fb,16087,6.5863,172
6cecc4eb,10863,6.589,126
50630ba5,12521,6.589,150
b15843,11996,6.5863,126
859358e,12238,6.589,150
6e2209de,17769,6.5863,172
6463436d,11626,6.589,126
2c155267,12350,6.589,150
6d21e72e,11325,6.5918,144
13b36fad,12130,6.589,150
6db53e9d,11907,6.5918,126
6bb5df26,9900,6.5918,126
94f4de9,11980,6.5918,126
109856a,17957,6.589,172
72170e83,10988,6.5863,126
458c0200,11567,6.589,148
85a978,12535,6.5918,150
18a4b66,10844,6.5863,126
73d68c84,16080,6.5918,172
3e397541,17812,6.5918,172
1b80fc84,11670,6.5945,126
366348e5,12259,6.5945,150
4ccf8d0f,12041,6.5945,150
2bdc8f53,12153,6.5945,154
71164001,18246,6.5918,1
4f0a01f,17863,6.5945,172
3226bdd,10564,6.5945,126
180818d9,15834,6.5945,172
7624a129,10354,6.5945,137
2e32b1e4,17276,6.5918,172
8194465,12358,6.5945,150
18fef9d8,12531,6.5973,150
47483474,9863,6.5973,126
1436e85d,11117,6.5945,126
2fb0d6ae,11614,6.5973,126
40efcab9,12533,6.5973,150
4682ad44,17558,6.5945,172
65d5d1c9,12087,6.5973,150
4cf97e7b,11901,6.5945,126
90d844e,11791,6.5973,126
72fdcf5f,16805,6.5973,186
2146b4c9,16482,6.5973,172
6ad662b1,12522,6.5973,150
6d5bc336,9760,6.6,126
3a433395,12346,6.6,150
7bc625,12330,6.6,150
71c06ef5,17323,6.6,172
65b46cf8,10561,6.5973,126
3cae4915,12336,6.5945,150
fdf6fc5,12494,6.6,150
7d9a0f0d,12047,6.6,150
3b8f7fea,17853,6.6,172
42260567,11336,6.6,144
54bfa6b8,11624,6.5973,126
75a76f6f,10989,6.6027,126
1728759,11862,6.6027,126
6c8d485f,11061,6.6027,126
221f8eb6,17836,6.6027,172
37c28de3,15604,6.6,172
73ab5cec,12520,6.6027,150
48f01a3c,11062,6.6027,126
75623d76,10501,6.6027,126
2bd67752,17250,6.6027,172
2a08972b,17365,6.6027,172
8d84a5e,10957,6.6,126
213d2b95,12351,6.6027,150
23161b1b,11517,6.6055,126
45502b49,12289,6.6055,150
28db5483,11881,6.6055,126
63b371f5,11922,6.6055,126
47bcd5d0,17342,6.6027,172
5da4b856,12352,6.6055,150
17648306,11552,6.6055,126
5fcd63fc,9670,6.6027,126
1b83112f,10565,6.6027,126
639d6c01,16153,6.6055,172
6844c272,17311,6.6055,172
3abdd852,12018,6.6055,150
28cb5113,11534,6.6055,126
50d2bfc7,17070,6.6082,189
d248b7,17022,6.6055,172
64b4f4a2,12001,6.6055,126
29fa7e23,12079,6.6082,150
673d9b72,16137,6.6055,172
6fc81ef0,15392,6.6082,172
2aa1a849,12155,6.6082,154
5e6d1b8d,16514,6.6082,172
6973485b,12287,6.6082,150
629ea80c,17263,6.6082,172
65bd899e,9689,6.611,126
5f00103,10902,6.6082,126
4d0e0531,12920,6.611,150
6a4a1f39,13000,6.6082,162
1988b3bb,11989,6.6082,126
ec1b64e,11734,6.6027,126
335b1d2a,11879,6.6137,126
9d26faf,16088,6.6137,172
5acd0249,12899,6.6137,150
48d37db7,12118,6.6137,150
2716c12d,12149,6.6137,154
551b0045,12459,6.6137,150
566bbf6e,11973,6.6137,126
5061c660,7460,6.6082,97
3db24ac4,16705,6.6137,172
2707f5ca,10563,6.611,126
2a93c047,9864,6.6137,126
21088ab4,17551,6.6137,172
12d30ed,17608,6.6137,193
6ecb2019,10359,6.6164,137
9769077,10837,6.6164,126
e43103b,12514,6.6164,150
50690ffc,17775,6.6164,172
3d0e2cd8,16879,6.6164,172
4805b8d8,10665,6.6164,126
63c83e5a,10029,6.6137,126
16f21d9c,12513,6.6137,150
225776fd,16115,6.6164,172
62f703b3,11754,6.6192,126
47ef0529,12552,6.6192,150
4ef2fd0f,12157,6.6192,154
3a88e375,12345,6.6192,150
513b1727,18266,6.6192,1
57a3ee61,11593,6.6164,126
4eda9af6,10165,6.6192,126
71a30849,16136,6.6192,172
7828ab75,12158,6.6219,154
30b092f7,11562,6.6219,126
15e19484,10991,6.6164,126
2aa7b33d,11753,6.6219,126
432f1760,10661,6.6219,126
56590d5e,17886,6.6219,172
2b64dec2,11818,6.6219,126
7e616f73,10789,6.6219,126
43b97e1f,12923,6.6219,150
4c4dbfb,11145,6.6219,145
4af26d62,17177,6.6219,172
5ddb115a,11795,6.6219,126
19036def,11882,6.6247,126
66748996,11840,6.6247,126
73a4fe3e,11340,6.6219,144
131b78dc,12030,6.6247,150
4adb8ea0,11568,6.6247,148
4f8f0760,18052,6.6247,201
df51f3e,11600,6.6247,126
45604bc4,17781,6.6192,172
53d87346,12617,6.6219,150
64dbda5a,12054,6.6247,150
4d1cca91,11732,6.6247,126
a29e995,10936,6.6164,126
41f23510,12530,6.6219,150
60b6881,17277,6.6274,172
16597945,11969,6.6247,126
2cea68de,17990,6.6274,172
1c06d518,9805,6.6219,126
7c6082e6,11341,6.6274,144
7b67580d,17048,6.6247,172
6b455248,11502,6.6274,126
20be4c4b,10243,6.6274,126
21f2b28b,17735,6.6274,172
7c3c74a1,11579,6.6274,126
599d99d3,12119,6.6274,150
77558084,12705,6.6274,150
3ef4f60,12207,6.6274,150
7b608a49,12366,6.6274,150
4fb21944,12234,6.6301,150
50b4f56f,11682,6.6301,126
29593456,12002,6.6301,126
79f48606,12526,6.6274,150
5694d1f6,10323,6.6301,126
4477679c,11342,6.6301,144
9339a59,12956,6.6274,150
7e5b199d,17593,6.6274,193
1ec07984,11596,6.6301,126
6e2b10cb,12353,6.6247,150
1abe3d9e,9511,6.6301,126
7c93b23e,10570,6.6301,126
7bdfae05,11133,6.6301,145
246d4460,17780,6.6329,172
5d6ec712,11544,6.6329,126
cbf712c,11343,6.6329,144
40ff9962,12391,6.6329,150
288cccfb,12090,6.6329,150
766464fe,12262,6.6301,150
59b757c1,12481,6.6301,150
35668ff7,11755,6.6356,126
704d53b1,12240,6.6329,150
5b305cfd,15721,6.6329,172
6738ea70,12550,6.6356,150
32ae31fd,18267,6.6356,1
28642cc2,10909,6.6356,126
716a5a87,11277,6.6384,144
4bf67883,11622,6.6384,126
51a155b0,15605,6.6384,172
1243b7a0,11339,6.6384,144
1bc88b16,11134,6.6384,145
36944eef,12999,6.6384,150
14f29e6c,10331,6.6356,126
3855448a,12515,6.6384,150
63828ae5,16396,6.6329,172
6c73cf82,12534,6.6411,150
333c6921,18268,6.6411,1
215f1ad8,12242,6.6356,150
523d0753,12122,6.6384,150
56fd79b4,12532,6.6411,150
2400b336,10319,6.6411,126
7425a3f6,12026,6.6384,150
2df5fe70,11625,6.6438,126
10f812a3,12569,6.6411,150
31408a89,10747,6.6438,126
4ba9d3a0,7463,6.6438,97
7aeaa94d,10326,6.6438,126
6823a544,11559,6.6438,126
43a27321,16816,6.6438,186
6aa7d04e,10566,6.6466,126
775e19db,11601,6.6466,126
3a1aaab3,13504,6.6466,150
f3b7bbb,11908,6.6466,126
7a47f69d,11975,6.6438,126
106cba89,12022,6.6466,150
2eb67c3b,12392,6.6466,150
4116146c,17900,6.6466,172
21bd6db5,12091,6.6466,150
48554edf,12555,6.6466,150
15245956,9680,6.6466,126
5092a671,17878,6.6384,172
4dd84ffc,10792,6.6466,126
3c9c975f,12159,6.6438,154
21b8d2cd,11841,6.6493,126
bc59773,12288,6.6493,150
4e210954,15311,6.6493,172
418918c3,12572,6.6493,150
197749c2,13686,6.6521,150
3eae3b90,12143,6.6521,150
7803eeb8,12290,6.6521,150
71c5ae7b,12922,6.6521,150
5b04e2,10114,6.6521,126
70b63b72,15254,6.6493,172
e659ec7,11146,6.6521,145
5cd00374,12466,6.6466,150
525fd0d8,12266,6.6548,150
31441e33,12914,6.6521,150
1de213b8,17559,6.6548,172
1d3bfb55,11720,6.6548,126
7af35892,12268,6.6548,150
269987c1,11518,6.6575,126
60a9627a,12509,6.6575,150
628716e0,12551,6.6575,150
aec4ada,10586,6.6575,126
77268af1,16880,6.6575,172
71ef7ec,10793,6.6575,126
406dcb63,9681,6.6521,126
1d160902,9621,6.6575,126
13fcb808,12916,6.6575,150
f2567c1,18278,6.6575,1
67490855,9992,6.6521,126
d042cf2,17964,6.6575,172
65561d12,16806,6.6548,186
52ad5202,12573,6.6603,150
3ed956fa,12957,6.6603,150
150727c3,11150,6.6603,145
3a239e96,12024,6.6603,150
16ec569c,13899,6.6603,150
438767de,17906,6.6603,172
8734fd2,11863,6.663,126
6f127952,17634,6.663,172
49638d08,16817,6.6603,186
3d4f7a0e,12461,6.663,150
450e43ee,17880,6.663,172
392a7af4,10327,6.663,126
1f79ccfa,10321,6.663,126
8f9228,12542,6.663,150
6b5fe2f1,11623,6.6548,126
3ec110e0,12934,6.663,150
6cf4ab14,17993,6.6658,172
2aad338e,10850,6.6658,126
3b70974,13015,6.6658,150
61142d6,17721,6.6658,172
1d8b0406,11602,6.6658,126
779c3099,17885,6.663,172
29df0bbe,11558,6.6658,126
4c0e7fc2,17072,6.6658,189
3ef99975,13900,6.6658,150
31b18853,12599,6.6658,150
7d0bfc67,17367,6.6658,172
38656cf4,13002,6.6658,150
75ea95cf,17879,6.663,172
2eeb9b99,12031,6.6685,150
5cab9d00,12460,6.6685,150
7e61ba36,12472,6.6658,150
6df07bc2,17604,6.6685,193
14d67301,12263,6.6685,150
1fb502b6,17366,6.6685,172
2d986b00,11903,6.6712,126
1ff6cfdd,12516,6.6685,150
6c35661f,12267,6.6712,150
4b15e9a0,11864,6.6712,126
2753e30,12361,6.6712,150
35e23c7a,12116,6.6712,150
566d74f5,12958,6.6712,150
1c43853c,13503,6.6712,150
5b010d35,17881,6.6712,172
494ade39,11137,6.674,145
70ae2cdb,17609,6.674,194
75fcf6b9,10838,6.6712,126
540bdf58,11914,6.6712,126
47e1bd43,10579,6.674,126
54e1da80,12393,6.674,150
75a0d8c,16882,6.674,172
109a5b90,11217,6.674,145
6133148,17071,6.674,189
ce8cfcd,11599,6.674,126
e4e752,16360,6.674,172
5607310a,11683,6.6685,126
1e6602b,12471,6.674,150
8fa405c,11861,6.674,126
f867ab8,17892,6.6767,172
1e60982e,13001,6.6767,150
29dd0154,9761,6.674,126
543cba88,9620,6.6767,126
3bdc5e64,13004,6.6767,150
14a9cfa2,11041,6.6767,126
989860c,11149,6.674,145
13b2defb,10668,6.6767,126
22ebceff,11902,6.6795,126
7b1d8bb8,11495,6.6795,126
79750fdf,9682,6.6795,126
3e61db31,12462,6.6795,150
6f57e4f2,13098,6.6795,150
54bcc9f8,16818,6.6767,186
36eed0e,12487,6.6795,150
3ba18f00,12558,6.6767,150
47c122bd,12519,6.6767,150
10e83f98,10587,6.6767,126
c8c4d34,12562,6.6795,150
1f45f4c6,17887,6.6822,172
3a1c1330,10992,6.6767,126
f861c22,13013,6.6795,150
2315cb29,12080,6.6849,150
501631b6,10964,6.6849,126
601ed0d6,12243,6.6849,150
57f09a5a,11904,6.6822,126
19ea9ed3,17882,6.6822,172
789087d9,12369,6.6849,150
6e1e607d,10906,6.6822,126
3d6f15ae,16515,6.6849,172
703e18d6,12264,6.6877,150
1e58e8e7,17069,6.6849,189
cece747,12422,6.6877,150
a30a4e,11138,6.6877,145
11ec632f,17256,6.6877,172
13341e2d,12362,6.6904,150
6a9f4f5a,18260,6.6904,1
783f1aaa,12898,6.6904,150
23775133,16884,6.6904,172
54ebd6d9,13027,6.6904,150
54138c3a,11251,6.6932,144
d5c1400,12144,6.6904,150
3f2e8f20,12909,6.6877,150
180d0058,12938,6.6932,150
4d2976f1,18017,6.6932,199
477e3c93,12706,6.6904,150
fc41a1a,11152,6.6932,145
74e2d45f,17965,6.6932,172
4458d34d,13058,6.6877,150
42c0bbc9,12707,6.6959,150
74ec8da6,12709,6.6959,150
5b574deb,16359,6.6959,172
76ee2667,12708,6.6959,150
59173f77,11608,6.6959,126
1fa63a5e,12524,6.6959,150
1e89bada,11588,6.6959,126
1e4ec96f,16134,6.6932,172
e5fe6bd,17991,6.6959,172
6f86ca88,11634,6.6986,126
f0abc88,12940,6.6986,150
67e719b7,12421,6.6986,150
167c71f8,10322,6.6959,126
4f773b35,11603,6.6959,126
7f87032e,11915,6.6986,126
447a4bc7,17273,6.7014,172
154320af,16883,6.7014,172
4a36b911,13515,6.7014,150
3fb0e21e,9547,6.7014,126
49e8c84e,11072,6.6986,126
220a42ee,11350,6.6986,147
3706f7e3,11151,6.7014,145
4522df84,17963,6.7014,172
6f54c920,10320,6.6986,126
3aa30800,10328,6.7041,126
7e81d6eb,13044,6.7041,150
23bad58,11143,6.7041,145
d9eafe9,18281,6.7041,1
5e939f21,9679,6.7041,126
7cd27ffb,17681,6.7041,172
7ac9db4b,12360,6.7041,150
23dc5c54,12482,6.7014,150
4bd0c677,12510,6.7041,150
5b454e21,11909,6.7041,126
19eda8ff,12131,6.7068,150
76af219e,16885,6.7068,172
a28d70b,10588,6.7068,126
37d0ede3,12565,6.7068,150
4615997e,12355,6.7041,150
32cb7b13,12265,6.7068,150
5dd85ba,14000,6.7041,150
50eb5130,12564,6.7068,150
3d671f05,11756,6.7068,126
d6842bf,12568,6.7068,150
67dcf405,13003,6.7014,150
e26080e,11760,6.7096,126
26d05b07,12027,6.7096,150
b3cb1f8,18000,6.7096,172
573f1d3e,12151,6.7096,154
440e779a,11605,6.7096,126
44f2dfc2,12216,6.7068,150
10b9a64e,12704,6.7068,150
7a2ad92a,11252,6.7096,144
147714e6,12710,6.7123,150
23f21355,17903,6.7123,172
71acc426,11571,6.7096,126
610d5a50,17073,6.7123,189
5d63b0b0,11047,6.7123,126
719f5fde,12896,6.7123,150
5143e3bd,11347,6.7151,144
6e51f2b2,12941,6.7123,150
45795aa0,10748,6.7151,126
6e16c338,18279,6.7123,1
1dd867f,11905,6.7178,126
7677484d,12396,6.7178,150
42c49203,12463,6.7178,150
55def389,16886,6.7178,172
15f82fb2,12937,6.7178,150
2d3bea7,12924,6.7178,150
1e92f37c,11916,6.7151,126
6aec6459,11354,6.7096,144
78203e27,10939,6.7178,126
109696ad,10938,6.7178,126
5ac0c811,17288,6.7178,172
20ebec26,11580,6.7123,126
e11e944,12614,6.7205,150
711e2e9,11759,6.7178,126
7eb9252a,12244,6.7178,150
22e5faac,18280,6.7205,1
23bf6c7d,11504,6.7233,126
2bb1c449,17896,6.7233,172
38e65dbd,12910,6.7233,150
1b65667b,12556,6.7178,150
3fbfe523,12615,6.7233,150
61e65018,12464,6.7233,150
5ddfa438,13903,6.7205,150
538976e3,18023,6.7233,199
1c162460,11604,6.726,126
112b8dd4,12245,6.7233,150
492fd708,17994,6.7233,172
7fa71dab,13020,6.726,150
6c19d1e8,12145,6.726,150
4181cd2f,17992,6.7233,172
c89bde6,11883,6.726,126
3ba9ace8,12567,6.726,150
4acdfce6,16552,6.726,182
199dace4,12291,6.7288,150
56bae24d,18269,6.7315,1
68210e19,12935,6.7315,150
4d04ed8c,11505,6.7288,126
7c0f2285,17883,6.7315,172
171d03f1,11033,6.7315,143
61a53316,11606,6.7342,126
152b594a,17982,6.7342,172
716e90e,12911,6.737,150
14026928,11897,6.737,126
675dcc26,12095,6.7342,150
1847cdf9,17274,6.7342,172
6b7fe2d2,10733,6.737,126
68629575,12612,6.737,150
238a5128,11587,6.737,126
6ca4ad1a,12363,6.737,150
6be8c28f,12574,6.737,150
6b58b0d8,17901,6.7397,172
7f15d452,11153,6.7397,145
ee7d989,11355,6.7397,144
47626932,11967,6.7397,126
6ab327eb,12538,6.7397,150
3b55d9ab,11654,6.7397,126
4d69aad2,18261,6.7425,1
b4e64d9,13014,6.7397,150
5f31b77b,12701,6.7425,150
2c4e4f09,10993,6.7425,126
2bfcc68d,12620,6.7425,150
4e0d1d87,11847,6.7425,126
394343aa,14007,6.7425,150
2abd1972,11607,6.7425,126
415380f7,13005,6.7425,150
5266190d,11757,6.7452,126
2cb66b85,13021,6.7452,150
130b6dc9,12082,6.7452,150
57d02e51,12566,6.7452,150
4de34ea6,17983,6.7452,172
5f8afd2f,11910,6.7479,126
6e9e0aa3,12025,6.7452,150
43b78191,17560,6.7452,172
73ee84dd,11578,6.7479,126
41309bae,11689,6.7479,126
33176bbf,13512,6.7479,150
44fc4677,12921,6.7507,150
4955230f,11043,6.7507,126
5bbc400c,11539,6.7507,126
7bba3d31,12338,6.7534,150
2c79d750,12474,6.7534,150
2c7bda9e,12397,6.7534,150
51a19e72,13520,6.7534,150
4989afce,17898,6.7534,172
7e8be986,11042,6.7534,126
43bd940f,12081,6.7534,150
7a74f700,12276,6.7534,150
1f36b21b,10332,6.7425,126
322e06a0,11154,6.7562,145
7da0ef4b,12424,6.7534,150
3a6cc9c9,17913,6.7562,172
10953800,17995,6.7562,172
62c8bfa6,11655,6.7562,126
2011be59,10324,6.7562,126
4cab0b3f,12344,6.7507,150
7cef1913,11182,6.7562,145
c33cbf,12537,6.7507,150
3a18809a,12377,6.7589,150
45036bb6,14008,6.7589,150
4b3a188a,13016,6.7589,150
6291d93f,12092,6.7589,150
4fdf5042,11913,6.7589,126
4b7cff2b,12120,6.7534,150
157c6329,12394,6.7562,150
22d40d32,11911,6.7589,126
69c619ec,11005,6.7589,126
79480898,12936,6.7589,150
4ca00ab3,12917,6.7616,150
125947de,12147,6.7616,150
600921ab,12618,6.7616,150
45a1420c,12739,6.7616,150
4696d4dc,12261,6.7616,150
161a63a8,12129,6.7644,150
2fafa53b,12702,6.7644,150
6b7f9f01,12619,6.7644,150
6316d7ef,12475,6.7644,150
5d3626e9,12094,6.7644,150
4a3bb65f,12132,6.7616,150
40adac72,11610,6.7644,126
1307b70a,11896,6.7671,126
ff98b93,17888,6.7671,172
5dad712a,17897,6.7644,172
8516cdf,12249,6.7644,150
1fcfbac4,12139,6.7671,150
76d04e25,12579,6.7671,150
5ca91fbd,15255,6.7671,172
6a3b1123,12529,6.7671,150
690faf2f,10312,6.7671,126
bf43150,12488,6.7699,150
1fb49364,17904,6.7699,172
299eb755,12055,6.7699,150
2d342bb8,12543,6.7671,150
39d68fe6,11693,6.7699,126
1302573d,11044,6.7699,126
2896c98a,10311,6.7699,126
24735ecb,12539,6.7699,150
29d74c1c,12939,6.7699,150
1228490f,17893,6.7726,172
286d4da4,17884,6.7726,172
1c49f5e0,13574,6.7671,150
18a59d13,11630,6.7726,126
4ee3f0b7,12577,6.7726,150
36a90bba,12292,6.7726,150
8928ea2,13505,6.7726,150
1bb68400,13625,6.7726,150
3f205f1e,12594,6.7699,150
59f4eabf,13062,6.7753,150
277ecee0,11758,6.7726,126
5fe8ae50,16553,6.7726,182
3b85b333,12918,6.7753,150
14bca6c7,13031,6.7753,150
43da8352,11611,6.7753,126
6ae307fd,11619,6.7753,126
3b3bcd8f,17914,6.7753,172
2d31edf0,13028,6.7753,150
5ccaec0f,16804,6.7726,186
2e64c484,12483,6.7781,150
4b563372,14092,6.7781,150
44ca8d82,17894,6.7781,172
74289f81,13017,6.7781,150
692a1985,11633,6.7808,126
620b3a3b,12378,6.7808,150
2e3a4dac,11540,6.7808,126
6ac3921a,10329,6.7808,126
7be90ac7,12161,6.7808,155
5cb181f6,12140,6.7781,150
7ce69677,17275,6.7808,172
2b4a0589,11616,6.7808,126
1074e193,10576,6.7808,126
292b2429,12410,6.7836,150
12ca19d5,12563,6.7836,150
646f0ad4,12925,6.7836,150
532017b3,12961,6.7808,150
235a6b92,13580,6.7808,150
71efbd9b,12525,6.7836,150
611cca9d,17998,6.7836,172
7db945c0,12712,6.7836,150
1a716fb2,12467,6.7863,150
2ef7584b,12967,6.7836,150
5e81b0fc,13045,6.7863,150
739cc18f,11912,6.7863,126
3f229d7b,13817,6.7863,150
59cec193,11657,6.7863,126
6eee082f,13063,6.7863,150
735cbb7c,12248,6.7863,150
7acf30b9,12465,6.7836,150
3597a651,12370,6.789,150
291a694c,12096,6.789,150
39046286,17999,6.789,172
677e7a5,12367,6.789,150
590df8f9,12278,6.7918,150
18c63834,16361,6.789,172
1b8f896d,12595,6.7918,150
61a5d359,10355,6.7918,137
58565a07,13530,6.7918,150
2bd91dde,12959,6.7918,150
5846c05d,12600,6.7945,150
2c986ebb,13060,6.7945,150
3eb2289c,12675,6.7945,150
4bece23d,12528,6.7945,150
3fc8a8ea,12146,6.7945,150
7178dea1,13514,6.7918,150
67cf8f53,12945,6.7945,150
16dbe502,13537,6.7945,150
59abd39b,11906,6.7918,126
33472ccb,12133,6.7945,150
736970ba,12037,6.7945,150
4fd61d4,11629,6.7945,126
4d4777bc,11694,6.7973,126
71fa7ae3,12495,6.7973,150
4af75284,17902,6.7918,172
405c0e65,12097,6.7945,150
4d99a0eb,13546,6.7973,150
6aee507e,12749,6.7973,150
2fc0247b,12623,6.7973,150
59cc5ca8,12476,6.7973,150
c732995,11884,6.7973,126
295f4667,12753,6.7973,150
51b56aa3,18006,6.8,172
1de950ae,13523,6.7973,150
9505a0f,12489,6.7945,150
271d54a2,12272,6.8,150
28b240a3,12900,6.7973,150
38c0f1dd,11034,6.7973,143
5c6332d0,13626,6.7973,150
1c0f65f5,13797,6.8,150
576c21e8,11628,6.7945,126
41519141,12163,6.8,155
4f30746d,12093,6.8,150
44bbdfa6,11627,6.8,126
9ce2bd7,11761,6.8027,126
6e89d7d6,12395,6.8,150
22d64576,12271,6.8027,150
2e3d4fb4,12703,6.8,150
380ae865,14191,6.8027,150
4062fc20,11581,6.8027,126
6ee1ef75,17945,6.8,172
60f5a49d,11656,6.8055,126
7098b000,12260,6.8055,150
1f3e37b6,14034,6.8055,150
48ea5b8d,10313,6.8055,126
576df41,12056,6.8055,150
30db675f,12371,6.8055,150
5e366575,11035,6.8055,143
5ea8f84e,13901,6.8,150
77252808,13513,6.8055,150
1c2f482c,12491,6.8082,150
1d9e29a5,13697,6.8082,150
71df9b11,12468,6.8055,150
660a4424,11652,6.8082,126
38b15585,12098,6.8082,150
534cd005,13541,6.811,150
395774b8,11215,6.811,145
5eb91497,12621,6.811,150
681e1b59,17986,6.811,172
53b30b42,16554,6.811,182
672c4e74,11617,6.811,126
6b77e136,12544,6.811,150
3b11439e,10330,6.8137,126
55833269,12496,6.811,150
430889e2,12100,6.8137,150
82a63da,12213,6.8137,150
df0d345,18001,6.8137,172
3b0eaba6,12960,6.8137,150
41aca8e8,11618,6.811,126
466c6ea6,13810,6.8137,150
3bf921f7,11620,6.8164,126
1d03e102,18272,6.8164,1
5a187a87,12581,6.8137,150
1662731c,12718,6.8164,150
322d72d0,13524,6.8137,150
1711236d,12405,6.8164,150
11aef21,12478,6.8164,150
1518cb7c,18270,6.8137,1
10e7b050,10589,6.8192,126
4985eb6e,16881,6.8164,172
25c81ca8,12473,6.8192,150
6e7a1636,11155,6.8192,145
5791a378,12754,6.8192,150
481c1dd,13022,6.8219,150
2949942d,17946,6.8219,172
4ff1c4f1,12217,6.8192,150
15a13414,12423,6.8192,150
1f249054,14009,6.8247,150
7a298761,17889,6.8247,172
3bbe0299,12398,6.8247,150
27a3806e,14287,6.8219,150
1c3e02fe,12379,6.8219,150
2a9a8c97,12190,6.8247,155
404798f4,17895,6.8164,172
2b5ecbb4,12790,6.8247,150
617be997,12499,6.8247,150
6b838f68,12297,6.8247,150
5a60b526,13099,6.8274,150
36257566,13843,6.8192,150
4825a901,12540,6.8274,150
76acc6c3,12490,6.8274,150
60d74fc4,11690,6.8274,126
18f077d8,12789,6.8274,150
29ba94b5,13914,6.8274,150
34a95aa1,12919,6.8274,150
46b2bdfe,11541,6.8274,126
1197dffa,13818,6.8301,150
32e14361,12368,6.8274,150
11e1d136,14035,6.8301,150
51a18094,11885,6.8301,126
41abdebd,13548,6.8301,150
3c49f501,13077,6.8301,150
17a6a1fa,12372,6.8247,150
42cbcc7b,12373,6.8329,150
57402467,12912,6.8329,150
1fb34196,13558,6.8329,150
f23aeb,12380,6.8329,150
48c1c9dd,17985,6.8329,172
73e03609,12541,6.8301,150
a349e41,11156,6.8329,145
6f54841a,13029,6.8247,150
23fbf962,12575,6.8329,150
39dc9ba7,12570,6.8329,150
6aeec797,13557,6.8329,150
7bda8d43,12250,6.8301,150
9f8ac4f,13109,6.8329,150
3b7781c0,12191,6.8329,155
42478d3e,12148,6.8356,150
5e89389e,18282,6.8356,1
71960699,18002,6.8356,172
3dc04630,13582,6.8356,150
72b6179,17905,6.8329,172
431002cb,12299,6.8384,150
54ca8fff,10590,6.8384,126
41ca00de,12901,6.8384,150
15a9f931,13059,6.8384,150
48b8d14f,18299,6.8384,1
2ae7cc72,18028,6.8356,200
692285bf,12170,6.8384,155
36826da7,11635,6.8384,126
69174a13,18283,6.8384,1
332d4671,11691,6.8384,126
273d883a,12687,6.8356,150
5a4ffe1f,12441,6.8411,150
162605e8,12273,6.8384,150
95b6097,14288,6.8411,150
509cb103,12795,6.8384,150
d120248,13108,6.8411,150
1b2b8f72,12208,6.8384,150
3eb1350e,12576,6.8411,150
6c3cb597,12407,6.8411,150
591d15ba,12757,6.8438,150
2fa5cb1a,18277,6.8438,1
1e0a41f4,9762,6.8411,126
29a40e7e,17890,6.8411,172
203d96d0,18262,6.8438,1
2e5b372c,12413,6.8438,150
11bce7a8,12512,6.8466,150
5d75018a,17281,6.8466,172
54ab33a4,11692,6.8466,126
18ecb4f7,13561,6.8466,150
6e9b91e5,13538,6.8466,150
1b97a4ed,14194,6.8466,150
49451a67,12688,6.8466,150
162c9228,12554,6.8493,150
6b1ad716,14033,6.8493,150
19493c90,12926,6.8493,150
593c7729,11762,6.8466,126
13b80ca2,14038,6.8493,150
cdf1985,13575,6.8493,150
24a4f375,18024,6.8493,200
7faa002f,11695,6.8493,126
d656020,12152,6.8493,154
7a7b152d,13506,6.8493,150
d7da870,12557,6.8521,150
437b2259,12714,6.8521,150
307aa4fd,12597,6.8521,150
a4508e4,17978,6.8521,172
f84a792,12746,6.8521,150
25c1dafb,12102,6.8521,150
383da03,11631,6.8493,126
54834358,12414,6.8521,150
66bbcbc2,13190,6.8521,150
449bedd9,12304,6.8521,150
6fa6f1b3,12402,6.8548,150
72e86d86,13692,6.8548,150
4db429,10591,6.8548,126
4ab55dc2,13007,6.8548,150
51db9468,14001,6.8548,150
6d5cde45,12099,6.8521,150
9a8dc89,12689,6.8575,150
381d0467,12583,6.8548,150
554f54da,12755,6.8575,150
582615eb,18284,6.8548,1
55d3b253,13507,6.8575,150
1ad070f4,11218,6.8575,145
4a3e61f5,14023,6.8575,150
22dfac14,13653,6.8603,150
6ad6c336,13531,6.8603,150
73984948,12622,6.8603,150
21a2da7b,12492,6.8603,150
21e48a12,12946,6.863,150
4a10bf07,13853,6.863,150
1570155d,12713,6.8603,150
4963abb6,12269,6.863,150
5307b6a1,14196,6.8575,150
5dddb7f6,13865,6.8603,150
780069db,12411,6.8603,150
37a7095b,14019,6.863,150
d1c9534,12571,6.863,150
22e8280f,13547,6.863,150
760219ff,14060,6.8603,150
d37e855,17899,6.8658,172
2d5d579,12974,6.8658,150
619e2d7c,12986,6.8658,150
3a2b4fce,11615,6.8575,126
7351d51,12417,6.8658,150
35f238a2,13566,6.863,150
69ebf7e9,13591,6.8658,150
7beb8ff3,13525,6.8658,150
19205d78,12582,6.863,150
9c576ed,12277,6.8658,150
26352d11,13521,6.863,150
792e0c06,12399,6.8658,150
2a6265d,13804,6.8685,150
19f670ec,12545,6.8685,150
3b260f21,13819,6.8685,150
3474f0f1,13048,6.8685,150
6e50122e,12584,6.8712,150
7d3acec,12559,6.8712,150
2d88cdea,12973,6.8685,150
26dc907d,12744,6.8712,150
35bc1f2f,12104,6.8712,150
38af24b4,14052,6.8712,150
57bb8b7,12975,6.8712,150
2f9271b8,14144,6.8685,150
49f88a4e,13629,6.8685,150
397680f2,11886,6.8685,126
180cafe1,12400,6.8685,150
57af9dbe,12624,6.8712,150
441e0e3d,13050,6.874,150
1e34b069,12632,6.874,150
68321bb,13798,6.874,150
53931323,13630,6.874,150
6f30a758,12662,6.874,150
5beb2365,13631,6.874,150
3a8fd4d1,12979,6.8685,150
661ec7c1,13590,6.874,150
44fa4f5a,12160,6.8767,154
fbb46ed,12585,6.874,150
655b2a25,11609,6.8767,126
636d393b,12443,6.8767,150
631edeae,12274,6.8767,150
419e48ff,13705,6.8767,150
6729cde0,14146,6.8767,150
713fdec0,13813,6.8767,150
24666224,13542,6.874,150
18506e8f,13543,6.8767,150
313fe6a8,13588,6.8767,150
4856d4ce,12747,6.8767,150
3ef9f791,12523,6.8795,150
2999c528,12406,6.8767,150
3226f282,13885,6.8795,150
30ef39d4,13849,6.8795,150
56492e8f,14104,6.874,150
7ce248c8,10592,6.8795,126
677fd03e,13295,6.8795,150
d567dba,12616,6.8795,150
14d39084,12813,6.8795,150
3d21d98d,10593,6.8822,126
6a0159bd,12301,6.8822,150
6f36049d,12279,6.8767,150
624b775e,10356,6.8795,137
1fcb5bb,11222,6.8822,145
26936117,12437,6.8795,150
3f79b393,12062,6.874,150
4765ec96,12756,6.8822,150
5fd5d970,14145,6.8822,150
983cfb,12812,6.8822,150
64ad103e,12501,6.8795,150
303c7250,12485,6.8822,150
163ac213,14047,6.8849,150
5637301b,12511,6.8849,150
4608e318,14289,6.8795,150
675597fd,14208,6.8849,150
266b1008,13032,6.8822,150
1b706c3d,12560,6.8849,150
2acbc81b,12715,6.8822,150
187f4c5e,13078,6.8877,150
6aa1bd0b,13805,6.8877,150
8cdb269,13072,6.8877,150
210025dd,12502,6.8877,150
5f159aa5,18007,6.8877,172
69a35615,12503,6.8849,150
2bea1a4c,13110,6.8849,150
4cc4a3df,12517,6.8849,150
752f70e5,12403,6.8877,150
6cca5957,12162,6.8877,155
1f7936d9,11157,6.8877,145
64ba6700,12716,6.8904,150
2a00a63a,10357,6.8904,137
34e8ac41,14200,6.8904,150
62169844,13100,6.8904,150
d89ea13,12375,6.8904,150
5c580e02,14037,6.8904,150
33371a14,12740,6.8932,150
65ae2d55,13568,6.8932,150
63985e8a,12796,6.8932,150
529bc487,12874,6.8932,150
108075b5,12613,6.8932,150
77241deb,12929,6.8932,150
1bec2a0b,12374,6.8932,150
f3c78a6,12282,6.8849,150
38f2a3a,13639,6.8932,150
10b1ca23,12425,6.8932,150
280107d5,12667,6.8959,150
57635b14,13049,6.8959,150
22fe8aa,13852,6.8904,150
6af7164c,18033,6.8959,200
9e8bff4,17996,6.8959,172
7d8f3315,12303,6.8959,150
5f0f8e5e,16116,6.8986,172
156f9a48,13827,6.8986,150
662aafc,13828,6.8986,150
7c468ef0,12743,6.8959,150
62b8a389,14209,6.8986,150
2bb475ad,13821,6.8932,150
5828e524,12578,6.8986,150
302f8ce4,14342,6.8986,150
2309f557,13919,6.9014,150
6bf0cec8,12819,6.9014,150
1a258a11,13070,6.9014,150
fb09863,13092,6.9014,150
4c739cd4,13192,6.9014,150
776112,17907,6.9014,172
6cb89f06,12497,6.8986,150
1340a48,12676,6.8959,150
1538ad7,13101,6.9014,150
75989c22,13023,6.8986,150
51963315,13064,6.9014,150
1ce8b41,17918,6.9014,172
7be067cc,12943,6.9014,150
6ad2a7c4,14053,6.9041,150
639662db,18026,6.9041,200
63ccb82,12218,6.9041,150
42ba5537,12412,6.9041,150
5fa27a85,18300,6.9041,1
78bbed5e,13688,6.9068,150
3fccf4ff,14197,6.8986,150
405f8845,12668,6.9068,150
505c6e94,12427,6.9041,150
1ce65048,12058,6.9041,150
44553427,12748,6.9014,150
289f26d9,12677,6.9068,150
3e2ba7b7,12302,6.9068,150
21f6f299,12256,6.9068,150
78749148,13922,6.9068,150
5e739e0e,14304,6.9096,150
4b6f681c,12219,6.8986,150
65250529,12553,6.9041,150
8bce1a6,12741,6.9096,150
541edf28,13079,6.9096,150
6e69448e,12105,6.9096,150
6481623f,12275,6.9096,150
20d960b,12442,6.9096,150
29402fcb,12486,6.9096,150
469e5a94,13706,6.9096,150
63a748de,12283,6.9068,150
51ad1845,13802,6.9096,150
a5c808f,14039,6.9096,150
645b3af0,14064,6.9123,150
ba42cde,17984,6.9123,172
4844033b,17908,6.9096,172
23327416,14305,6.9123,150
174cc01e,12270,6.9123,150
2afdf4bd,12500,6.9123,150
63da7469,11621,6.9123,126
1a2e47d7,12477,6.9096,150
95efe0,13668,6.9123,150
14f6a081,18032,6.9123,200
8861452,12751,6.9096,160
7dea2d35,13902,6.9123,150
30b7a920,10325,6.9123,126
25af386b,18273,6.9123,1
2f11f3e9,12212,6.9123,150
418ad318,13982,6.9123,150
4179f88,12792,6.9151,150
6e4a7218,12678,6.9151,150
2bd28a05,12633,6.9151,150
70a9c350,13527,6.9151,150
26a1c8f6,12930,6.9151,150
16df409d,13103,6.9123,150
7b5dd756,11219,6.9151,145
31a4cd29,12308,6.9178,150
977ff4a,18271,6.9178,1
75f2db8f,13123,6.9178,150
7359daf3,12246,6.9178,150
36cadec3,14018,6.9178,150
1e044694,12666,6.9178,150
9de0df8,18031,6.9151,200
3fe52e26,12927,6.9205,150
51fed318,12733,6.9205,150
5fb9c3df,13844,6.9205,150
63b50e5a,14011,6.9205,150
10005a9c,13343,6.9205,150
1afd6e19,17915,6.9205,172
cffe77e,14203,6.9178,150
1d496a05,13532,6.9205,150
15febe7f,12484,6.9205,150
56c56028,18304,6.9205,1
27b9514f,13581,6.9178,150
6d3648c6,12415,6.9123,150
540e86d1,9763,6.9205,126
2c1d717,14348,6.9205,150
7ff82347,12179,6.9205,155
6f06c856,14020,6.9233,150
122636de,13125,6.9233,150
323e1245,12426,6.9178,150
3ecb127a,12431,6.9205,150
97ecff,14036,6.9205,150
23a4aaf5,13627,6.9233,150
614a38fe,12580,6.9233,150
774ae6f,13829,6.9233,150
172d061,12416,6.9233,150
6906ee0,13707,6.9205,150
38bb4a6a,12251,6.9205,150
3e4ebc8a,13056,6.9233,150
ef3fe75,12418,6.9233,150
50261539,12625,6.926,150
2c562e12,13584,6.926,150
4e5cc9e8,13083,6.926,150
5bd8645,14024,6.926,150
142cd0d1,12779,6.926,150
9175af8,12686,6.926,150
5eb85d12,13567,6.926,150
21acd1bb,14075,6.926,150
1a8ef713,13073,6.9233,150
76419de6,12300,6.926,150
2ffec5d,11653,6.926,126
48caf465,14149,6.926,150
3a921ff5,13539,6.926,150
96142c5,13560,6.926,150
2bb2ede3,12745,6.926,150
4e076b5b,12962,6.926,150
51f1d722,14333,6.926,150
5ff567d2,13128,6.9288,150
7f2c40bb,12944,6.9288,150
260a3aac,13906,6.9288,150
7b36175e,12598,6.926,150
78420597,12778,6.9288,150
d6ae477,13905,6.9233,150
7e4c3648,12106,6.9288,150
42575c95,13855,6.9288,150
729834b9,13583,6.9315,150
527d6a3f,12596,6.9315,150
193a0bc9,13534,6.9288,150
713ccbc4,17947,6.9315,172
2b2fc0c8,14002,6.9315,150
52f2a012,11632,6.9315,126
12ba6b00,12197,6.9315,155
5b974edd,12469,6.9288,150
4ce2cc80,14195,6.9315,150
11b42cf0,12227,6.9342,150
1566249c,17919,6.9342,172
edcd99d,12432,6.9342,150
191e6c54,13184,6.9342,150
a54db6c,13991,6.9342,150
583df61c,12446,6.9342,150
3604f78f,18263,6.9315,1
1e1cdb61,14010,6.9288,150
393dba60,18025,6.9342,200
5d60332c,13820,6.9342,150
63e1e70b,11763,6.9342,126
4daab10a,12801,6.9288,150
9f74bef,13113,6.9342,150
3ecdc1db,12942,6.9315,150
488f7016,13006,6.9342,150
13bf474f,11764,6.9342,126
6a7792d8,12108,6.937,150
642f922,14152,6.937,150
35d97236,13405,6.937,150
654abe4f,13640,6.937,150
5064b4e3,14044,6.937,150
337d116c,12226,6.937,150
226775c8,12171,6.937,155
5c51eb70,18003,6.937,172
6c598e73,12178,6.9315,155
377404e5,17891,6.9342,172
2e24eef6,17909,6.9342,172
7d7d8a29,12498,6.9342,150
5df7b9e3,13785,6.937,150
4ab3dd94,14016,6.937,150
66fa62f3,12101,6.937,150
43e9c96a,12690,6.9397,150
52543ffc,12428,6.9397,150
320cacf4,12220,6.9397,150
2f5a788b,11582,6.937,126
5bd40156,13106,6.9397,150
4bb7c51,13641,6.9342,150
6607885c,12791,6.937,150
6b28bf6f,12546,6.9397,150
2f5837cc,13643,6.9397,150
4c64efdd,13132,6.9425,150
1870d629,12493,6.937,150
4f4cb2df,13559,6.9233,150
15539602,12637,6.9425,150
3b2e8000,13533,6.9425,150
2571c8d2,10595,6.9425,126
f815ce9,12164,6.9425,155
6eb389d,13850,6.9425,150
490a86c0,13549,6.9425,150
6f78c92,12605,6.9397,150
6296e06b,12295,6.9397,150
73194e90,13352,6.9452,150
67f58ec4,14316,6.9452,150
38056d77,13074,6.9452,150
2524d031,11887,6.9452,126
70e4f946,12401,6.9452,150
34a1d995,12254,6.9425,150
3b2cda30,12547,6.9452,150
285166f7,14013,6.9452,150
751988dd,13894,6.937,150
2bf79e94,13516,6.9425,150
7c8e7c65,13867,6.9479,150
33c62e50,12726,6.9452,150
212ed49e,13703,6.9479,150
2eb6892,12769,6.9479,150
157f4565,13689,6.9479,150
49159963,13704,6.9479,150
78e64122,13693,6.9479,150
1a1d7efb,12221,6.9479,150
4dc0d302,12210,6.9479,150
71980522,13522,6.9425,150
4204bcce,13185,6.9452,150
1a458c0d,12868,6.9479,150
14b68dd0,13008,6.9507,150
b3e53e0,12449,6.9507,150
e50a8d1,12870,6.9507,150
7b0da64e,13404,6.9452,150
37a5f38d,13644,6.9507,150
24abd5b6,18301,6.9479,1
8e92563,12645,6.9507,159
396f1b41,13847,6.9507,150
a16e572,13299,6.9507,150
41056ff1,13983,6.9507,150
3b0172dd,16117,6.9479,172
61fda20c,14015,6.9479,150
77d457ab,13634,6.9507,150
4ad40156,13907,6.9507,150
aeb769e,13690,6.9479,150
20a46e4d,13748,6.9507,150
17741edd,12306,6.9507,150
2044851a,14097,6.9534,150
2ca5aedc,12063,6.9534,150
7999cdec,12429,6.9534,150
132dad38,13969,6.9534,150
7151653c,12773,6.9534,150
17459612,12281,6.9534,150
1846640d,17921,6.9534,172
16970968,12103,6.9534,150
3ed7a8b8,12447,6.9562,150
4d1d61f6,17987,6.9562,172
21d650fb,12725,6.9562,150
5fec6d94,18010,6.9507,198
6422857d,13846,6.9562,150
1a7390,13657,6.9562,150
74d93638,12479,6.9562,150
4a500cd8,13960,6.9534,150
30a2d59b,12305,6.9562,150
5912dce1,12664,6.9589,150
652e9a9a,14021,6.9589,150
15d7e22f,12653,6.9589,150
5f2b1a81,12948,6.9589,150
10112051,12842,6.9562,150
17a9283,13080,6.9562,150
2b16de19,13586,6.9589,150
4e50db61,10333,6.9589,126
2c6e36e8,13177,6.9534,150
35e4989c,12797,6.9589,150
605ffa29,13093,6.9589,150
66930004,12630,6.9589,150
7d24062d,13139,6.9589,150
2020b617,13033,6.9616,150
465aba13,14040,6.9616,150
3111eaf7,13107,6.9589,150
2e00d04e,11583,6.9616,126
73c8becd,13391,6.9616,150
46e30a21,12758,6.9616,150
567d2ead,13081,6.9589,150
688530c7,13578,6.9616,150
40af0f39,13786,6.9616,150
76a7ef37,12225,6.9589,150
4910af08,13658,6.9616,150
8d2bde5,17979,6.9616,172
303cad01,13585,6.9616,150
79ab2266,12183,6.9616,155
358faab4,12196,6.9616,155
7343a79f,12192,6.9616,155
282f0475,12247,6.9644,150
a5384db,14192,6.9644,150
7daee0d4,12872,6.9644,150
5d364515,12903,6.9644,150
15a49e0d,13408,6.9644,150
45783c60,12869,6.9644,150
4fdacc5b,12549,6.9616,150
6d375165,12981,6.9589,150
202b2658,17920,6.9589,172
2b6dd068,12711,6.9644,150
7b7127c9,12719,6.9644,150
114e80a6,12223,6.9644,150
15d125d3,13551,6.9616,150
62a087e6,13075,6.9644,150
302d842a,14098,6.9644,150
1d1ba6f8,13593,6.9644,150
c708b26,12964,6.9644,150
75107516,13328,6.9671,150
1caaed26,14157,6.9671,150
103e80a2,12061,6.9671,150
cfa7efe,12434,6.9671,150
c5dc0cb,13814,6.9671,150
43dfffd6,13577,6.9671,150
4fc43dd,13916,6.9671,150
72b23e91,13432,6.9671,150
166d8bf5,13054,6.9644,150
74544a6b,13888,6.9699,150
2d40520c,13140,6.9699,150
12500d97,12774,6.9671,150
7175effa,18018,6.9671,199
b3de002,12680,6.9671,150
5dece41c,12470,6.9699,150
4fc26683,12408,6.9699,150
9892768,12669,6.9699,150
11e71335,12825,6.9699,150
11965abe,12742,6.9671,150
75cf957e,18302,6.9671,1
4f3953df,13687,6.9699,150
1393d2c5,13552,6.9726,150
307339a3,12504,6.9726,150
391e2eb6,14198,6.9726,150
784efb56,12209,6.9726,150
3c3c35e1,12590,6.9726,150
31b4cd59,13034,6.9726,150
5f0d9ad0,13018,6.9671,150
182344ed,12681,6.9726,150
47b92767,13449,6.9726,150
6f749c7c,13137,6.9726,150
4b456264,18274,6.9726,1
5000a2c1,13114,6.9699,150
3656f785,13564,6.9753,150
54450172,18027,6.9753,200
d4e161d,13380,6.9726,150
1a87cce8,14017,6.9753,150
1801e779,12977,6.9753,150
4dc24812,13090,6.9753,150
7c972f67,13144,6.9753,150
30414149,12983,6.9753,150
14852b25,13379,6.9781,150
613764b6,13356,6.9753,150
3283ce3,12177,6.9781,155
5cf5764c,14058,6.9781,150
43af6f25,12604,6.9781,150
66842f92,14154,6.9726,150
5b65ec64,13904,6.9781,150
19681ccf,13866,6.9781,150
6e584eb8,18029,6.9781,200
2967045e,13510,6.9781,150
5d95dbda,13138,6.9753,150
4423ac3,12648,6.9753,150
66c78220,12587,6.9781,150
28c3997d,13601,6.9781,150
39173dcf,13091,6.9753,150
4aaf7a3c,13565,6.9781,150
5f2ed588,13071,6.9808,150
6b92b761,17910,6.9808,172
6beb0699,12631,6.9808,150
777ac131,14057,6.9781,150
5a24ff42,13870,6.9808,150
730fe31b,12654,6.9781,150
6ec4e242,13104,6.9808,150
dd86ba4,13642,6.9808,150
4072ed2f,13375,6.9808,150
3eb47b48,14071,6.9808,150
43175d33,12928,6.9808,150
4f8c6971,13825,6.9781,150
1c7ae6f,13105,6.9836,150
1cb4eb24,13681,6.9836,150
6533c344,13628,6.9836,150
49d8f972,12663,6.9836,150
95c0299,12980,6.9808,150
75d082f0,13102,6.9836,150
4e06aaa5,18016,6.9836,199
30ab4952,12982,6.9836,150
33e30f3f,13648,6.9836,150
355469c2,12717,6.9808,150
7c54d880,12376,6.9836,150
3b491573,13296,6.9836,150
4a7fd7e8,13127,6.9836,150
7a52426b,13198,6.9836,150
31571f80,13517,6.9836,166
27db6a11,12721,6.9808,150
544a0114,13055,6.9836,150
60be5ce2,12307,6.9808,150
341d8723,11220,6.9836,145
691ce46a,12180,6.9863,155
5083fc2a,12799,6.9863,150
156b80ba,14147,6.9808,150
112d71a2,13381,6.9808,150
3e67629,12419,6.9863,150
15fb0083,13053,6.9863,150
3fe84e18,14216,6.9863,150
d57fd8b,12181,6.9863,156
44f0d2cb,12735,6.9863,150
3eaa1b96,13654,6.9863,150
ecd6554,14201,6.989,150
3c446aa3,13182,6.989,150
7ee0916a,13563,6.9863,150
1078438b,13962,6.989,150
757a7315,12802,6.989,150
35594d88,12984,6.989,150
53682856,13324,6.989,150
2ff3ff3f,12586,6.9836,150
6af41e6b,12722,6.9863,150
10e5a99e,13698,6.989,150
42d3c412,11584,6.9863,126
6497e586,14204,6.989,150
7dda3848,12202,6.989,155
7fad7449,12294,6.9863,150
2efaa4dc,12987,6.989,150
3a0e7ac2,12588,6.9863,150
2edaa839,13518,6.989,166
13ce5d25,12646,6.989,159
37dc83d,14072,6.989,150
5ac25d85,12280,6.9918,150
4f61e81a,12298,6.9918,150
29d8e6d8,13806,6.9918,150
14019fa5,13095,6.9918,150
6f61667c,13651,6.9918,150
ea729c0,12065,6.9918,150
4e463136,13124,6.9918,150
56a263ec,14172,6.9918,150
3214adc2,13329,6.9918,150
5ca6b69,13576,6.9918,150
7afa2567,12176,6.9918,155
3f8284d7,18289,6.9918,1
286f4458,12734,6.9918,150
1e506254,13199,6.989,150
7ea8e31f,12950,6.989,150
1fce9343,14313,6.9945,150
555230b0,13973,6.9945,150
7ff9d805,13158,6.9945,150
7eddb2f1,12785,6.9945,150
2c4264f6,14043,6.9945,150
154bca7a,14029,6.9945,150
51d8bfd3,12284,6.9945,150
4281d523,13385,6.9945,150
4b08ef92,14022,6.9945,150
7ddb7c51,13069,6.9918,150
3608618a,13803,6.9918,150
3c5625a3,13636,6.9945,150
40ae0d48,12480,6.9945,150
223a66bf,13349,6.9945,150
6ede8716,12670,6.9945,150
48c15768,13848,6.9945,150
3db07bcb,13433,6.9945,150
4c4efd5c,12902,6.9918,150
a98a12e,13645,6.9945,150
56b225f4,13934,6.9945,150
140a425d,13971,6.9973,150
2a5a1d34,12222,6.9973,150
11c5b13e,13787,6.9973,150
6e6d1757,13807,6.9973,150
60f4752a,14160,6.9836,150
569fbb77,13854,6.9973,150
d46794f,13115,6.9973,150
10410353,12878,6.9973,150
6a881fd2,13650,6.9973,150
56780ffc,14251,6.9973,150
7d974247,12636,6.9973,158
65549d3d,12877,6.9973,150
4f8868ca,13030,6.9973,150
585eda86,10607,7,126
59199928,13129,6.9973,150
1edb6d36,13556,7,150
6b1881d1,12765,6.9973,150
5fa7a6a5,12182,6.9973,155
5f119053,14335,6.9973,150
53e54ba3,12453,6.9945,157
46a0482e,10594,6.989,126
2ae0e74f,12759,6.9945,150
3d73f11,12109,7,150
61a72340,10606,7,126
1866d484,12448,7.0027,150
5c431e9e,12992,7.0027,150
79bd409c,12827,7.0027,150
66d68db0,13350,7.0027,150
3eb30f09,12931,7.0027,150
10df3eaf,13214,7.0027,150
542c75c4,14332,7.0027,150
6c5d9fc,13301,6.9973,150
20a8456a,14254,7.0027,150
49eb2d96,13972,7.0027,150
59c41d98,13550,7,150
7edef33a,13409,6.9973,150
567cdf24,12252,7.0027,150
302f9e15,12821,7.0027,150
349d4394,11612,7.0055,126
267f31af,12228,7.0055,150
240a5f0c,12420,7.0055,150
2d443f94,12728,7.0055,150
1d7140e7,12762,7.0055,150
5ba13686,13917,7.0055,150
284f5f13,12309,7.0055,150
432e313e,12875,7.0055,150
5a2916c8,13562,7.0055,150
66a14df5,13341,7.0055,150
35aaf468,13826,7.0055,150
391ed5d6,13089,7.0055,150
2e7fdc6a,14153,7.0027,150
32d36ee5,14320,7.0055,150
1ceabf5a,12193,7.0082,155
7e81011b,13461,7.0082,150
31fedb78,13344,7.0082,150
61b2dda1,18265,7.0082,1
28ebaea2,12591,7.0055,150
5e14fb7d,12649,7.0055,150
1976cedc,13800,7.0082,150
475daf6b,14045,7.0082,150
6ede4786,14334,7.0082,150
1b357a41,13067,7.0055,150
5e472a0e,13453,7.0082,150
6203b549,13439,7.0082,150
5e53b342,13637,7.0082,150
4dac97fb,13984,7.0082,150
51521bbf,14317,7.0055,150
618594a6,12968,7.0082,150
1e53dc22,13111,7.0082,150
37e9935c,12389,7.0082,150
7627f9fd,14161,7.011,150
3bca733b,13918,7.011,150
3b781aac,13808,7.0082,150
40700dec,13134,7.011,150
9d1ec0e,13351,7.011,150
49ece84d,14054,7.011,150
616a05a4,14355,7.011,150
7ccfa6fe,13195,7.011,150
1abcde5f,12736,7.011,150
2d9388cf,13822,7.011,150
5ae3af89,18011,7.011,198
29b0ba,13607,7.011,150
5c548947,13440,7.0137,150
6d22e04c,13526,7.0137,150
11908591,12438,7.0137,150
a8dc732,13046,7.0137,150
24b34557,12064,7.0137,150
5648efcd,13886,7.0137,150
2eae5af2,13887,7.0137,150
54f4ffeb,12976,7.011,150
415d44e9,12634,7.011,150
50fafd88,13649,7.0137,150
229f7f84,14065,7.0137,150
745dc5a,12904,7.0137,150
cdf54af,13218,7.0137,150
7f27e978,12883,7.0137,150
54f69079,13646,7.0137,150
60cc31d9,13708,7.0137,150
53e721d2,13554,7.0137,150
25eb6d2d,14349,7.0164,150
2a4fe39a,12884,7.0137,150
69481d66,13436,7.0164,150
65c73cc1,13868,7.0164,150
5d20d58,12255,7.0164,150
6fd14581,12445,7.0164,150
11adcf53,13967,7.0164,150
4d50c893,13840,7.0164,150
58fdb4ac,12952,7.0164,150
3de50f7f,12775,7.0164,150
115c7bb,12665,7.0164,150
42cd98c7,13951,7.0164,150
912d45d,14202,7.0164,150
3cff4907,12985,7.0164,150
5b505d0,13357,7.0164,150
3507a763,12641,7.0192,150
29f42710,18012,7.0192,198
7d19949,12978,7.0192,150
187e05d2,12846,7.0164,150
480c661a,12727,7.0164,150
395e0199,13974,7.0192,150
2b4ec20c,14099,7.0137,150
5e0fd0ab,13966,7.0192,150
409436f4,13632,7.0164,150
5ddb709c,12671,7.0164,150
35e3be60,13678,7.0192,150
19b55d61,13434,7.0192,150
1549baff,13112,7.0192,150
1e0fadd3,12672,7.0192,150
18d6611e,17917,7.0192,172
30eedcda,13219,7.0219,150
5e3f94de,13892,7.0219,150
6828167a,18020,7.0219,199
b2a5f99,13889,7.0219,150
d433efa,12780,7.0219,150
5af354f3,13382,7.0219,150
20df0173,18005,7.0219,172
661111be,12949,7.0219,150
4e2240c0,12804,7.0219,150
2e68f724,12602,7.0219,150
172d180a,12692,7.0219,150
4fa15705,12695,7.0192,150
21d323ae,14162,7.0247,150
7d2b5314,12296,7.0219,150
2b9f9f3,14231,7.0247,150
47e59fde,12439,7.0247,150
7f130adf,12720,7.0192,150
588745da,12165,7.0247,155
153c5958,14250,7.0219,150
7e4c3f4e,14148,7.0247,150
19ee97aa,13509,7.0247,150
528e0ef0,14143,7.0247,150
7b25a8d8,13297,7.0247,150
44fdc2be,13394,7.0247,150
ca4c87d,12433,7.0247,150
138d30e8,13009,7.0247,150
7eb3b6f4,13302,7.0247,150
2886a292,12820,7.0247,150
24b70df,10605,7.0192,126
5843b8de,12750,7.0192,150
78bb1a0e,13594,7.0247,150
1bdc07fb,18004,7.0247,172
6d3a420,12873,7.0247,150
5fc7f1ad,13535,7.0247,150
73c4262e,14277,7.0247,150
7f0cfb31,14078,7.0247,150
414d8f4,13831,7.0274,168
1ffd8ef2,12970,7.0274,150
65a943e1,14212,7.0247,150
3c82a8c7,13477,7.0274,150
7fd75e39,13126,7.0247,150
679af781,13237,7.0274,150
1e4c7155,13154,7.0274,150
4d9beb4,12409,7.0274,150
6d8c649d,14210,7.0274,150
575b02d5,14193,7.0274,150
45eb40fe,14158,7.0274,150
3a04c836,13985,7.0274,150
3692dcaf,14096,7.0247,150
73717ad2,12214,7.0274,150
4367adc2,13824,7.0274,150
5c94f9e0,13596,7.0274,150
7cc32179,12826,7.0274,150
2da83c1b,13415,7.0274,150
49c63d9,17926,7.0274,172
7aebc735,13579,7.0274,150
43b4fc98,13213,7.0274,150
125ad146,12201,7.0192,155
14b7a71,14100,7.0274,150
64e65bc8,14012,7.0274,150
44ca5cd2,12059,7.0247,150
3037e26,14067,7.0301,150
2775c31c,13920,7.0301,150
1e9bd4c0,12589,7.0301,150
7db7bd71,14295,7.0274,150
56f5cc64,14150,7.0274,150
72a889ec,12905,7.0301,150
2bd98114,12452,7.0301,157
33332807,13377,7.0274,150
3a57705e,12732,7.0301,150
7a4b0e50,12184,7.0301,155
1dfde12c,13608,7.0247,150
37a49184,13571,7.0274,150
3670d2ae,18264,7.0329,1
654ae81e,12166,7.0329,155
64626095,12310,7.0329,150
14eb73be,12194,7.0301,155
666d048e,13145,7.0329,150
75d69176,13149,7.0329,150
4503c8c0,13307,7.0329,150
53c405a1,14328,7.0329,150
a3a255d,12876,7.0329,150
47d09e0,12198,7.0329,155
45616538,10600,7.0301,126
732059b7,13924,7.0301,150
1efff09c,12697,7.0329,150
45b42ed3,12752,7.0329,150
29ea1d8c,13789,7.0329,150
70c7d16c,12793,7.0301,150
676cf52c,12200,7.0329,155
6f6824d,12173,7.0274,155
7761acad,14101,7.0329,150
62d0f6f6,13201,7.0329,150
1eaf2aad,14102,7.0329,150
1baf915d,12440,7.0356,150
1bead291,12798,7.0329,150
29bcdf4b,12783,7.0356,150
4cbeebcc,13133,7.0356,150
2b7cae7f,12691,7.0356,150
51fdde0f,11221,7.0356,145
664f8fdb,14365,7.0329,150
294642de,17922,7.0356,172
3594b1d9,13354,7.0301,150
129d2cb1,18009,7.0356,172
5c5c77cb,13191,7.0384,150
46770acc,14048,7.0384,150
5d3cf06e,12067,7.0329,150
263fb7dc,12635,7.0384,150
19e27eff,12839,7.0384,150
67bd3665,13178,7.0384,150
5d38057c,12195,7.0384,155
662d850,12963,7.0384,150
c7d5be5,14329,7.0384,169
54dcce0c,13851,7.0356,150
2fd5a11,14322,7.0384,150
127803b0,12696,7.0356,150
1f73acd7,12770,7.0356,150
f434731,13877,7.0384,150
6987974f,14211,7.0384,150
14265bc,13682,7.0384,150
38f220e1,12776,7.0384,150
48965f25,12643,7.0411,150
3557457,13930,7.0384,150
3db8468,13143,7.0411,150
163ad1c3,13519,7.0411,166
5e46dbcd,14321,7.0411,150
6d9f1f82,13893,7.0411,150
435211a4,14030,7.0384,150
51afe3f7,13435,7.0411,150
6af2c06,13094,7.0411,150
22cb611a,13987,7.0384,150
31f03f6e,12203,7.0411,155
1208273b,13841,7.0384,150
1d4ada62,13832,7.0411,168
7970d259,14041,7.0329,150
3984a07d,12608,7.0411,150
746891d0,17911,7.0411,172
6a0849d8,18019,7.0438,199
60df1e3c,13314,7.0438,150
4496af35,14356,7.0438,150
4587097,13978,7.0438,150
423f244a,13463,7.0438,150
1035dc05,12381,7.0438,150
65df6eec,14066,7.0411,150
3b8b5fe4,17927,7.0411,172
271087a0,12965,7.0438,150
f7e5c13,12994,7.0438,161
7e60a5ce,13462,7.0438,150
6dbcb8a5,13470,7.0438,150
1ff5a199,13376,7.0438,150
739a37f,13684,7.0438,150
f179344,12843,7.0438,150
3cfb1840,14350,7.0466,150
77e0be53,13220,7.0466,150
41185508,18290,7.0466,1
28164b3,12205,7.0466,155
3a2dd630,12606,7.0466,150
8e65185,14301,7.0438,150
557afb25,13663,7.0466,150
6cbb61c1,14106,7.0466,150
1f565ce,13217,7.0466,150
316cb340,13082,7.0438,150
697b5354,13300,7.0466,150
6f08d94b,12782,7.0438,150
da7927d,13378,7.0466,150
1dd82a3,10601,7.0438,126
5236be63,12828,7.0438,150
3b400ecc,14336,7.0466,150
4450c476,12057,7.0466,150
1601300,12651,7.0466,150
274a983c,13183,7.0466,150
1901a58,13944,7.0466,150
3612d6c2,13051,7.0466,150
1f7983ca,13570,7.0493,150
2474d887,13303,7.0493,150
51d82caa,13633,7.0493,150
2537448b,13955,7.0493,150
5b32229,13326,7.0493,150
21cbe1d9,14025,7.0493,150
2a260e49,12187,7.0466,155
68836d55,13988,7.0493,150
2030a6d1,12316,7.0493,150
56079686,13927,7.0493,150
5435dc21,13595,7.0493,150
4bb9d930,13709,7.0521,150
57870804,13116,7.0521,150
3dde17d4,13990,7.0521,150
1caba2f3,12199,7.0521,155
6f71b99,12854,7.0521,150
47f0009a,13869,7.0466,150
4285210d,13450,7.0521,150
2d2dc671,14027,7.0493,150
23fc0425,14344,7.0521,150
3d450c0c,13464,7.0493,150
600014b7,13360,7.0521,150
6841ece5,14049,7.0521,150
27333cfd,13661,7.0521,150
6f5773f7,13215,7.0521,150
4cd5ec5f,13679,7.0493,150
f88a5fa,13572,7.0493,150
2d0037f9,13834,7.0521,150
6f4dbd10,13710,7.0521,150
b83d635,14337,7.0521,150
9d35600,10608,7.0548,126
51a7a0d0,14181,7.0548,150
327319af,14330,7.0548,150
781edd6e,14298,7.0521,150
7a394a40,13035,7.0548,163
1674d4f7,12800,7.0521,150
7a21fd99,13876,7.0493,150
3ce009f7,11613,7.0548,126
329b56a8,12679,7.0521,150
1fa9b845,14324,7.0548,150
77ee7f7,13928,7.0548,150
2c061f1,13010,7.0548,150
11808821,13675,7.0548,150
32a3ce32,13420,7.0548,150
1b9b6387,12786,7.0548,150
4a148c91,13052,7.0548,150
e30d620,14338,7.0521,150
6676ef58,13881,7.0548,150
6738c58e,13857,7.0548,150
4bc65505,14226,7.0548,150
43cf1b8b,13084,7.0548,150
12123085,13478,7.0548,150
332783fc,13061,7.0548,150
4ab086e0,13811,7.0575,150
7198df7e,17916,7.0521,172
720d5fd0,12993,7.0575,150
7dba0a0e,13989,7.0575,150
33f314df,12386,7.0575,150
4275ef0,13544,7.0575,150
1ccc627b,13200,7.0548,150
310be196,13041,7.0575,163
1af54e84,13953,7.0575,150
249b43f4,13751,7.0548,150
26d45602,13423,7.0575,150
5bbb32a6,14103,7.0548,150
35526f16,13437,7.0575,150
5639656,12167,7.0575,155
5072ca0a,13671,7.0575,150
7b99f1ed,13926,7.0575,150
7935d23a,14360,7.0575,150
5f3938d5,12845,7.0575,150
627aebc5,12771,7.0575,150
46f1d442,13680,7.0521,150
725343e8,13670,7.0603,150
25a0eb9a,12069,7.0575,150
3349806b,12822,7.0493,150
7b521184,12814,7.0603,150
13f65105,13711,7.0603,150
58270a5,13471,7.0603,150
312884da,14323,7.0575,150
19dc7453,17923,7.0603,172
4e1d004c,13088,7.0548,150
2528f63a,12436,7.0603,150
477f5e3,12763,7.0603,150
718cafe3,14223,7.0603,150
61e867fb,14240,7.0603,150
7767770b,14241,7.0603,150
57b5cefe,14165,7.063,150
34ee23b5,14306,7.063,150
354e6b14,13036,7.0603,163
e2d48b3,13146,7.0603,150
6a0bafed,13011,7.063,150
60ee7dfe,12230,7.063,150
1a4a0d22,12824,7.0603,150
63f1e2ab,12885,7.063,150
2521230a,12609,7.0603,150
1dc2c314,12861,7.063,150
412d9fcd,12610,7.0658,150
bc4a9d7,13587,7.063,150
674ce6be,13238,7.0658,150
4b59b02e,12603,7.0603,150
6d745235,13931,7.0603,150
54f20ef,13589,7.0658,150
39d7025,17925,7.0658,172
26a70b7,14271,7.063,150
66a78d7f,13203,7.063,150
5b52a206,12880,7.0658,150
37bef203,14318,7.0658,150
48830a6d,12852,7.0658,150
487a6cd5,12777,7.0658,150
4ea46d34,14151,7.0603,150
14b2cdea,12174,7.0603,155
262d213a,12390,7.0658,150
3cd33106,12257,7.0658,150
1e6371ad,13837,7.0658,150
44327d73,13880,7.0685,150
5f35ade4,13442,7.0685,150
3215a6fb,12229,7.0685,150
304af0ce,13186,7.0685,150
6744ca51,12285,7.0685,150
15ec01d0,19729,7.0685,206
ad15fe8,14217,7.0658,150
577c18c8,13392,7.0685,150
6d7a12fc,13788,7.0658,150
2cad4b40,12953,7.0685,150
593a3d84,14214,7.0685,150
59941754,13175,7.0685,150
64c40368,14232,7.0658,150
22f5a3fb,12969,7.0712,150
2a2b6c3c,14309,7.0712,150
da61520,13799,7.0712,150
9d7054,13040,7.0712,163
53fcf09a,13992,7.0712,150
17e776ce,13721,7.0712,150
1882e5b2,14026,7.0658,150
69b93012,13047,7.0712,150
5df5759f,13545,7.0712,150
2b1a625d,12382,7.0685,150
718839e9,12844,7.0712,150
76a49056,13466,7.0712,150
7ea8fd1f,13065,7.0712,150
3e8101d2,13925,7.0712,150
5eb16b78,13655,7.0712,150
289eb4bc,13838,7.0712,150
18698737,10596,7.074,126
244f37ed,14252,7.074,150
2110d120,13602,7.074,150
742f84d1,12561,7.074,150
2f05ca20,14221,7.074,150
29c9e5bc,12638,7.074,150
2d7e854b,13647,7.0712,150
6f707023,13592,7.074,150
7d4d9f8d,12444,7.074,150
5af3d8d5,13719,7.0712,150
56ee765e,13259,7.074,150
435298fe,13130,7.074,150
52f2d656,12772,7.074,150
34f03db1,14343,7.0685,150
25506d55,14218,7.074,150
61a13c5a,13131,7.0767,150
2525165e,13770,7.0767,150
100daafe,10597,7.0767,126
3611476f,13665,7.0767,150
5dea1f57,14233,7.0767,150
5e3afe1b,18286,7.0767,1
7c0b2b2e,12809,7.0767,150
53209464,13202,7.0767,150
2e879ea4,12107,7.0767,150
41e77ef0,13038,7.0767,163
12919e24,13912,7.063,150
1b52604b,13362,7.0767,150
4c8644f1,12642,7.074,150
5e66917b,14062,7.0767,150
6c8a264c,13948,7.074,150
4018442d,14272,7.0767,150
4840245d,13790,7.0767,150
361f4068,13333,7.0795,150
5c98f299,13569,7.0795,150
5e23fc0b,13508,7.0795,150
1708595e,13150,7.0795,150
5b5847d7,18021,7.0795,199
404f7a1f,13694,7.0795,150
3bc20e73,13037,7.0767,163
1cd15b9,14213,7.074,150
545a7e77,13961,7.0795,150
4da5edd4,12215,7.0795,150
7601e9fd,13729,7.0767,150
1f084a59,13940,7.0822,150
18263609,14238,7.0822,150
7a0fb394,13935,7.0822,150
41d43c54,12881,7.0795,150
4b5f3918,13656,7.0822,150
3b8e329,13345,7.0822,150
5e3f3b85,12808,7.0767,150
7780c835,13896,7.0795,150
70945642,13260,7.0822,150
34f152d2,13096,7.0822,150
12b47c72,13842,7.0795,150
372edc1f,14239,7.0822,150
1335b4da,12435,7.0822,150
620507e9,13553,7.0822,150
30f16bad,14293,7.0822,150
ea8d8a3,13662,7.0795,150
3966c38b,13871,7.0822,150
30053ec8,13683,7.0822,150
7a755d6e,13315,7.0849,150
41e2ed8e,13441,7.0822,150
94758d1,14290,7.0849,150
102dd44f,13664,7.0849,150
5cbbdca2,14082,7.0849,150
40e37509,14166,7.0849,150
16bb7e06,13720,7.0795,150
25092dd0,13361,7.0849,150
5b780a92,12172,7.0767,155
1d525321,14163,7.0849,150
e867c9,13652,7.0849,150
15587198,13169,7.0822,150
20594019,12723,7.0822,150
4d6e629c,13383,7.0849,150
76538a5f,14094,7.0849,150
d113f31,14366,7.0849,150
8b2ea15,14363,7.0849,150
2165b14c,12652,7.0822,150
3a521368,10598,7.0849,126
79c7fdc4,13528,7.0822,150
5c93c037,12683,7.0849,150
47031ae2,17980,7.0849,172
2c302f9a,13986,7.0822,150
59ed2dda,12988,7.0822,150
4b602c9f,14061,7.0849,150
6183afc8,13942,7.0877,150
276c47e1,13160,7.0877,150
78e79de4,12784,7.0877,150
322942b3,18291,7.0877,1
2a453d85,12204,7.0877,155
1736c649,12781,7.0877,150
4e2846d1,12066,7.0877,150
b3e53ba,12729,7.0877,150
69e37ff5,13511,7.0822,150
4f72e784,13012,7.0877,150
37b60803,13239,7.0877,150
3ba4ceea,12185,7.0877,155
7c0ddd95,12068,7.0877,150
42fef9a7,14063,7.0822,150
1a6878bb,12951,7.0877,150
21c051e3,14369,7.0877,150
1d998de5,13956,7.0877,150
d7d322,13306,7.0877,150
3551215e,12450,7.0877,150
f6041cb,14179,7.0904,150
6c253aef,13941,7.0904,150
145173ce,13342,7.0904,150
34ef6ec9,14274,7.0904,150
3d82642b,13878,7.0904,150
372ee7a,13226,7.0904,150
335cfd02,12644,7.0932,150
7aa2d3d4,14311,7.0877,150
542f5397,13180,7.0932,150
403a7656,12311,7.0904,150
549f7366,13910,7.0932,150
384f2652,12650,7.0904,150
64bb7d2e,13757,7.0904,150
16527927,13773,7.0877,150
5c9257d,13310,7.0904,150
2ae272e1,12659,7.0932,150
63fe8abf,13615,7.0932,150
6bdeac59,14167,7.0959,150
6e406b44,12829,7.0932,150
226e593c,14093,7.0959,150
1ba252ea,14314,7.0959,150
50099a3,12071,7.0959,150
3aade9c5,13722,7.0959,150
68f7d80c,14253,7.0932,150
40727dfa,14014,7.0959,150
281da81d,13179,7.0932,150
3800cb97,12684,7.0959,150
1b1a6e19,13997,7.0904,150
31bcfb7f,10602,7.0959,126
1f1fd17,12070,7.0959,150
30f0a16a,13749,7.0986,150
661128c0,13994,7.0986,150
58731be6,14327,7.0986,150
e426494,13890,7.0986,150
3b0c7fc7,12601,7.0986,150
5434074e,14178,7.0986,150
14d88a05,14079,7.0959,150
9232ace,13465,7.0986,150
51898e6a,12186,7.0877,155
33ddd617,12995,7.0959,150
3eca2b3d,13325,7.0986,150
2573ed62,13057,7.0849,150
4e2a88d1,13384,7.1014,150
796f5a63,13726,7.1014,150
4976b4fe,13076,7.0986,150
2a69b056,13946,7.0932,150
49d4a6f0,12886,7.1014,150
752bc36b,13319,7.1014,150
1e49024a,13635,7.1014,150
65cef25a,14003,7.1014,150
24e8e591,12384,7.0986,150
78a9da57,13963,7.1014,150
285ea699,13695,7.1014,150
420b20dd,12871,7.1014,150
6990836c,14046,7.1014,150
5ca3040e,13426,7.1014,150
3f34e3f7,14031,7.0986,150
7bdee026,13612,7.1014,150
4cf26a19,12879,7.1041,150
4d13e668,12724,7.1041,150
6a472333,13859,7.1041,150
56052adf,13304,7.1041,165
3be34890,14028,7.1041,150
3730401a,13412,7.1041,150
33b78ede,13042,7.1014,163
2221dce3,13700,7.1041,150
65c2c032,12673,7.1041,150
1aee5d87,14261,7.1041,150
19308ee0,13159,7.1014,150
3b682182,13929,7.1041,150
33a860cd,14183,7.1041,150
259ba987,13479,7.1041,150
29855dd9,12060,7.1041,150
eed9665,12168,7.1041,155
7ddd04da,13673,7.1014,150
15377c83,12674,7.1068,150
6fa92b96,18008,7.1068,172
d95d6b8,13860,7.1068,150
187be804,13235,7.1041,150
36064cec,13358,7.1068,150
10552421,13730,7.1068,150
6fd516dc,14256,7.1068,150
19d88813,12385,7.1068,150
33560085,14205,7.1068,150
742ae523,13952,7.1068,150
b9e5a6a,13204,7.1068,150
704fb666,14055,7.1041,150
39509054,14219,7.1014,150
4902f062,13482,7.1068,150
4a5393ef,13856,7.1068,150
69f3747b,12699,7.1068,150
648203a5,13234,7.1068,150
3add7eb7,17981,7.1068,197
57bf9962,13210,7.1068,150
6c475ee8,14155,7.1096,150
1ee5afb7,13882,7.1096,150
6a8e08e5,12853,7.1096,150
3b77ebc5,13445,7.1096,150
6d91525d,12318,7.1096,150
5ebac04f,12831,7.1068,150
4469225d,13728,7.1096,150
4044c0d6,14361,7.1096,150
27207139,13205,7.1096,150
11897cd2,13891,7.1096,150
1c16140f,12627,7.1068,150
2f10752a,13161,7.1068,150
5301f9f8,13316,7.1096,150
2266d15f,14326,7.1096,150
4442f7b5,14182,7.1014,150
60cfffbd,12823,7.1096,150
6e3bbeef,14185,7.1096,150
4c5a7fab,13334,7.1041,150
3dac817,12451,7.1096,150
37c5186d,13957,7.1123,150
5822a356,12253,7.1123,150
b0e08b8,13921,7.1123,150
14a33c73,10603,7.1123,126
b1bbe6b,13968,7.1123,150
2d2b52c7,14299,7.1123,150
466e944d,12887,7.1096,150
3dde1ff0,12607,7.1123,150
3093ec9c,13949,7.1096,150
4b24fa,13317,7.1151,150
4212977b,12794,7.1151,150
66adf403,13193,7.1151,150
5453c867,14243,7.1151,150
193f7c82,13413,7.1096,150
36e78435,13254,7.1151,150
3fe36306,13573,7.1151,150
3108a920,14312,7.1151,150
7539846d,12231,7.1151,150
17002d24,13943,7.1151,150
1dccc5dd,13119,7.1151,150
39136e31,13858,7.1123,150
309f92,14371,7.1151,150
164ffbbd,13872,7.1123,150
c0c1152,19730,7.1123,206
b373155,13915,7.1151,150
494316d,14364,7.1178,150
4f16bfe9,13066,7.1178,150
4b5e6596,13958,7.1123,150
22a5ed53,14225,7.1151,150
1d05879d,14266,7.1178,150
7e1b9d95,14237,7.1178,150
4889c48,13147,7.1178,150
3c422b9a,13765,7.1178,150
31809634,13262,7.1178,150
135552a4,13701,7.1151,150
53ffe65a,13895,7.1205,150
7ecc1944,12693,7.1205,150
4bc8019f,18030,7.1205,200
72b1aa30,13176,7.1205,150
4955f96d,12430,7.1205,150
5e505f0a,12996,7.1205,150
40c86bbd,13666,7.1205,150
10fcd523,13459,7.1205,150
4b874ec2,13085,7.1205,150
6b26231c,13699,7.1205,150
34988da8,13823,7.1205,150
68ec3c3e,13268,7.1205,150
6bfa271d,13305,7.1205,165
47c14d2b,14319,7.1205,150
1a7a95fe,14242,7.1178,150
15be9eef,13473,7.1205,150
6affbed4,13691,7.1233,150
63fb6279,13833,7.1205,150
590373d4,13480,7.1233,150
1798d86f,12224,7.1233,150
86dd56,14346,7.1233,150
66caa5c3,12990,7.1233,150
38568f95,13387,7.1233,150
7b8d92cf,13025,7.1233,150
7a09d698,13606,7.1233,150
2b032216,13873,7.1233,150
1dd9264d,13443,7.1233,150
791626c8,12685,7.1233,150
ba5325c,13760,7.1205,150
11ff3844,13370,7.1233,150
6a2fafad,13830,7.1233,150
e5e9ba3,12313,7.126,150
257681f5,13599,7.126,150
204ff239,10604,7.126,126
175714df,18014,7.126,198
43e8a336,13756,7.126,150
2bbd9e17,12317,7.126,150
2b6e834,12737,7.1233,150
4e65c46b,14180,7.1233,150
3ad5dbbc,14259,7.126,150
150bd1d5,14307,7.126,150
137c2151,13026,7.1233,150
5476480f,17928,7.126,172
3be02506,13281,7.1288,150
406a7106,13883,7.1288,150
589c262a,12882,7.1288,150
b2485a7,12947,7.1288,150
28046ea,18022,7.1288,199
79a04b3b,13979,7.1288,150
66c41b24,13993,7.1288,150
4d95f6a2,14235,7.126,150
20909f68,14300,7.1288,150
1f704230,14032,7.1288,150
c81f299,14358,7.1288,150
1bbe375a,13791,7.126,150
23275713,13024,7.1288,150
58a539df,13809,7.1288,150
45d99139,14278,7.1288,150
464fb621,13604,7.1288,150
5fc9fe34,13148,7.126,150
2ed34fd3,13761,7.1288,150
d379296,13369,7.1288,150
270a5369,13389,7.1315,150
1c4f1717,13363,7.1288,150
ce762f4,13141,7.1315,150
387e196c,14367,7.1315,150
4d9a9411,18813,7.1288,206
2989c51a,13752,7.1315,150
1e4ee21d,13976,7.126,150
56333dc1,12700,7.126,150
4f90110a,14294,7.1315,150
28d6bcf7,13194,7.1315,150
5780d5db,13164,7.1315,150
4161edfa,13970,7.1315,150
2a13c2f9,14005,7.1315,150
e731d22,13758,7.1315,150
61ce0e8,13964,7.1315,150
412445a7,12803,7.1315,150
50b58b8b,14279,7.1342,150
64a48390,14357,7.1342,150
5c887870,13685,7.1342,150
112dcc26,13216,7.1342,150
12485026,14083,7.1342,150
5a4e76f2,13086,7.1342,150
444c540,12639,7.1342,150
7cda9fc5,12888,7.1342,150
7ee5af1f,13815,7.1342,150
672ea112,14362,7.1342,150
78fa0e7f,14220,7.1342,150
2863a826,14359,7.1342,150
703b7535,12323,7.1342,150
aaf06af,12815,7.1342,150
181b00d9,13845,7.137,150
303a7c53,13737,7.137,150
52dd0ea,11223,7.137,145
7745249e,14262,7.137,150
3798ff67,13913,7.137,150
5423d523,14375,7.137,150
3f62e5cd,12640,7.137,150
61f7e7ed,14068,7.137,150
615d576b,13816,7.1342,150
5e03a298,12764,7.137,150
114effe0,13605,7.1342,150
5b0eba27,13792,7.137,150
736a6006,13330,7.137,150
7807970f,14059,7.137,150
6f98e3a2,13555,7.1397,150
392374c3,13494,7.1342,150
1ed0d610,13717,7.1397,150
30a1886f,12817,7.1397,150
3b580145,14234,7.1397,150
106ba42d,13227,7.1397,164
2222a759,12805,7.1397,150
5490f6c0,17929,7.1397,172
4c68ca14,13263,7.1397,150
7036c106,13667,7.1397,150
3d3149e1,14345,7.1397,150
24347c49,13674,7.1397,150
6ec49e71,19862,7.1397,206
1c4ed9d,13318,7.1397,150
6476d1d7,14170,7.1397,150
228e12ae,13425,7.1397,150
bd85e70,14340,7.137,150
131371a3,14373,7.1425,150
1547395f,12698,7.1425,150
5fba1a90,13763,7.1397,150
12f34214,13768,7.1425,150
2a7e4a29,13339,7.1425,150
d9090d9,12971,7.1397,150
5f59e8a7,13702,7.1425,150
117a66d1,13368,7.1397,150
1a60eb9b,12862,7.1342,150
67882687,13954,7.1425,150
73f8bfd2,14095,7.1425,150
2fb8b2a,13410,7.1425,150
7c9955a7,13230,7.1425,150
4aa344aa,14159,7.1452,150
750604b5,13620,7.1452,150
28a51566,13388,7.1452,150
4f46e6b9,12848,7.1452,150
650ac662,14187,7.1425,150
533ae33e,13863,7.1452,150
6538b093,12314,7.1425,150
2d817369,13945,7.1452,150
205e332d,13750,7.1452,150
3f308873,14109,7.1452,150
1354d892,13977,7.1452,150
17f3ead5,13240,7.1452,150
37ef6c90,13495,7.1452,150
47866d39,13493,7.1425,150
4977904,13322,7.1397,150
3c41b6e3,13879,7.1397,150
66f9f61b,13187,7.1452,150
53dc321e,14156,7.1479,150
258aac46,14076,7.1479,150
5b71dff2,12211,7.1479,150
16b81b11,13421,7.1479,150
237274b1,13771,7.1425,150
17b6b3e0,12682,7.1479,150
3f3a66ce,13998,7.1479,150
3ed6d623,13117,7.1452,150
1210eb7e,13874,7.1479,150
c285f25,14257,7.1479,150
59738f1d,10609,7.1479,126
7bf81e60,18013,7.1479,198
7317a8f2,14056,7.1479,150
3d0800c2,13734,7.1507,150
78c67b19,12836,7.1507,150
43f6617f,20205,7.1479,206
2246cc0,12387,7.1507,150
d6801cb,13364,7.1479,150
2d2c3427,13932,7.1507,150
709b0eb4,14267,7.1507,150
3bcead0d,13386,7.1507,150
4bc3ce92,12816,7.1479,150
668e878,13603,7.1507,150
2e2ea8af,14171,7.1507,150
321a9784,14308,7.1507,150
60c6dea2,13414,7.1534,150
5ebf67e7,13365,7.1534,150
35a42b76,12655,7.1534,150
74ce2e92,12730,7.1534,150
628fa4a5,13446,7.1534,150
56c25c0c,14370,7.1507,150
2f7e9b74,13897,7.1534,150
799b73f7,13762,7.1534,150
6d701829,13715,7.1534,150
68cf11ab,13068,7.1534,150
333182fd,13424,7.1507,150
11974ba7,12324,7.1534,150
7ccbb8ec,14174,7.1562,150
7d49b42f,12206,7.1534,155
6c99bc97,13759,7.1534,150
5300fd93,12731,7.1562,150
78e15e27,14105,7.1562,150
59cc950f,13965,7.1562,150
2f7e4fb7,13196,7.1562,150
7810f7a5,13321,7.1562,150
1e319f57,13257,7.1562,150
38e4ba41,13839,7.1562,150
280814c7,12966,7.1562,150
2c287151,14168,7.1534,150
1373e810,18285,7.1562,1
5eca1295,14206,7.1562,150
631390ae,18303,7.1562,1
1c41feb6,13283,7.1589,150
730ca696,13395,7.1589,150
b1ab89d,12321,7.1589,150
c6dacb4,13619,7.1562,150
47363d7e,13659,7.1562,150
7d5c5cd8,13609,7.1589,150
2b5353d,12322,7.1589,150
1112df93,14292,7.1589,150
7bce331,14069,7.1589,150
1819c582,28106,7.1589,206
2e40148a,13712,7.1589,150
3aa7187d,13540,7.1562,150
332e0761,13908,7.1562,150
34c7a8d0,13444,7.1562,150
54826012,14291,7.1589,150
2619ad5,18878,7.1562,206
413780f7,13152,7.1589,150
521514a4,14070,7.1562,150
48bf2129,12388,7.1616,150
597a70ff,14084,7.1616,150
ffa5adc,18015,7.1616,198
143cec4,13165,7.1616,150
76fa2785,14050,7.1616,150
7c8ed623,13959,7.1616,150
4d8906f2,12840,7.1616,150
6ce0f013,14215,7.1616,150
10f88925,13331,7.1589,150
f524010,13236,7.1562,150
3c3a41a5,12315,7.1616,150
567b017,13835,7.1589,150
5c98df,13416,7.1616,150
54b99850,13337,7.1616,150
49761017,12860,7.1589,150
1fe50c65,12169,7.1616,155
71a9f626,13736,7.1644,150
4dd5b496,14284,7.1616,150
155702ac,13753,7.1616,150
625f5c73,13308,7.1644,150
37eeb10f,14273,7.1644,150
3750b983,14302,7.1644,150
5fb8f117,13232,7.1644,150
d34634e,13284,7.1616,150
5b019808,13452,7.1616,150
6753fef6,13481,7.1589,150
743b3c57,13754,7.1644,150
4f39d885,18535,7.1644,1
4a1dfc30,12611,7.1644,150
49be4369,14296,7.1671,150
3b1bb86c,13320,7.1644,150
67f2c5bd,13613,7.1644,150
4972f41e,14297,7.1671,150
6486b0e3,13277,7.1671,150
415f2c3f,19776,7.1671,206
4df47189,13745,7.1644,150
3071c684,13911,7.1671,150
6efd1690,12072,7.1671,152
3f2db204,14310,7.1699,150
72b4f0a,12760,7.1699,150
39d0fc8d,13774,7.1699,150
3f1f24b1,14107,7.1699,150
4ff196a9,29332,7.1699,206
7626cb41,14199,7.1699,150
6d701cc4,14281,7.1699,150
30fe5d7f,14207,7.1699,150
e74eb79,13255,7.1671,150
48087caa,13347,7.1671,150
2573df53,13472,7.1699,150
67247b27,27672,7.1699,206
4ea26b99,18544,7.1671,1
4544a3cb,13451,7.1699,150
7ef66577,12629,7.1616,150
3acfd4cd,13282,7.1699,150
676c9eae,13672,7.1699,150
7562373,12855,7.1699,150
4a463333,13898,7.1726,150
5c648173,14173,7.1726,150
eebef0a,13696,7.1726,150
34ff784d,14222,7.1726,150
10e93a0e,13311,7.1726,150
df18997,14263,7.1699,150
4826fb93,13447,7.1699,150
3dbf3392,13155,7.1726,150
3b8a7ee1,13332,7.1699,150
402e0d08,13264,7.1726,150
116c29b8,14110,7.1726,150
2d9d8ca9,13173,7.1753,150
1050b733,13795,7.1753,150
7845beae,18801,7.1753,206
4833bae3,13270,7.1699,150
66f7545c,13610,7.1753,150
38e27bb4,25036,7.1753,206
2d9eaab4,14255,7.1726,150
146b75c8,12694,7.1726,150
787bd167,14275,7.1726,150
2d4a9829,12954,7.1781,150
6de69ef,14351,7.1781,150
5ecda88a,13793,7.1781,150
4ca54f6,14341,7.1781,150
50888cc8,13309,7.1781,150
9eb8f47,14280,7.1753,150
7db8bd6f,13298,7.1781,150
789baadd,14339,7.1781,150
44b7ccf6,13135,7.1781,150
1e9fe37,13359,7.1781,150
748d6ef4,13536,7.1781,150
47b71117,18561,7.1781,206
237c3032,13399,7.1781,150
62df867e,17924,7.1726,172
2c09d454,13732,7.1781,150
33ecf5ef,13486,7.1808,150
4cac752c,14282,7.1808,150
52def6b1,13454,7.1808,150
309723ca,26188,7.1808,206
32cb2d4,14042,7.1808,150
6400fbba,13335,7.1808,150
4baae703,13272,7.1808,150
6e64ebb9,14004,7.1808,150
67e41ccc,13975,7.1808,150
262b4784,13497,7.1808,150
45ae6a1,13909,7.1836,150
18548bd6,13741,7.1836,150
3d7f7ad7,14189,7.1808,150
51248246,12810,7.1836,150
28e2612c,13422,7.1753,150
1497e513,14169,7.1836,150
2d068465,13355,7.1808,150
1661e6d2,14372,7.1836,150
45dd7551,12454,7.1836,157
12d59fc2,14089,7.1808,150
2557dd7,13120,7.1836,150
79eb4c07,12768,7.1836,150
5380078f,13483,7.1836,150
75b924b7,18560,7.1836,206
c28c7ce,13455,7.1836,150
15e6f7ef,14080,7.1836,150
3b3f7fff,24809,7.1836,206
189797eb,13221,7.1753,150
524b2580,14352,7.1863,150
7030f9a9,13136,7.1863,150
30b0b0d7,13529,7.1836,150
14bc51e5,27567,7.1863,206
1fd011d7,12837,7.1863,150
68da5e35,12647,7.1836,159
5d597df1,13723,7.1863,150
2b9c3cc6,13274,7.1863,150
345ddecb,19863,7.1836,206
e4c0583,13996,7.1863,150
186c474e,13118,7.1863,150
525c2289,12325,7.1863,150
82d158f,12787,7.1863,150
186044f5,13430,7.1863,150
66236914,13836,7.1863,150
1c8f04a9,13739,7.1836,150
29ca09c8,14353,7.189,150
3427a7d9,13253,7.189,150
2ff435db,13740,7.189,150
4f15ccc7,12320,7.1863,150
320377f8,18034,7.189,200
564d875d,13801,7.189,150
58193aa2,21950,7.189,206
390bb692,14283,7.189,150
101ebafc,12989,7.189,150
b3c4985,12628,7.1863,150
22677347,24057,7.1863,206
2a53b0cd,14073,7.1918,150
3b0e430f,13448,7.1863,150
5fd5ddda,12319,7.1918,150
3a794586,13043,7.1918,163
684e6e05,14376,7.189,150
d9b4fdc,14175,7.1918,150
48b5f35b,13487,7.1918,150
bee36c1,13229,7.1918,150
466754bc,14368,7.1918,150
44c4635b,13156,7.1945,150
350e5d14,22330,7.1945,206
45ab6b46,13995,7.1918,150
12992980,12847,7.189,150
202e0f4,13222,7.1945,150
75205e33,14111,7.1945,150
32015b7e,13411,7.1945,150
2ceef723,13153,7.1945,150
77600e17,13188,7.1945,150
1d9fd446,14227,7.1945,150
78a838c4,13669,7.1918,150
46170e,14264,7.189,150
38a476d3,14115,7.1945,150
63a8d90b,13724,7.1945,150
14cf63df,20206,7.1945,206
2481e82f,13468,7.1973,150
3f081082,13766,7.1973,150
1acde6e9,13676,7.1973,150
7a6719ec,14184,7.1973,150
75f3aff4,13769,7.1918,150
5e18e1f5,13794,7.1973,150
216b76b4,13390,7.1973,150
53a15fdc,14347,7.1973,150
54e426de,20049,7.1973,206
45deccb1,12849,7.1973,150
61f8f1ce,13275,7.1973,150
3c00afb9,19091,7.1973,206
250ef685,12972,7.1973,150
5faafa46,12626,7.1945,150
2a0df5bb,23843,7.2,206
1349ea24,14246,7.2,150
41a18c16,12806,7.2,150
394b75dc,13142,7.2,150
49d136ae,14248,7.2,150
c34b202,20554,7.2,206
ad4431f,13597,7.2,167
5070616a,13353,7.1973,150
68193447,13151,7.2,150
df343aa,14331,7.2,150
1dfc964e,13981,7.1918,150
5d58b719,13767,7.2,150
7455aa12,13206,7.2,150
425ac51c,14374,7.2,150
27fdeec3,13406,7.2,150
5e4a5294,12766,7.2027,150
46b2c63b,12761,7.2027,150
1f6ef1c5,12188,7.2,155
6bc77c53,13265,7.2027,150
6644b3f3,13460,7.2027,150
57ad9f1d,13427,7.2,150
1328b7f5,14303,7.2027,150
5b7fa98e,13498,7.2027,150
b2c2fc4,13744,7.2027,150
476dec33,13862,7.1945,150
28e37471,13261,7.2027,150
632417bd,13677,7.2027,150
58ca29b3,13484,7.2027,150
1a2d81d8,13499,7.2,150
7edfc8fd,24026,7.2055,206
77805b1b,13617,7.2055,150
beb087d,19757,7.2055,206
14e79aed,13980,7.2027,150
10ec1027,13207,7.2055,150
5bd7ec9c,13660,7.2055,150
57bdfe33,13241,7.2055,150
5e33d2c6,13923,7.2027,150
5e2b71dd,12832,7.2055,150
7633b807,14118,7.2082,150
4e479c94,20543,7.2082,206
ea2d278,13500,7.2082,150
b02efe8,13429,7.2082,150
5caaab69,12383,7.2082,150
601a9d0f,10599,7.2082,126
5cda79aa,13485,7.2082,150
322f06fb,14074,7.2082,150
12cb1ea4,13276,7.2027,150
ae22f97,13438,7.2082,150
1683ec8c,18287,7.2082,1
2245e9b6,13431,7.2082,150
68b1fd64,12833,7.2082,150
73b4f972,13243,7.2082,150
186a2440,13947,7.2055,150
34f3ac00,13212,7.211,150
7ada8c04,13772,7.211,150
5c1cb072,18292,7.211,1
5e0ed0cd,13396,7.2082,150
775fd2b0,13933,7.211,150
7cffa814,14354,7.2055,150
10e24be2,13242,7.211,150
787178da,13197,7.211,150
44c95fe5,14236,7.211,150
6add41d4,13417,7.2027,150
631ec46d,13338,7.2082,150
61a13eb7,12657,7.2082,150
6f996311,13600,7.211,150
6f4a4cd7,24065,7.2082,206
7a62c0ff,12863,7.2137,150
5f2ae1e6,14249,7.2137,150
12de0d82,13621,7.211,150
6fdae8f9,14247,7.2137,150
367b6523,18545,7.2137,1
beabbcf,20060,7.2137,206
6763f775,18294,7.2164,1
16d5e09d,18890,7.2164,206
c95f9c2,18893,7.2137,206
4dc969cf,13861,7.2137,150
5335406,13731,7.2164,150
549e628e,14228,7.2164,150
688c6bfe,20059,7.2164,206
41c3649a,12073,7.2164,152
3e95b6c8,20544,7.2164,206
366691e3,24221,7.2164,206
3b0a4eec,13611,7.2082,150
4ec60005,14315,7.2164,150
514aeebf,14258,7.2137,150
29519057,13467,7.2137,150
5a92bcf3,19288,7.2192,206
58f9c7cb,13407,7.2192,150
30a0c2f4,14087,7.2192,150
26c122f9,24992,7.2192,206
20781f88,24032,7.2192,206
6f424a50,18880,7.2192,206
79131fec,13244,7.2192,150
566a3cdd,13781,7.2192,150
4df47531,13775,7.2192,150
360eedc7,18305,7.2192,1
39ceffc9,14276,7.2137,150
49d4e44b,25429,7.2219,206
7a16a80f,13366,7.2219,150
4b63219c,23311,7.2219,206
2aeeab63,13233,7.2219,150
2d65e637,13285,7.2164,150
6b81f29f,13936,7.2219,150
472421f,13163,7.2219,150
6cc44689,13211,7.2219,150
3e79e54c,18879,7.2247,206
2a497be1,14120,7.2219,150
6113f453,13950,7.2247,150
63c5f218,24571,7.2247,206
2d7b10e7,20545,7.2192,206
5c59d381,13725,7.2247,150
22161535,13167,7.2247,150
6e8f765d,18323,7.2247,1
65ec9238,13271,7.2219,150
370c3f16,20530,7.2219,206
1b06bf43,19758,7.2274,206
9d1b279,13273,7.2219,150
63565c70,13189,7.2274,150
5dbfbd81,12997,7.2274,150
1bfca1cb,13457,7.2274,150
5a72dfae,13474,7.2274,150
5336b7e,13172,7.2247,150
e540177,25360,7.2301,206
20064b59,14245,7.2301,150
2440775a,18749,7.2301,206
420fe324,12312,7.2301,150
5a4c78e0,12850,7.2301,150
743d8567,24078,7.2301,206
7b2adc01,13039,7.2301,163
6673443a,13458,7.2301,150
41ae0509,13166,7.2301,150
789ceea4,22382,7.2329,206
60924a6d,19087,7.2329,206
1cbc80d1,20638,7.2329,206
79755566,20207,7.2329,206
2d8b4802,13718,7.2329,150
61909dbe,20239,7.2329,206
48287416,13614,7.2301,150
64d1ba9d,14186,7.2329,150
32fd7ad9,13336,7.2329,150
40ce9fc9,21841,7.2356,206
388c3509,13796,7.2356,150
4fb0a142,18832,7.2356,206
164221df,18849,7.2356,206
22c6c409,14116,7.2329,150
7bbb8925,13764,7.2356,150
314b9da1,14190,7.2329,150
36001e8e,18310,7.2356,1
227262cb,29448,7.2356,206
558aa6f0,20233,7.2329,206
5a73501,12326,7.2329,150
6c57465,20217,7.2384,206
24aadea6,18942,7.2329,206
68ec0681,13618,7.2384,150
5eae817c,13812,7.2384,150
6f7bd458,20148,7.2356,206
5c13ddd6,13937,7.2384,150
5348fb8b,24063,7.2384,206
3beaa466,13291,7.2384,150
5b18376d,13266,7.2384,150
7197f813,13884,7.2384,150
407f3b6d,13170,7.2411,150
547f044a,20237,7.2411,206
4e46e2f7,24018,7.2411,206
dfdc4c,20212,7.2411,206
39c23b69,12991,7.2411,150
78806ef0,13598,7.2411,167
15b3354f,13397,7.2411,150
2fe28489,13269,7.2329,150
6c9b3c54,18562,7.2438,206
12d8b037,14260,7.2411,150
67fa333f,12811,7.2438,150
1aaa0f0a,13755,7.2438,150
3ae9d876,19864,7.2438,206
de7e62c,20149,7.2438,206
53e317dd,18288,7.2438,1
367c8b29,18884,7.2438,206
3b0782e,13393,7.2438,150
543e2967,12856,7.2411,150
206071fe,13501,7.2384,150
72178318,23902,7.2438,206
2ff6a09e,13400,7.2466,150
72e6e47c,14085,7.2466,150
57b68e56,14176,7.2411,150
3002bc5f,14051,7.2466,150
4d224c14,25141,7.2466,206
74faeadf,18546,7.2438,1
3abbb81b,13489,7.2466,150
7f3b6e34,13778,7.2493,150
1c1c8bbb,18538,7.2493,1
4d4dca67,12858,7.2493,150
3f9336f5,24590,7.2493,206
588f2a7c,18628,7.2493,206
638bff39,20932,7.2493,206
7ce1a597,19987,7.2493,206
458b8e3,20004,7.2493,206
22da1203,19823,7.2466,206
32700ee,18851,7.2493,206
729bd000,18565,7.2493,206
3345e110,28534,7.2493,206
5c51d791,12189,7.2493,155
41fda771,19092,7.2521,206
7ae6efd0,13168,7.2521,150
56513b5c,13162,7.2493,150
375ebc,13616,7.2493,150
4a001de7,18892,7.2493,206
66eafdf9,14081,7.2521,150
2bbf069b,24665,7.2521,206
74eb436b,29333,7.2493,206
3e4e8734,18558,7.2548,1
f7ab031,12857,7.2548,150
5ca2e49b,13248,7.2548,150
727c047f,13502,7.2548,150
38415a23,18852,7.2548,206
62609e22,12660,7.2521,150
77305a17,19990,7.2548,206
29ad38c9,28815,7.2521,206
3b608e7f,27899,7.2521,206
9c25b72,13121,7.2548,150
6fb545e6,20238,7.2466,206
7e1a2746,13623,7.2575,150
22d0847,13250,7.2575,150
2f1e43a9,27919,7.2575,206
10322343,18814,7.2521,206
c05bf3b,19932,7.2575,206
b30f3fc,13488,7.2575,150
c220769,19455,7.2575,206
6daa0969,20639,7.2575,206
4eef1d09,14117,7.2575,150
13311c76,13157,7.2575,150
12981d68,13402,7.2575,150
1ebba3d4,12658,7.2575,150
6f5f4a16,27565,7.2575,206
5c63f8f6,12838,7.2575,150
288ae25f,28110,7.2575,206
33438994,18897,7.2603,206
61e2b1c9,13228,7.2603,150
22041b22,13174,7.2575,150
5d639d27,13231,7.2603,150
72c3a036,14088,7.2603,150
6db3b5e,14269,7.2603,150
6e407ba2,25108,7.2603,206
404edac,13398,7.2603,150
e4b410,20640,7.2603,206
d67cb5b,24354,7.2575,206
454fc2ae,13346,7.2575,150
2ae20821,24495,7.2603,206
753cd7e8,13738,7.2603,150
56763d6e,13290,7.263,150
6d97dfbc,13181,7.263,150
5f70a9e,14188,7.263,150
578e612f,13743,7.263,150
2ee979e9,23312,7.263,206
7f070b4f,13289,7.263,150
449e7fa1,12788,7.263,150
4f302c96,12851,7.263,150
23e4b711,18614,7.263,206
70dde6ee,18295,7.263,1
547e76c3,18815,7.263,206
632a689a,19142,7.263,206
657007d1,19981,7.263,206
31e0866c,19293,7.2658,206
7a057707,23555,7.2658,206
5d6aceea,28641,7.263,206
6d341365,12656,7.2658,150
89fdf9d,13491,7.2658,150
59f33cc6,19297,7.263,206
67b71588,19834,7.2658,206
52e5b48c,27579,7.2658,206
1f872a8e,29338,7.2658,206
69926dd4,18296,7.2658,1
6ef55220,13323,7.263,150
2947692c,28757,7.263,206
537d58e6,18566,7.2658,206
3d72d028,20005,7.2658,206
5679f95c,29581,7.2685,206
700c7a47,24572,7.2685,206
a8a555f,28536,7.2685,206
1896432b,13776,7.2685,150
1bcfa7c,13097,7.2685,150
12f1664e,13312,7.2685,150
5be9fe52,24066,7.2685,206
4a09f9e2,13348,7.2658,150
60ac6493,19921,7.2685,206
6251de0,14112,7.2658,150
1fffd87c,19821,7.2658,206
1a3ce488,18721,7.2685,206
1126627b,24099,7.2685,206
19b783a0,19175,7.2658,206
37d3476b,13469,7.2712,150
568e45d5,25155,7.2712,206
2bebf328,18567,7.2575,206
7bf93c11,20905,7.2712,206
e64df76,12738,7.2712,150
2130ad6b,13727,7.2712,150
232129ce,24575,7.2712,206
4b322cb7,19048,7.2712,206
2e468a39,20875,7.2712,206
7a57092,20532,7.2712,206
73a3a1fd,24033,7.2712,206
27933e6a,13019,7.2658,150
5b144f90,23854,7.2685,206
1823d980,24127,7.274,206
71d16265,27721,7.274,206
5d5cad2d,24372,7.274,206
331e5332,25084,7.274,206
4a0ff20e,24477,7.2712,206
77eee00b,14285,7.2685,150
30377360,24660,7.274,206
7fc5bd77,21804,7.2712,206
70206db2,24452,7.274,206
8cc66be,13782,7.274,150
83a958e,22879,7.274,206
497cc078,12859,7.2685,150
7cd6d4db,13638,7.274,150
77710452,13313,7.274,150
2bbb79d7,20933,7.2685,206
5e0a8107,20261,7.274,206
46b03d8,14224,7.274,150
4ed16f82,19765,7.274,206
317da19e,20677,7.274,206
552db587,13496,7.274,150
4b34f71,24512,7.274,206
41f803a7,28529,7.274,206
1d51bd83,14265,7.2767,150
58397cd4,18568,7.2767,206
414571c,19763,7.2767,206
2e5c370c,19762,7.2767,206
348da73d,20876,7.2767,206
ad762c7,20535,7.2767,206
5708902,13087,7.2767,150
15dd818a,25112,7.2767,206
74049b1e,13171,7.274,150
f539b21,18867,7.2767,206
6919039,18637,7.2767,206
209b8b40,20691,7.2712,206
21a23ec8,22865,7.2767,206
5d1a06,13733,7.2767,150
580a2aa7,19144,7.2767,206
529079c7,18874,7.2767,206
2e2d395e,18641,7.2767,206
1ec9162d,25221,7.274,206
171f4841,12767,7.2767,150
373d0186,18901,7.2767,206
5b03d121,13456,7.2795,150
46905524,12834,7.2795,150
1306361,20210,7.2767,206
579e7514,24355,7.2795,206
3a2e62e6,26429,7.2795,206
7e5339f2,13372,7.2767,150
71c0010d,18559,7.2767,1
497859fc,24105,7.2795,206
7c7a6632,29339,7.2795,206
58e89a7c,18293,7.2795,1
1a826d55,23844,7.2795,206
6b31cf0e,20244,7.2795,206
46ea1e78,27960,7.2795,206
1118fad5,13624,7.2795,150
76e3ddad,12818,7.2795,150
59877eb5,24496,7.2795,206
45a02483,28116,7.2767,206
1338a0b0,20234,7.2822,206
7bde09cf,27991,7.2822,206
7602556a,18961,7.2822,206
194ea2d7,13249,7.2795,150
5d0e0941,13716,7.2767,150
b651f70,28383,7.2822,206
7effa2,24130,7.2822,206
4abb2883,25210,7.274,206
6ccaad60,18638,7.2822,206
41a3e5b9,20906,7.2822,206
621eec62,18792,7.2822,206
3c83b6fb,24587,7.2822,206
59a5a1e7,27700,7.2795,206
15ea8c6c,21805,7.2822,206
32fbd734,14122,7.2822,150
2c72821c,12807,7.2822,150
72a22406,13278,7.2849,150
674aabcc,24112,7.2849,206
2682d2a5,25400,7.2822,206
1e58c60b,14325,7.2767,150
7db953d2,13875,7.2849,150
4f1f8362,23259,7.2849,206
7fb877de,19773,7.2849,206
27088ebc,24823,7.2849,206
10987e4c,20081,7.2849,206
6c2724b0,20993,7.2849,206
4656995f,14377,7.2822,150
23afebae,19880,7.2822,206
352dc0e1,24067,7.2822,206
1f156e82,13418,7.2849,150
7c8b6eb2,19909,7.2795,206
2f321571,24442,7.2877,206
75a699c3,19764,7.2877,206
739c69a2,18865,7.2877,206
709ee5ee,18894,7.2877,206
47c9682d,18821,7.2849,206
60107098,25209,7.2877,206
5fb66876,19768,7.2795,206
4f77db5b,24085,7.2849,206
7c701133,20537,7.2877,206
4dc70546,18569,7.2849,206
43734a98,20241,7.2877,206
208466de,13245,7.2877,150
4c1d4f60,25363,7.2877,206
494d17cf,18902,7.2877,206
249f4cd4,26265,7.2904,206
4a947dbb,19850,7.2904,206
52f59228,18570,7.2904,206
3dc1e8bb,25038,7.2877,206
643f4211,25037,7.2904,206
678e7ade,25383,7.2904,206
414e4f00,25198,7.2904,206
73f8f3a2,25085,7.2904,206
1934c814,24088,7.2904,206
28755d0e,23607,7.2904,206
6dc91806,26428,7.2904,206
7905c7eb,13999,7.2849,150
4a00a184,25086,7.2877,206
7ed13e85,25310,7.2904,206
5bfd1071,19731,7.2904,206
c10be7a,21364,7.2877,206
43d322fd,20531,7.2877,206
4fe30d66,23622,7.2904,206
34011914,20893,7.2849,206
3a2066c0,24103,7.2877,206
35b7cb79,20020,7.2904,206
7cce97d,20214,7.2904,206
e266490,18817,7.2904,206
3906d07,12835,7.2932,150
620ab318,19772,7.2932,206
54386b63,14123,7.2904,150
795c941b,14006,7.2932,150
684d0149,14108,7.2932,150
8aa8a3c,20420,7.2904,206
35956d5d,20091,7.2904,206
f728f9e,18866,7.2932,206
22e17bff,14244,7.2932,150
22a671a3,29843,7.2932,206
3ca1e302,24723,7.2932,206
7e01e4a1,20962,7.2932,206
2f8e1fe7,19807,7.2932,206
677338ac,27683,7.2904,206
606091b9,18895,7.2959,206
497730c9,25142,7.2932,206
584d6b2d,20407,7.2959,206
73edab26,24435,7.2959,206
2918b869,22331,7.2959,206
5ace2aa0,23314,7.2932,206
110da218,18857,7.2959,206
7f7b37f,14113,7.2959,150
4d1119aa,13779,7.2932,150
2d5b3d8b,29583,7.2959,206
4e70d58f,24993,7.2932,206
3d9099b9,24717,7.2959,206
e378925,28223,7.2959,206
6280b37a,27920,7.2932,206
27993ac9,20264,7.2959,206
5f4092de,18306,7.2959,1
1e7d32d2,13279,7.2986,150
2c2f6d02,14114,7.2986,150
33fd8052,20870,7.2986,206
c64f818,29620,7.2986,206
2c31fe99,24491,7.2986,206
63dcdfdc,24293,7.2959,206
65250cba,27706,7.2986,206
775b99ee,24347,7.2986,206
4bcd9306,24036,7.2986,206
256ca7c4,19255,7.2986,206
2cf5f3e2,27673,7.2986,206
52f0fa19,27946,7.2986,206
711613e8,25044,7.2986,206
1ac2a866,23355,7.2986,206
2d76327c,28107,7.2986,206
5664fb6f,27985,7.2986,206
16f634e0,23556,7.2986,206
43832415,21997,7.2986,206
2643f776,13256,7.2986,150
197d7555,27687,7.2932,206
24bf6de,13622,7.2986,150
7305ca7b,18807,7.2959,206
54f3b1cf,20988,7.2986,206
e0a94c8,26220,7.2986,206
23ef4cf4,20009,7.2986,206
53aa6ed1,20635,7.3014,206
3cab490c,19910,7.3014,206
e2120cd,18754,7.3014,206
4795850f,28516,7.3014,206
61905f6b,19250,7.3014,206
1d63f5e1,29586,7.3014,206
7284499f,30528,7.3014,206
1dbfcc7a,20987,7.3014,206
4de2af7e,18898,7.3014,206
1a1fa048,12841,7.3014,150
7149f3f9,18979,7.2986,206
7387cccc,18903,7.3014,206
10b802da,18811,7.3014,206
52019744,21325,7.3014,206
77c2ed65,20320,7.3014,206
511b5c7b,20953,7.3014,206
61dd39b9,13340,7.2986,150
492a1e5f,19993,7.3014,206
4864a1a,27625,7.3014,206
50db5164,13223,7.3014,150
3885fb90,24059,7.3014,206
7916e46,13428,7.3041,150
6168f097,19770,7.3041,206
54782682,24070,7.3041,206
343150ad,19050,7.3041,206
5110d7fb,28530,7.3041,206
2d706892,18757,7.3041,206
28e51618,18311,7.3041,1
1b1031bc,19732,7.3041,206
e49486a,18891,7.3041,206
3043c536,20518,7.3041,206
1e591f54,20866,7.3014,206
45e40f2,19783,7.3041,206
4010520b,13490,7.3041,150
6ed4454a,18629,7.3041,206
3821447b,25113,7.3041,206
6c56628,23562,7.3041,206
4e8eda5d,18791,7.3041,206
ccc598d,13327,7.3041,150
407ea34b,24090,7.2986,206
72ce25a3,25222,7.3068,206
4aaa4595,24084,7.3068,206
5a4816cc,18319,7.3068,1
24447d7c,18859,7.3068,206
3189c4dc,19251,7.3068,206
56dff4b1,24023,7.3014,206
1115f644,22200,7.3068,206
12f53af8,26294,7.3014,206
a6b43de,28108,7.3041,206
5fa10a58,26203,7.3041,206
d436072,19841,7.3068,206
33da1048,24750,7.3068,206
8c3ce31,23330,7.3041,206
58660944,20390,7.3068,206
7366ab0a,14119,7.3068,150
692c67f9,20534,7.3041,206
4e30a2ca,25013,7.3068,206
2d8bb314,26207,7.3068,206
4d07aca4,20231,7.3068,206
3b2f42d2,27900,7.3068,206
1c413380,23331,7.3068,206
53eb40da,21806,7.3068,206
18868e9f,13492,7.2986,150
68e59d88,21844,7.3068,206
299d6b94,27953,7.3096,206
20f903ed,19929,7.3096,206
ca7831b,23970,7.3096,206
37c781a0,24685,7.3096,255
64f9d2e9,27644,7.3068,206
18ee8c5b,18664,7.3096,206
1319e917,27707,7.3096,206
486a46da,29503,7.3096,206
ae94588,23601,7.3096,206
4c3f2566,18539,7.3068,1
62e7c953,25005,7.3096,206
52e8314f,13783,7.3096,150
443329d0,14090,7.3096,150
1b2c8253,13209,7.3096,150
48aef15e,22199,7.3096,206
82b38c6,18752,7.3096,206
545ac5c1,24991,7.3096,206
472bf44c,28385,7.3096,206
7830c9f6,18665,7.3096,206
35514d1d,27626,7.3041,206
42a57196,18312,7.3096,1
249af9ac,24093,7.3096,206
298c333e,21996,7.3096,206
2bfa9f03,19589,7.3068,206
33eb97a4,24276,7.3096,206
4dea9756,23670,7.3068,206
5374816,24425,7.3096,206
7a4add34,13938,7.3041,150
278ad0d9,25404,7.3096,206
1573236e,19928,7.3096,206
c3a46b1,18751,7.3096,206
3372d8d8,21365,7.3096,206
1f7d10ff,26230,7.3068,206
1319282d,18630,7.3096,206
4d48eb31,23608,7.3041,206
68d94e58,13287,7.3096,150
1fd45154,19158,7.3123,206
45565ac3,13780,7.3123,150
4f4d203b,19882,7.3096,206
6d440c04,13286,7.3123,150
5027be09,19839,7.3123,206
2750668c,18643,7.3123,206
13ad6a5,18631,7.3123,206
4cd3deaa,13476,7.3123,150
21e9e6cf,24262,7.3123,206
5298078,21833,7.3123,206
5271e186,19673,7.3096,206
543ec,22899,7.3123,206
418562eb,27948,7.3123,206
6eb402bd,20559,7.3096,206
6b4c7d7c,19590,7.3123,206
27576553,24028,7.3123,206
7af7ddee,22510,7.3123,206
50c7eb7f,24100,7.3123,250
1ea8aa30,18753,7.3123,206
1db8a73b,19217,7.3123,206
2c9394b,25014,7.3096,206
46159c51,25399,7.3123,206
259c853e,19143,7.3123,206
29e61bff,24027,7.3041,206
72c4cdd9,19295,7.3123,206
390cb1ab,12661,7.3123,150
531155cf,20536,7.3151,206
4a3195b1,13475,7.3068,150
1e4f232b,29691,7.3151,206
429248a0,22023,7.3151,206
1b74d210,20315,7.3151,206
423755cf,23717,7.3151,206
5dae50d2,19840,7.3151,206
2ce89cf6,21811,7.3151,206
3a9f7637,27613,7.3151,206
9319e34,24408,7.3151,206
6a98ee8c,18882,7.3151,206
57c1459d,23969,7.3123,206
6401e0d,21845,7.3151,206
11fe5343,24303,7.3096,206
7226fd04,18809,7.3151,206
78c6a777,22033,7.3151,206
39294896,28310,7.3151,206
14e83db1,23624,7.3151,206
49586f1c,20277,7.3151,206
4e8945f,19464,7.3151,206
777611ac,24064,7.3151,206
22a6af46,19738,7.3151,206
288c1481,20219,7.3151,206
680627a3,19149,7.3178,206
2f3aa07e,19039,7.3178,206
3871f640,24086,7.3178,206
7091c5d3,19182,7.3178,206
29f3df5d,20641,7.3178,206
1c3e349,28384,7.3123,206
53b0a34d,24247,7.3178,206
be21a45,19774,7.3178,206
bb8c8a4,23587,7.3178,206
4465cdef,28109,7.3178,206
1a05629b,13401,7.3178,150
2b5440b,19148,7.3123,206
2d3b5fb1,27665,7.3178,206
7bc73b90,29527,7.3178,206
653a6ef3,20894,7.3178,206
68580575,19294,7.3178,206
3b277081,19736,7.3178,206
a07dcc4,19177,7.3178,206
7d36cce2,28300,7.3178,206
3f6f736f,22198,7.3178,206
3fccbf7b,18804,7.3123,206
b19b5ba,18551,7.3178,1
400329e7,23395,7.3178,206
433ce83,19049,7.3178,206
5ede9e19,26317,7.3178,206
182c541d,19760,7.3178,206
732c6ffb,20018,7.3151,206
41b91aee,18548,7.3205,1
5f0dc0c3,20989,7.3178,206
5b64838c,18846,7.3205,206
7160e0af,29057,7.3205,206
b16ce22,23396,7.3205,206
2f1cbc4,25326,7.3205,206
7d7640f5,20642,7.3205,206
6e1f1392,22353,7.3205,206
2e63cbcb,19771,7.3205,206
be5b26c,13939,7.3205,150
53f3305,24576,7.3205,206
363f1aec,23952,7.3205,206
3a9c5804,27988,7.3205,206
7522c64a,20265,7.3178,206
53f27c50,18755,7.3178,206
667c034f,20243,7.3205,206
1dd4e4b8,18843,7.3151,206
1dbd845a,18778,7.3205,206
17cd323c,23623,7.3205,206
26a35d08,24081,7.3205,206
6673a570,25181,7.3151,206
5755db7e,25091,7.3205,206
5cb87c22,18940,7.3205,206
1fb09fe8,20995,7.3205,206
2347da0b,14230,7.3205,150
58e4a336,19855,7.3151,206
60962ca3,29058,7.3178,206
47228d64,27674,7.3205,206
5c7615b7,28278,7.3096,206
41fc0bb0,21017,7.3233,206
495b9f0b,23337,7.3233,206
3cfcedaa,22056,7.3233,206
2c56e42a,13267,7.3233,150
6fe61efc,18547,7.3205,1
3d1751a,25243,7.3205,206
22d15f5b,25061,7.3205,206
39e7d805,27999,7.3233,206
791b6716,20880,7.3233,206
7ddd814c,19777,7.3233,206
26d59737,24322,7.3233,206
2e244f52,19735,7.3233,206
627f64a,20224,7.3233,206
152a69a1,23609,7.3233,206
41ee119a,20000,7.3151,215
2426124f,26436,7.3205,206
2ec045d3,18802,7.3233,206
2212c186,21827,7.3233,206
1b3ee628,20647,7.3233,206
7e6f43cd,13280,7.3233,150
f1e3b6a,18820,7.3233,206
23dc1987,23475,7.3233,206
17f6e28b,23588,7.3233,206
164f856b,13258,7.3233,150
7b1559fb,18828,7.3205,206
5aef898,13122,7.3233,150
46fdc98b,19826,7.3233,206
72953bf1,24446,7.3205,206
6bbfaf5f,27944,7.3205,206
663f9965,19058,7.3205,206
2f6d7e49,25132,7.3233,206
3734ced8,23671,7.3205,206
452c8a9e,20223,7.3205,206
6d35b221,23474,7.3233,206
775bfa53,24686,7.3233,206
6608a86e,21010,7.3233,206
47d1b64b,20517,7.326,206
7b5a02a,19984,7.3233,206
6a5c572d,18663,7.326,206
2f145bed,27825,7.326,206
cfcddb9,24212,7.326,206
46555183,28532,7.326,206
144136e0,29455,7.3233,206
6ccb0d93,24060,7.326,206
456a5f20,19689,7.326,206
221339a8,24543,7.326,206
610de8d4,21842,7.3233,206
bf6f059,28541,7.3233,206
674361ed,23589,7.3178,206
53505f03,20692,7.326,206
5d9546f5,19872,7.3233,206
615d0126,20029,7.326,206
1d6d58e9,24432,7.3233,206
4c94a400,23356,7.326,206
3bc1f189,18858,7.326,206
2f738644,28531,7.3205,206
370b1f7f,23615,7.3233,206
329c93e6,19298,7.3233,206
45c12f4c,19145,7.3205,206
2c1c2750,29340,7.3233,206
1865c6e3,20516,7.326,206
4eb075aa,28306,7.326,206
2c7887f,18798,7.326,206
4fac19d0,29683,7.326,206
79488c18,21000,7.3288,206
3498bbbe,23315,7.3288,206
aa25922,14121,7.3288,150
256fa33f,18642,7.3288,206
187ad3c6,19112,7.3288,206
694ece3c,27722,7.3288,206
713df17e,22895,7.3288,206
2993c23d,21355,7.326,206
6739c02a,19317,7.3288,206
7899dddf,20227,7.3288,206
2d2f75e,13864,7.3288,150
3d900572,24043,7.3288,249
663175b3,25357,7.3288,206
5104c162,20083,7.3288,206
789563f8,26433,7.3288,206
4ed42e10,23012,7.3288,206
27c4945c,24852,7.3288,206
4ef43044,23990,7.3288,206
23254694,25173,7.3288,206
545d8c43,28782,7.326,206
784bf93,21004,7.3288,206
684fa5dd,18772,7.3288,206
61d74fa6,20654,7.326,206
59d0e84b,13292,7.3288,150
7b0abcc5,20006,7.3288,206
6efe8f34,21341,7.3288,206
22bd7d82,25097,7.3288,206
358f5732,20314,7.3288,206
c25ad36,24001,7.3288,206
6bc36378,18935,7.326,206
45811651,25093,7.3288,206
5f9ca6fa,18563,7.3288,206
10655cfc,21828,7.3315,206
60cd352b,19883,7.3288,206
2d3384fd,24810,7.3288,206
17225cd7,21829,7.3315,206
55f62056,24021,7.3315,206
2d1a7073,23596,7.3315,206
24f77c96,28514,7.3315,206
15521099,24265,7.3315,206
13ac4de1,20041,7.3315,206
10133200,20567,7.3315,206
6e745199,26993,7.3315,206
7178830d,22866,7.3315,206
4440a3b1,21351,7.3233,206
742b8363,28405,7.3288,206
7da12cd4,24478,7.3315,206
34c7148e,20935,7.326,206
6ad25f30,19197,7.3288,206
31955260,20064,7.3315,206
440dfb4,14268,7.3288,150
2cd864c4,28111,7.3315,206
58eb2a07,19991,7.3315,206
43766528,25391,7.3315,206
17d2c612,18853,7.3288,206
4149af8d,20877,7.3288,206
6150863c,24540,7.3288,206
2e580d24,18768,7.3315,206
2f62a1fa,24119,7.3315,206
34d58ded,25242,7.326,206
5fcdce1b,23974,7.3315,206
537437a8,21801,7.3315,231
267f9bfd,13208,7.3315,150
3dab31cf,29462,7.3315,206
e788bec,24727,7.3315,206
77c2af1,24819,7.3288,206
36f09113,23545,7.3315,206
5dc39fc7,19335,7.3315,206
444b3912,28755,7.3315,206
200a4d1d,19223,7.3315,206
4647d04f,28386,7.3288,206
740db99d,25424,7.3315,206
69138da7,28314,7.3342,206
1b83473d,19860,7.3342,206
593684a8,18645,7.3288,206
73a2fcf7,26430,7.3342,206
3ef63cf7,21360,7.3342,206
63be39aa,29449,7.3342,206
7db651f5,29727,7.3342,206
7ae6a511,24747,7.3315,206
f6d715f,24736,7.3342,206
e566520,19010,7.3315,206
1cb76e29,25245,7.3342,206
53b68e83,27761,7.3342,206
3735fa23,25226,7.3342,206
a77f680,23512,7.3315,206
2d1607c1,19994,7.3342,206
4ab35676,24030,7.3315,206
15f48960,14086,7.3342,150
524f59e1,28240,7.3342,206
67b966de,19059,7.3342,206
3340ab7c,18603,7.3342,206
7a0c4de7,19252,7.3342,206
2adcb436,27503,7.3342,206
2a57ecb3,18729,7.3342,206
27460dd,29505,7.3288,206
2e5779db,24019,7.3342,206
36ac7a83,22026,7.3342,206
791e0564,20867,7.3342,206
58cde012,23880,7.3342,206
4d41d371,13252,7.3315,150
186cc038,25109,7.3342,206
1150d374,27569,7.3342,206
28e86f81,20555,7.337,206
4d3302ca,19865,7.337,206
26aa6c3c,24629,7.337,206
6533e9c3,18324,7.3342,1
1b20885d,23366,7.337,206
c7c333e,18805,7.337,206
79c26501,21951,7.337,206
345f60b,24245,7.337,206
1c38f45e,28852,7.337,206
71b0d124,27947,7.3342,206
1bb0587e,24671,7.337,206
376910ad,24707,7.337,206
43848e3c,24266,7.3315,206
6c28981a,13777,7.3342,150
1d169dd6,19912,7.337,206
1be65d4a,18555,7.337,1
28c95e0,28520,7.337,206
7d9f1164,23277,7.337,206
555fbe85,26950,7.337,206
7cfab569,20267,7.337,206
2b5b5250,24274,7.337,206
1a3f1c83,19940,7.337,206
1fae3a91,18943,7.3342,206
37ad1477,19401,7.337,206
1ed5be16,29345,7.3315,206
7cec624b,24387,7.337,206
1278b5f5,19881,7.337,206
4d291561,18666,7.337,206
7ebf37dc,19137,7.3342,206
61deec7a,25364,7.337,206
36de2aa9,21834,7.3342,206
3359a30e,20958,7.3342,206
3b443ac2,28524,7.337,206
5049ae28,21989,7.3315,206
345f636e,14091,7.3342,150
281725a2,23335,7.3342,206
2274f4a3,25088,7.337,206
65b81926,20623,7.337,206
1b87874c,21025,7.337,206
548cd341,21812,7.3342,206
252409af,25401,7.337,206
51d8e49f,21211,7.3397,206
73827f65,26432,7.3397,206
740ca6ab,20954,7.3397,206
5396f281,18648,7.3397,206
61b23569,19138,7.3397,206
7758d9dc,23313,7.3397,206
66701062,24427,7.337,206
3b87d52d,24637,7.3397,206
296e4d7,20220,7.337,206
727f9091,20221,7.3397,206
4358313b,19017,7.3397,206
254dda32,19811,7.3397,206
10c83210,24578,7.3397,206
248e9cc7,20590,7.3397,206
6f9084f2,19042,7.3397,206
6cc7677,19813,7.3397,206
1ebdd380,29378,7.337,206
1c6ef885,25004,7.3397,206
57b93d70,19305,7.3397,206
6b0cd25,19389,7.3397,206
76e12fa0,20225,7.3397,206
31c409b,24236,7.3397,206
2a3c863a,18915,7.3397,206
1da04b29,24094,7.3397,206
19686730,25369,7.3397,206
3eca750,22319,7.3397,206
3359bed,20547,7.3397,206
1aef963c,18837,7.3397,206
7c562804,19153,7.3397,206
83fe2c7,19586,7.337,206
63b0cda4,21814,7.337,206
55e88435,28406,7.337,206
1676d3af,20247,7.3397,206
50020a5,21952,7.3397,206
2a45291b,25384,7.337,206
671e325f,24666,7.3342,206
2a60ef5,18536,7.3425,1
627030c,25063,7.3425,206
529ef22,29728,7.3425,206
1333b912,18700,7.3425,206
21d0cc27,19641,7.3425,206
1f519472,13288,7.3397,150
55cb2845,18307,7.3425,1
5bbef0c7,23672,7.3425,206
7ca8ae63,19674,7.3397,206
104dc97,25358,7.3425,206
6f495780,28470,7.3425,206
63ccd32c,23523,7.3425,206
4fd82f5a,27332,7.3425,206
4f75ddee,24039,7.3425,206
67ceab2a,24235,7.3425,206
763a4b74,23551,7.3425,206
56ba0b86,18669,7.3425,206
58965cf4,13246,7.3425,150
7c53cd79,23338,7.3425,206
7886d450,18564,7.3425,206
7ee606fd,18667,7.3425,206
4764408c,22024,7.3425,206
14fd9429,18868,7.3397,206
7627bbca,26272,7.3425,206
384dc50a,18662,7.3425,206
2dc56b5d,19040,7.3425,206
286d518b,27685,7.3425,206
7652fd10,19602,7.3425,206
e76632f,24845,7.3425,206
232c1c18,20019,7.3425,206
585ffe3a,18917,7.3425,206
45c460c0,24588,7.3425,206
13f788e7,25120,7.3425,206
722c5df4,20269,7.3425,206
7b704491,24275,7.3425,206
4f7e3785,21826,7.3397,206
295a8cca,25284,7.3425,206
6c589b6,28515,7.3425,206
1696b767,19842,7.3425,206
286a782f,20577,7.3452,206
55ab8d34,18923,7.3452,206
7f09360e,19809,7.3452,206
195ddd52,24680,7.3452,206
6ca9e96d,18910,7.3452,206
5c079b07,19150,7.3397,206
27573ba8,18896,7.3452,206
2e9cc05b,27951,7.3452,206
7c22a8b2,27720,7.3452,206
44cc5ea9,27924,7.3452,206
18132ac0,20325,7.3452,206
78ac4566,20574,7.3425,206
6638aba0,24751,7.3452,206
2eee3124,25022,7.3452,206
2faa4b13,23667,7.3452,206
35b7acf5,23529,7.3425,206
16f16448,18870,7.3452,206
494910a3,24624,7.3452,206
55f5da14,20519,7.3425,206
2b653c38,22191,7.3425,206
3c59c1b7,14164,7.3425,150
3446284a,24137,7.3452,206
3c1efa33,25194,7.3452,206
2262c854,12830,7.3452,150
21501adc,28874,7.3425,206
201dda5d,24733,7.3452,206
38fc6202,24288,7.3452,206
251cb26c,19191,7.3452,206
6e980b9e,28301,7.3452,206
4fbf6a6b,27201,7.3452,206
13e9ef3,21050,7.3452,206
41f1c36a,21019,7.3397,206
6f1bf431,24131,7.3452,206
5b43278b,21016,7.3425,206
2e7ff316,24411,7.3452,206
37997b93,13403,7.3452,150
615a8f20,19857,7.3425,206
51505546,19204,7.3452,206
13ed5f98,13742,7.3452,150
42dbe9b0,28607,7.3452,206
77cd4d44,20251,7.3452,206
3733d564,27902,7.3452,206
124ebd55,23339,7.3452,206
24e4dc9e,26348,7.3452,206
5d0c4605,25246,7.3452,206
4007b27d,23511,7.3452,206
5dbd6054,20273,7.3479,206
5f3f5751,25402,7.3425,206
603c0edd,19100,7.3479,206
1d55ccfd,21046,7.3425,206
2bdca0c3,24428,7.3479,206
efcef36,24029,7.3479,206
e3642d2,21986,7.3479,206
3d3745cd,20099,7.3479,206
73a33010,24167,7.3479,206
1acff40d,20871,7.3479,206
5c0f39ff,20262,7.3479,206
26d30554,27904,7.3479,206
21cd356e,28044,7.3479,206
4b04a2f7,21021,7.3479,206
4540cb5c,27723,7.3479,206
2e0e4806,26211,7.3452,206
10490136,19637,7.3479,206
58672014,22028,7.3479,206
369a22f5,24497,7.3479,206
6a080258,23923,7.3479,206
3210fe9e,21934,7.3479,206
53161f48,20561,7.3479,206
34fc1255,19845,7.3479,206
5340b82a,18646,7.3479,206
31c2b9aa,27571,7.3479,206
f7ba8d8,20182,7.3479,206
1ecccc50,27895,7.3452,206
2b9d2519,28131,7.3479,206
4892837d,24071,7.3479,206
1c285e80,28279,7.3479,206
4fc96d3f,29521,7.3479,206
64feaf19,26189,7.3479,206
2609eb72,21083,7.3479,206
70587e42,26431,7.3507,206
7a5c1da5,25372,7.3507,206
245e9030,24409,7.3507,206
5fd3596f,23534,7.3452,206
35c965c5,24999,7.3507,206
5c725a75,19409,7.3507,206
4659d56b,24521,7.3507,206
16d60280,20216,7.3507,206
62284641,25064,7.3479,206
68cfbad2,19996,7.3507,206
26a0e44c,19591,7.3479,206
308ccc99,20248,7.3507,206
2e5a8f7e,28761,7.3507,206
8be5a37,13714,7.3507,150
1db278d8,24687,7.3479,206
6c39c62b,27566,7.3507,206
434ca5b9,20999,7.3507,206
3c916da6,18860,7.3479,206
46ca3435,24719,7.3452,206
3cdfb139,23594,7.3507,206
32a57ac2,19587,7.3507,206
5eedd6d,29755,7.3507,206
12923a79,20276,7.3507,206
63483dfe,29944,7.3479,206
5305076b,24994,7.3507,206
4a6f14a3,25189,7.3507,206
3999ad36,19159,7.3479,206
3adb098e,19424,7.3507,206
419e7fe1,20226,7.3507,206
7366a17d,18885,7.3507,206
7e2523a,21362,7.3507,206
6517ac31,18723,7.3507,206
5744a605,25001,7.3479,206
11ef98d9,21158,7.3507,206
4096b5c,20636,7.3507,206
5c2729c8,26246,7.3507,206
2ea1c8c7,13293,7.3507,150
43e5b49a,24222,7.3507,206
61280b57,19398,7.3507,206
c796431,22479,7.3507,206
69f5751f,18542,7.3507,205
49326f16,18537,7.3507,1
271d43ce,20697,7.3534,206
6002f3f0,21002,7.3534,206
229d2f62,19675,7.3534,206
780daef8,19891,7.3534,206
35c39104,18615,7.3534,206
4229693f,13251,7.3534,150
984a827,24312,7.3534,206
1cebad81,19351,7.3507,210
350944a9,24082,7.3534,206
3ce0b3a6,24406,7.3507,206
1089f18d,18656,7.3534,206
51cfd1b8,19181,7.3534,206
4ad26b8a,19753,7.3534,206
2e9ceb24,19016,7.3534,206
175800d2,24643,7.3534,206
48029e2d,24323,7.3534,206
67efc484,19041,7.3534,206
2e63d696,28542,7.3534,206
1ac482fb,20868,7.3534,206
79ea0d18,28117,7.3534,206
254507fe,28844,7.3534,206
3c172c36,21821,7.3534,206
c708a44,20211,7.3507,206
70cccd92,22494,7.3534,206
42991c61,19822,7.3534,206
25dbc41f,20268,7.3534,206
28ac4dad,18909,7.3507,206
2ddfa212,20045,7.3534,206
66bf989a,24434,7.3507,206
25752f47,24118,7.3534,206
1a753672,24412,7.3534,206
5e75fcca,27937,7.3562,206
14fe138c,24034,7.3562,206
44e1ec33,23610,7.3562,206
6897cd49,28537,7.3562,206
f994021,19868,7.3534,206
230dd7ef,24296,7.3562,206
48e2ecff,18660,7.3562,206
3980ca85,18597,7.3507,206
5d06dc4a,25287,7.3562,206
18a67117,18320,7.3534,1
5ead9bde,26441,7.3534,206
164d33ad,28312,7.3562,206
e848650,19867,7.3534,206
4917a08f,25223,7.3562,206
76fc8fca,25099,7.3562,206
1df3f9d3,13713,7.3562,150
75869097,23552,7.3562,206
625c719b,25096,7.3562,206
710974e1,26247,7.3534,206
163bb687,19414,7.3562,206
4abe955,28407,7.3534,206
614b572,23682,7.3562,206
745dc82,24673,7.3562,206
4c01dd63,24269,7.3562,206
17bb64f7,18552,7.3562,1
3427ec57,21855,7.3562,206
1daf979d,19884,7.3562,206
5f87ab8e,19767,7.3534,206
1357e055,19843,7.3534,206
1899f33c,20228,7.3534,206
796b8ccd,20632,7.3562,206
1bd283b5,24072,7.3562,206
40150310,21366,7.3562,206
607c9818,28000,7.3562,206
45546d3e,26515,7.3562,206
4a14910a,19866,7.3562,206
213a5097,21847,7.3562,206
2582a0f0,24630,7.3562,206
43d914e3,24407,7.3534,206
2dab5153,26526,7.3562,206
5e660299,28224,7.3534,206
6e53ac85,19194,7.3589,206
734b88a0,24720,7.3562,206
6526c3a0,19669,7.3589,206
1270379e,26527,7.3589,206
7c6c9d83,24755,7.3534,206
3dd82a0c,20645,7.3589,206
5cc0d889,20698,7.3589,206
75f89958,24120,7.3534,206
4f1fd848,21504,7.3589,206
5707d4ad,28319,7.3589,206
1969270b,25232,7.3534,206
4337b03f,18685,7.3589,206
725bfd89,24481,7.3589,206
1b10fdd3,21810,7.3589,206
4b11d0c5,23367,7.3562,206
355927d0,20428,7.3589,206
18c33347,21005,7.3534,206
4a1bbe9,21979,7.3589,206
41f3d440,22413,7.3562,206
3de80c09,20945,7.3589,206
29de63a3,21823,7.3589,206
7070055,18779,7.3562,206
3c3049f8,27738,7.3589,206
3547c364,23590,7.3562,206
6a494058,19915,7.3589,206
173c815c,22418,7.3562,206
29fd65ca,25371,7.3589,206
22aadf72,18782,7.3562,206
2c110ff,24522,7.3562,206
3cc524f4,25133,7.3589,206
7184479a,19911,7.3562,206
21afaeff,12175,7.3589,155
3395af55,18632,7.3562,206
47b0a71a,25283,7.3589,206
4dfc11fb,20594,7.3589,206
1e172749,19759,7.3589,206
e6dcd9,22891,7.3534,206
422c33a8,20655,7.3562,206
6f7291df,28435,7.3562,206
4878ce17,24139,7.3589,206
2d96e4a4,19600,7.3589,206
7ecec3d5,25047,7.3589,206
5ddc0ed7,28327,7.3589,206
265b80da,24752,7.3589,206
285dea70,20881,7.3589,206
208544c5,29621,7.3589,206
1d124cb4,18766,7.3562,206
6735529c,27568,7.3589,206
1c6b8601,21840,7.3589,206
207c2a60,27384,7.3562,206
2a55f1c6,28397,7.3616,206
5db9819b,24535,7.3616,206
250c541d,18644,7.3616,206
252d6fd4,29086,7.3616,206
68c1785f,28875,7.3616,206
29af700d,22873,7.3589,206
5340482d,23631,7.3616,206
5f2cf081,25251,7.3616,206
2cf16f3f,20540,7.3616,206
62ece6ba,20240,7.3589,206
9d951fc,18658,7.3616,206
18c7938,28787,7.3616,206
58e57b81,24455,7.3616,206
36f3dc80,24437,7.3616,206
53f15e1c,26522,7.3616,206
45925128,18657,7.3616,206
745e5bca,18589,7.3616,206
7102aacd,28452,7.3616,206
7794f721,23817,7.3616,206
4afdf5ba,19913,7.3616,206
4c7b6724,26444,7.3616,206
40ba78f,24040,7.3616,206
284be8a4,25087,7.3589,206
1194a3f9,18799,7.3616,206
34e1d454,20021,7.3616,206
23b4d7ab,28246,7.3616,206
544d15b1,28539,7.3589,206
6072efaa,19219,7.3616,206
4a174845,20010,7.3616,206
575f9941,19851,7.3616,206
5a0bd484,28800,7.3534,206
5f8759e1,27989,7.3616,206
63db3f3d,21217,7.3589,206
14238353,25119,7.3534,206
1088caa7,26382,7.3589,206
7525c106,28784,7.3616,206
4fbd3a48,19160,7.3616,206
470c01f7,25385,7.3616,206
11072643,19075,7.3616,206
6b4f5c9a,28756,7.3589,206
4a71e894,18990,7.3589,206
2980c79c,20391,7.3644,206
7e3ce1e6,26229,7.3644,206
34a139ef,13747,7.3644,150
6c38e4e8,29590,7.3644,206
4b1c4321,21981,7.3644,206
6381513f,24734,7.3616,206
26f12093,20631,7.3644,206
dc59f01,27892,7.3644,206
24e9d0d3,19739,7.3616,206
4d8875d8,24206,7.3644,206
62d23142,19005,7.3644,206
43ce878e,20539,7.3644,206
29cbb86c,24647,7.3644,206
40ae6aba,19011,7.3644,206
27e33e38,27764,7.3616,206
54c853a7,20013,7.3644,206
638d4c47,28754,7.3644,206
17719082,22318,7.3644,206
29dd6eaa,24480,7.3644,206
3f1e555d,18834,7.3644,206
36f8d98d,23360,7.3644,206
1e595fcc,24068,7.3644,206
2d16ba50,26351,7.3644,206
323ebb95,21006,7.3644,206
6f7c3966,26307,7.3644,206
4c49697e,24031,7.3644,206
22853d69,24251,7.3616,206
76e773bb,18876,7.3644,206
3af0ae58,28215,7.3644,206
3b999e42,19043,7.3644,206
52c1bc05,25094,7.3644,206
44016d57,13367,7.3644,150
3b148fc8,18331,7.3644,1
4a1d4837,20208,7.3616,206
4424ff1b,29535,7.3671,206
4f41fc83,23423,7.3644,206
103f50fa,29463,7.3671,206
75f307e4,27954,7.3671,206
30c3ee3a,28760,7.3671,206
53fc131e,19069,7.3671,206
13994806,23517,7.3671,206
73356875,19229,7.3671,206
794b720f,27690,7.3671,206
56d6f122,23342,7.3589,206
b34fb36,14229,7.3671,150
65817c05,21367,7.3671,206
3c81d1cb,20327,7.3671,206
1e78175e,20996,7.3644,206
7fc6ba52,24690,7.3671,206
5936ec68,18816,7.3671,206
5f5db8c0,22037,7.3671,206
11c980fb,28253,7.3671,206
23740480,21276,7.3671,206
7de83557,24748,7.3671,206
6a2594c7,21007,7.3671,206
6976dd07,22388,7.3671,206
55880ff3,24091,7.3671,206
529d9354,23891,7.3671,206
4cce6281,27926,7.3644,206
14d8b66c,24580,7.3671,206
327a2421,24561,7.3671,206
4b19df15,23872,7.3671,206
2fe44c55,21040,7.3671,206
5efba612,29781,7.3644,206
604289aa,27891,7.3671,206
770537eb,21022,7.3671,206
31783818,18825,7.3671,206
349ca855,25000,7.3671,206
375453e2,18856,7.3671,206
f64acef,26516,7.3671,206
432f837b,26212,7.3671,206
3367cbfe,28912,7.3671,206
626803c7,18888,7.3671,206
7736872b,24170,7.3644,206
483df6ed,20884,7.3671,206
4588ec2f,20218,7.3671,206
67dca962,20624,7.3671,206
2490756d,22536,7.3671,206
33d658c,24361,7.3671,206
1d61850,19769,7.3671,206
25bbd91d,18308,7.3671,1
3c336b1,27705,7.3671,206
92adb5a,29926,7.3616,206
245f00b9,22034,7.3671,206
675adafe,28538,7.3616,206
4ca610bb,20404,7.3671,206
7d0385e7,23260,7.3699,206
67ef4248,24092,7.3699,206
3b69ccc4,25102,7.3671,206
47b620da,27631,7.3699,206
26fba976,23911,7.3644,206
3b9b42e3,18738,7.3699,206
291cc17d,25124,7.3699,206
1ce25a75,25045,7.3699,206
65d65221,19856,7.3671,206
4ee1a6b8,28643,7.3699,206
3827ef4e,23557,7.3699,206
43ec4125,19793,7.3699,206
22819fe1,24128,7.3699,206
178359ca,20765,7.3699,206
6116396f,28762,7.3699,206
664ce79c,24273,7.3699,206
3adc85ae,25019,7.3699,206
31e0cdc3,20442,7.3699,206
47887719,20907,7.3699,206
6958869e,22286,7.3699,206
39d5179b,24676,7.3671,206
3824673a,28316,7.3699,206
3c90ff98,18668,7.3699,206
7f2536c8,23563,7.3699,206
1151e2e2,22403,7.3671,206
a9569c,19737,7.3699,206
1b2ffc04,22076,7.3699,206
79e99691,21001,7.3699,206
20f8bcc6,21087,7.3699,206
3ea00cc9,27688,7.3699,206
74f7a037,21802,7.3699,231
10dcbd71,29429,7.3699,206
17f319fc,20914,7.3699,206
292af7bf,25431,7.3671,206
75273d20,19192,7.3671,206
59567345,20541,7.3699,206
4bdfb109,24828,7.3671,206
2e0565d,24076,7.3699,206
77a24445,23991,7.3699,206
3b20a9ac,25049,7.3699,206
ae834d9,18881,7.3671,206
dc11038,20070,7.3644,206
2c67aea5,24589,7.3699,206
d13fd63,27972,7.3699,206
687600e8,24657,7.3699,206
56a5a983,23546,7.3671,206
53e023bf,23548,7.3699,206
410a2445,25067,7.3699,206
19a30dcc,24826,7.3699,206
62b156ca,13746,7.3726,150
309e6cf8,19193,7.3726,206
20264ea2,20117,7.3699,206
21eafa07,21159,7.3699,206
4985eff6,28913,7.3726,206
50b5ee33,18955,7.3699,206
abfa392,27826,7.3726,206
187eaf39,19713,7.3726,206
6eb244f3,21867,7.3699,206
8aeec8c,25244,7.3726,206
7ffa6d38,28818,7.3699,206
12900299,19951,7.3726,214
6ef949e4,19064,7.3699,206
730b6d79,19479,7.3699,206
11cc123b,20249,7.3726,206
3df32e97,23963,7.3726,206
2fe5777a,27616,7.3726,206
b77ad0b,20069,7.3726,206
6fb31e8c,19179,7.3726,206
7a5b3b94,25355,7.3726,206
4fc1dff6,23892,7.3726,206
5ef825de,24388,7.3726,206
5aa2d7dc,22478,7.3671,206
6c0b3676,20053,7.3726,206
4f2f37f8,19072,7.3671,206
50663d16,21414,7.3726,206
1c360cf1,21843,7.3726,206
293b2187,29523,7.3726,206
3206d73f,24038,7.3726,206
66288174,19607,7.3699,206
1f9d43af,23674,7.3699,206
6eb69cac,23159,7.3726,206
7ef243c7,19935,7.3726,206
528f896c,18722,7.3699,206
2248bda3,20007,7.3699,206
573d027e,24724,7.3726,206
66e8162d,20617,7.3726,206
3bbd8f25,26943,7.3699,206
15d7b5d7,26941,7.3726,206
7215b76b,18962,7.3726,206
4d0465a5,27585,7.3699,206
1a970f87,25305,7.3699,206
3246780f,18810,7.3699,206
6d372fc3,23971,7.3726,206
370468d,18836,7.3726,206
21399a53,19977,7.3726,206
203e087b,19827,7.3726,206
74a37288,27502,7.3726,206
756606bf,18622,7.3726,206
18e0e142,22404,7.3753,206
484d4ff5,23789,7.3753,206
27955346,23910,7.3753,206
77c5128f,29940,7.3726,206
6283faf5,18887,7.3726,206
7d76ed16,20012,7.3671,206
5fe637aa,24498,7.3753,206
52644073,20191,7.3753,206
2f4d4c98,20213,7.3753,206
65990a3a,24095,7.3753,206
21a9cf47,24621,7.3753,206
b2c2a44,18635,7.3753,206
3febfa79,24876,7.3753,206
7b3b948a,20125,7.3726,206
71dfa848,26349,7.3753,206
3e573ef9,28674,7.3753,206
454359c8,20245,7.3753,206
13b22bd3,29336,7.3753,206
51f80c78,27693,7.3753,206
79a65deb,20693,7.3753,206
5e9e0991,24651,7.3753,206
59b9444d,20215,7.3753,206
6726aa69,22892,7.3753,206
5bd7101a,19599,7.3753,206
81546bb,19299,7.3753,206
10d5478e,19403,7.3753,206
3e290684,23278,7.3753,206
479be632,18833,7.3753,206
8dddf20,29520,7.3753,206
1790bae0,27927,7.3753,206
6e449802,19418,7.3753,206
4e15345e,25224,7.3699,206
74c6e325,22480,7.3753,206
22dd61f,24223,7.3753,206
221d70dc,13735,7.3753,150
454d1705,28775,7.3753,206
6d10b42,23905,7.3671,206
6aa0b8a9,26434,7.3699,206
2372aeb1,20026,7.3753,206
eaa70e5,19917,7.3753,206
aff169,19643,7.3753,206
6f256425,29491,7.3726,206
59145856,28753,7.3753,206
4e436c9,19187,7.3726,206
7bbfab85,23578,7.3753,206
3f7fec9b,28856,7.3753,206
44d2c5ca,19296,7.3753,206
61a5f1e7,21157,7.3753,206
37338208,28533,7.3753,206
7538c2a5,28244,7.3726,206
67c08dd5,29504,7.3781,206
279bae82,24631,7.3781,206
3d495c4,19176,7.3781,206
7535c32e,27903,7.3781,206
2d522562,22258,7.3753,206
3bd12ea6,23554,7.3781,206
1deb46e2,24357,7.3781,206
581cb22c,19887,7.3781,206
2209f813,19916,7.3781,206
3e594812,22618,7.3781,206
4e5a563f,20963,7.3753,206
3ad42901,19257,7.3781,206
79fe63cf,27994,7.3753,206
4b68c648,25353,7.3781,206
76d880db,28711,7.3781,206
1b7c3773,19195,7.3781,206
1196dfc8,18847,7.3753,206
553deec4,21817,7.3781,206
1c411134,19307,7.3753,206
2ead943f,18580,7.3699,206
5410f936,23520,7.3781,206
735f04e3,23364,7.3781,206
6783730d,18541,7.3781,205
25cd1fae,27949,7.3781,206
76c78b68,21047,7.3781,206
2a440b73,28219,7.3781,206
7d34f14f,25238,7.3781,206
153feff,24632,7.3781,206
4c2ea114,19471,7.3753,206
678ff32,24201,7.3781,206
5c1cd83b,24252,7.3781,206
42267141,20613,7.3781,206
7b394e10,19188,7.3726,206
3af9bf2a,24486,7.3753,206
9e754e,25125,7.3753,206
71c3a065,18764,7.3726,206
40bb3983,25012,7.3753,206
37ccce51,20592,7.3781,206
440be9e3,18835,7.3781,206
2827a98f,28519,7.3753,206
3149ea29,19406,7.3781,206
10e1e9a3,23719,7.3753,206
60260417,28001,7.3781,206
7b79bd01,24515,7.3781,206
6e870830,20114,7.3753,206
1061af6b,24773,7.3781,206
403717cc,18653,7.3781,206
76103b7e,24760,7.3781,206
20006b04,18886,7.3781,206
3d078298,24681,7.3781,206
607f4372,27634,7.3781,206
45767b83,18919,7.3781,206
32ca6398,18794,7.3781,206
11b1668e,21363,7.3781,206
718ac42b,22393,7.3753,206
10a32562,25373,7.3808,206
667ffe96,25174,7.3808,206
7489762,20976,7.3808,206
1dd70413,25409,7.3808,206
14d6bafe,24541,7.3808,206
d446dbc,18769,7.3781,206
4ef408f1,20909,7.3781,206
6ba67aa0,19166,7.3808,206
4a863c60,25098,7.3808,206
64019101,25234,7.3808,206
adcbef0,24682,7.3808,206
4312d8d4,23358,7.3808,206
52f7a671,27916,7.3808,206
3b7906d9,21342,7.3781,206
29e9e573,18297,7.3808,202
4188e0d6,20042,7.3808,206
2eccfd29,26251,7.3808,206
3c72cf08,20614,7.3808,206
416712af,24761,7.3808,206
2743a58d,21343,7.3808,206
21cb6fe3,24940,7.3808,206
6dcaa41d,21935,7.3808,206
68a7eb46,24444,7.3753,206
1665f1dc,29702,7.3808,206
112c6e97,22538,7.3808,206
2bf9def2,21822,7.3808,206
51b71819,27580,7.3781,206
3e8a214,24584,7.3808,206
69d24b2,19139,7.3808,206
7437aa20,21011,7.3808,206
11dcf41a,29603,7.3808,206
78c251e8,23884,7.3808,206
179552f6,18767,7.3808,206
5eba8c8e,29082,7.3781,206
1360faf3,22240,7.3808,206
36e450c8,28608,7.3808,206
22e2e54d,22511,7.3808,206
50ffddf8,26523,7.3781,206
2830cf67,20916,7.3808,206
42179698,19388,7.3808,206
56e96d21,19272,7.3808,206
7f287ece,20616,7.3808,206
75fc5359,26301,7.3781,206
5b19e176,24642,7.3808,206
25440fdb,20414,7.3808,206
19a6dbb3,19877,7.3808,206
e572545,22880,7.3781,206
1a5177a8,19146,7.3808,206
1e9b05e4,24581,7.3808,206
1f6e89ee,24577,7.3753,206
4d59a29a,27666,7.3808,206
303aa2f3,24997,7.3808,206
770c4bc,21654,7.3808,206
6b1ac2cf,25039,7.3781,206
168d0fcd,23668,7.3808,206
7d47c50b,20557,7.3808,206
3c0d0e7f,26454,7.3808,206
180fdd6a,20014,7.3808,206
67563872,27703,7.3781,206
247ad60e,25180,7.3753,206
42f8ab66,28535,7.3671,206
618a0fd,19391,7.3808,206
50db9de4,26277,7.3836,206
2263fb57,19302,7.3836,206
25c7c7e6,18590,7.3836,206
6aa30171,19606,7.3808,206
7c7f924f,25065,7.3808,206
5727f631,20591,7.3836,206
4cc4f3c4,21012,7.3836,206
76428a7b,25387,7.3836,206
498a54b,24735,7.3836,206
6c664d97,20235,7.3836,206
4a45c0f3,19460,7.3808,206
757c90c,18618,7.3836,206
65248acf,29541,7.3836,206
2457c9dd,19268,7.3808,206
7a032235,25002,7.3836,206
43a58bd0,23790,7.3836,206
2960399,26442,7.3836,206
18953b37,23404,7.3808,206
7b64a09a,21940,7.3808,206
14f04f2d,28543,7.3836,206
26c81ce1,26271,7.3808,206
1735d78c,23476,7.3753,206
498bd580,23522,7.3836,206
5f1472bb,18699,7.3836,206
395d42ac,27638,7.3836,206
ed7bbc,18611,7.3836,206
6979ac0c,24122,7.3836,206
17dd89f4,20429,7.3808,206
6ba0a01e,20068,7.3781,206
383bd7e4,29540,7.3808,206
791782d5,24054,7.3808,206
53607bc4,20388,7.3836,206
2809ca75,28521,7.3753,206
46472f3a,20978,7.3808,206
4f7c1040,23013,7.3836,206
202554e1,20222,7.3836,206
70cba57a,24653,7.3836,206
16778374,26248,7.3836,206
6936407f,20937,7.3836,206
4236cf80,20257,7.3836,206
633e93e4,23885,7.3836,206
5dc68a40,26448,7.3836,206
4e731a8c,19751,7.3836,206
64b55c15,18617,7.3836,206
3f5bcd44,26300,7.3836,206
28edd8f8,21816,7.3836,206
7ead4d25,20425,7.3836,206
3087be21,19240,7.3836,206
51577498,19742,7.3836,206
173b4c52,25408,7.3836,206
9b94a3e,22387,7.3836,206
4428b9e,23878,7.3808,206
574cb476,28356,7.3836,206
6e5bdc3a,27749,7.3836,206
23cf547f,24708,7.3836,206
60e41282,22364,7.3808,206
706a7b7b,24663,7.3836,206
4060d340,24753,7.3836,206
19d51b9f,18571,7.3836,206
59e57a25,19415,7.3836,206
7af773c1,25111,7.3836,206
3fe49a71,28540,7.3836,206
3c4b550c,22287,7.3836,206
d73b8f9,25089,7.3836,206
28f72cda,24757,7.3808,206
7fb5df20,19018,7.3863,206
3e1dd26c,24290,7.3836,206
58980396,27701,7.3863,206
48bccc0c,24289,7.3863,206
19a146e4,20209,7.3863,206
49ff690e,28841,7.3863,206
51e35714,28287,7.3863,206
7f113d88,27017,7.3863,206
6c14d2e8,22320,7.3863,206
5e11717d,18639,7.3863,206
97b1e2f,28030,7.3863,206
1581c65c,27755,7.3863,206
630a4419,29350,7.3836,206
29435902,21055,7.3863,206
3447cbb7,19555,7.3863,206
21c31c8f,19469,7.3863,206
37676ec7,20150,7.3863,206
7c8c4fce,28759,7.3863,206
73ec374e,21964,7.3863,206
6724c525,27925,7.3808,206
563f7f54,27660,7.3863,206
1b888519,28675,7.3863,206
495d182a,20563,7.3863,206
6507a7d8,28550,7.3863,206
7b6b6689,24479,7.3808,206
174f84f3,23722,7.3836,206
4f2ed8a5,24661,7.3808,206
6fd1a0e7,29362,7.3836,206
69b92ac8,21953,7.3863,206
2ba4310,22495,7.3836,206
3b684812,27661,7.3863,206
59dc1100,19892,7.3863,206
cd2cb20,20648,7.3863,206
79138f99,27680,7.3863,206
29e1f168,27714,7.3863,206
5030149e,18316,7.3863,203
695d5b89,25153,7.3836,206
c577e7c,19254,7.3808,206
2a9ba42f,19023,7.3863,206
f2f4deb,19312,7.3863,206
7adfc106,22190,7.3863,206
79dd5cc7,23518,7.3863,206
4ece791e,19982,7.3863,206
39031634,20997,7.3863,206
3d5037e3,25417,7.3863,206
2e787fea,19157,7.3836,206
1343e5b2,19465,7.3863,206
32d0f358,18659,7.3808,206
e0325ce,28422,7.3863,206
63e99ccb,27619,7.3836,206
6f0b9b71,24268,7.3863,206
5a74effb,24052,7.3863,206
4dce9c2e,23369,7.3836,206
626e4e98,24573,7.3863,206
518d81b7,19829,7.3863,206
521a0fa0,20869,7.3836,206
64d4cfa6,27659,7.3863,206
2c7bb74a,20426,7.3863,206
15ed6107,23316,7.3863,206
5e7f7ac,19744,7.3863,206
385a4e9e,24102,7.389,206
49ea6f38,20556,7.389,206
3771da5b,25333,7.389,206
d11118e,19775,7.389,206
67d5800c,24453,7.3863,206
7d5ca061,28112,7.3836,206
44461e93,24467,7.389,206
415eeaf4,27677,7.389,206
ac0c733,20141,7.389,206
128721a2,18818,7.3863,206
664107e7,25100,7.389,206
507e5891,20681,7.389,206
5c0be4f2,28236,7.389,206
772a54e0,18869,7.389,206
19ba0bdd,24654,7.389,206
3b2262ab,18636,7.389,206
380d3d49,20538,7.3781,206
1d25e3fc,24703,7.389,206
5408f766,29593,7.3863,206
51f67955,20897,7.389,206
7c17f076,27570,7.3863,206
4bbfe0,19308,7.389,206
2da16dc8,29456,7.389,206
1f295183,19185,7.389,206
c8936c7,25425,7.389,206
4fdef360,19521,7.389,206
6937187e,24549,7.389,206
3dc947be,18773,7.3863,206
3c47f992,18812,7.389,206
391f9f12,18626,7.389,206
483a7cd9,29510,7.389,206
5b331ad,26279,7.389,206
79bddfd3,24121,7.389,206
72ce71c3,27316,7.389,206
41406677,25386,7.3863,206
7695948a,24416,7.3863,206
6ee68935,20084,7.389,206
106562c9,19253,7.389,206
31a71e35,25336,7.3863,206
136d823e,25048,7.3863,206
4b994c7,23718,7.389,206
bd30964,21361,7.389,206
8e2ef0d,19051,7.3836,206
460839f9,25156,7.3836,206
7d4078db,20671,7.389,206
2c3693f,25354,7.3863,206
2e79bf93,24456,7.389,206
4a14da0c,24811,7.3863,206
371d6614,27992,7.389,206
2ea337bd,27750,7.3863,206
4d54f546,25248,7.389,206
332cda97,28232,7.3863,206
2abfd75c,21358,7.389,206
377226fe,23976,7.3863,206
4617bcbd,28012,7.3863,206
2c039ffc,18623,7.3863,206
792e0089,18873,7.3836,206
2d7f2dc7,23676,7.3863,206
56f69e81,29534,7.389,206
663a07dc,28414,7.3918,206
3a11132e,23864,7.3918,206
6f9979da,24254,7.3918,206
3bdc70fb,20024,7.389,206
7165e10f,27641,7.3863,206
59bce397,24677,7.3918,206
6f8e0b9b,25390,7.3918,206
4b7df819,23677,7.3918,206
13fe1225,26231,7.3863,206
9d24fa2,22389,7.3918,206
50c2bc5,20198,7.389,206
611b0255,28853,7.3918,206
2de0eb96,23893,7.389,206
322dff62,26257,7.3918,206
16b4640e,19203,7.3918,206
753823c7,25152,7.3918,206
3b7a4502,20562,7.3918,206
5fa84ddf,19778,7.3918,206
5f2ecaad,27726,7.389,206
225e8c5,27676,7.3918,206
3784689b,18652,7.3918,206
6f78dddc,24008,7.3918,206
7931a19b,22029,7.3918,206
31653b7,25344,7.3918,206
2ac49ada,25416,7.389,206
78a3c87,20872,7.3918,206
135e4c5d,14270,7.3918,150
22e42e6a,20934,7.3918,206
2cf872a6,20895,7.3918,206
7ac01dba,26350,7.389,206
1b1d8a1b,25211,7.389,206
1889706c,20054,7.3918,206
770b4c99,29459,7.3918,206
d5ca20f,24502,7.389,206
7a66bced,25392,7.3863,206
29bfa9dd,24762,7.389,206
4fd57f7,18321,7.3918,1
6c59d1bd,24443,7.3918,206
2397890f,20708,7.3918,206
77323de1,24740,7.389,206
191e9e1f,20570,7.389,206
57d3dfb2,22345,7.3918,206
3b6870b8,26437,7.3918,206
2428492b,29349,7.3918,206
4213a57a,24267,7.3918,206
2f103541,29743,7.3918,206
31020771,27921,7.3918,206
6e655c5e,23439,7.3918,206
4071c6ee,19554,7.3863,206
7dee3336,28263,7.389,206
3ce5937e,22874,7.3918,206
1d7d321c,25029,7.3918,260
e6c7690,28857,7.3918,206
593e1a41,23361,7.3945,206
17b6f13e,26435,7.3945,206
758eed5,29420,7.3945,206
7341c1f0,28399,7.3945,206
5a8431cb,29393,7.3945,206
5dfb429f,28320,7.3945,206
f81a90,19136,7.3945,206
7a1b04a4,20427,7.3945,206
3a757374,23997,7.3945,206
1296fc8c,27936,7.3945,206
47466b8b,29091,7.389,206
3c3710c1,28518,7.3945,206
1e2b1dc7,19180,7.3945,206
fd433a5,19684,7.3945,206
7b3a0be7,25225,7.3918,206
7f8fad59,27933,7.3918,206
398c424a,28226,7.3945,206
17eb07c5,28854,7.3918,206
3c2543ec,18591,7.3945,206
3ec2c454,24890,7.3945,206
65874fd4,13247,7.3945,150
2a9da98e,25346,7.3918,206
3cb1b512,24545,7.389,206
147936b4,27952,7.3945,206
4b5f2200,19459,7.3945,206
77ccbac9,22883,7.3945,206
c49333c,28380,7.3945,206
3de10e82,24228,7.3945,206
45f14c54,29500,7.3945,206
60f0431c,20749,7.3945,206
528d2220,28289,7.3945,206
17182b9e,23690,7.3918,206
2238a2e1,24749,7.3945,206
4032fd19,27516,7.3945,206
7b954b1d,19802,7.3945,206
2d07db2a,14124,7.3945,150
4a4f4bc1,21907,7.3945,206
1d42bda4,20085,7.3918,206
4c5ed0b2,28872,7.3945,206
5f139c98,27763,7.3945,206
6fb2c5f8,24429,7.3945,206
6715ea37,23043,7.3945,206
5df46d27,19134,7.3945,206
1ec0dd5d,20067,7.3918,206
67244678,27905,7.3945,206
2f285cf9,19396,7.3945,206
51cb916e,23362,7.3945,206
3a55ea79,21830,7.3918,206
49f9843f,30578,7.3945,206
cab1cfe,19267,7.3945,206
61094606,20115,7.3945,206
1108f50d,27334,7.3918,206
6c44eba8,24069,7.3945,206
69194263,22264,7.3945,206
3d01ff52,24562,7.3945,206
1613a782,28783,7.3945,206
5d410743,20684,7.3945,206
7e684cd2,24283,7.3945,206
4c21c722,20266,7.3918,206
3c323db3,20943,7.3945,206
732834f,24250,7.3973,206
47055693,19334,7.3973,206
12ab3a2f,29760,7.3973,206
2e19fa74,19056,7.3945,206
6c433042,28220,7.3973,206
19f4297,24417,7.3945,206
4a2e7ac9,24075,7.3973,206
2b05f3a2,24887,7.3973,206
5eb117a0,19208,7.3945,206
70cc3e4f,18829,7.3973,206
322a100a,29512,7.3973,206
25c16d1b,19224,7.3945,206
1c80b358,24244,7.3945,206
737f601e,23591,7.3945,206
181ccb89,23625,7.3973,206
4ec6d33d,19734,7.3973,206
60c1d64b,27678,7.3973,206
79c2b378,28357,7.3918,206
77c7f4a,23343,7.3973,206
7fdb0ba3,18937,7.3973,206
11c6f99d,25342,7.3973,206
5c4cbf33,27955,7.3973,206
7df3d1ae,19499,7.3973,211
19117775,25213,7.3973,206
3e30e1e7,19794,7.3945,206
181cedad,24107,7.3945,206
7b8121a1,18822,7.3973,206
69b95b7b,23363,7.3945,206
50bfa072,19475,7.3945,206
2fb14e4d,20318,7.3973,206
5d4ffe33,19914,7.3918,206
7e0e0462,24255,7.3945,206
5019d971,28646,7.3973,206
539f97e1,19978,7.3918,206
767968f9,21536,7.3973,206
dc39079,21799,7.3973,231
5465ae63,18871,7.3973,206
5ac69d99,27317,7.3973,206
75c939bf,28369,7.3945,206
48cab95f,27315,7.3973,206
31a50093,19745,7.3973,206
5f61696b,22032,7.3973,206
72f1f1a6,20724,7.3973,206
63d9a7f9,20015,7.3945,206
5bd68155,21818,7.3973,206
7e44fa9c,25247,7.3973,206
677ccc5f,29497,7.3973,206
3302cbea,19168,7.3973,206
1dca541c,20107,7.3973,206
4403cd23,29335,7.3973,206
2e0b5497,18952,7.3973,206
4db5fe54,20246,7.3973,206
451cffc8,19608,7.3945,206
60e4211a,24271,7.3973,206
2f41f3ae,25356,7.3973,206
75f159b0,22093,7.3973,206
57310a79,24277,7.3973,206
169c1d74,24662,7.3945,206
36e0408a,25407,7.4,206
4923b33f,29396,7.4,206
169e1aa0,20560,7.4,206
601fc2ba,19154,7.3973,206
544f3a23,24857,7.4,206
a1d1de,26331,7.4,206
668c9070,22260,7.4,206
53199e92,28225,7.4,206
552b270b,22619,7.3973,206
5b8a3351,18911,7.4,206
59072740,28415,7.4,206
650358b5,21041,7.3918,206
699c3861,25375,7.3973,206
63868eb8,22289,7.4,206
35b88af,29357,7.4,206
7ce2be81,23800,7.3918,206
74b5de4c,21368,7.3973,206
181e283d,29622,7.4,206
23916d2c,18793,7.3973,206
7c509701,20646,7.3973,206
152f38bc,27314,7.3945,206
4fb2c3eb,24096,7.4,206
67622f3c,21813,7.4,206
1f72444e,24908,7.4,206
73f475c4,26966,7.4,206
2a004dca,20326,7.4,206
5ced9c79,18578,7.4,206
5130e39e,29081,7.4,206
1bae629,24037,7.4,206
7bfc289f,18756,7.4,206
29fc85c9,26252,7.4,206
1942cadb,27956,7.4,206
4fb8f67e,23336,7.4,206
1965ca0e,22241,7.4,206
54fac626,21959,7.3973,206
5be1da70,21286,7.4,206
11c1f815,25422,7.4,206
53e2cc74,23960,7.4,206
646059bc,24820,7.3945,206
66a968e0,20990,7.3973,206
334e0c1f,21386,7.3973,206
760af76e,19844,7.4,206
3d0d7b4b,19099,7.4,206
10c1edaa,24421,7.3973,206
3d02693a,25161,7.4,206
78538c63,24840,7.4,206
24447cf7,22310,7.3945,206
5f7f9d45,19012,7.4027,206
40cc97bd,20910,7.4027,206
442ca2ce,24505,7.4027,206
6ea97d27,21835,7.4027,206
6d6610bf,28262,7.4,206
4ed03de3,28400,7.3918,206
6a053afb,22027,7.4,206
4fe022d9,26290,7.4027,206
125e2072,19014,7.4,206
5dae38ff,25228,7.4,206
1ebf1353,25191,7.4,206
50070cb7,27424,7.4027,206
33b9eb75,19831,7.4,206
1f7c543d,19044,7.3973,206
2d3d2cdf,22210,7.4027,206
79bff90a,20387,7.4027,206
11b5303e,28147,7.4027,206
6d2b833e,23044,7.4027,206
100bff1a,23673,7.4027,206
7ea9494e,23679,7.4027,206
167a23b8,26268,7.4027,206
2e76d589,21411,7.4027,206
1ff5910a,23293,7.4027,206
4a95d9c2,25394,7.4027,206
50495ec1,23279,7.4,206
17e9c093,28370,7.4027,206
fab857a,19743,7.4027,206
3ce52844,19992,7.4027,206
26c0d64f,20166,7.4,206
7f74675c,21048,7.4027,206
2c27bd9d,20441,7.4,206
3c5a424f,24664,7.4027,206
39150755,19178,7.4027,206
1947dc96,20250,7.4027,206
45d51665,21919,7.4,206
548f9017,18975,7.4027,206
45311a7c,26306,7.4027,206
7f27a239,23365,7.4027,206
62b5cd20,20998,7.4027,206
4943b6f5,28544,7.4027,206
23dba473,28132,7.4027,206
fbe892d,19985,7.4027,206
2799bfe5,19052,7.4027,206
6a36b390,20294,7.4,206
26a6bf3b,24718,7.4027,206
5d2abd23,27586,7.3973,206
372657f4,21018,7.4027,206
29453892,18783,7.4,206
7b1ffdf5,19677,7.4027,206
73549410,22421,7.4027,206
7648e479,19714,7.4027,206
28bc43,25185,7.4027,206
45c19e6,22521,7.4027,206
53ffe969,29347,7.4027,206
25a75e83,24499,7.4027,206
62a5b443,20402,7.4027,206
272ac6f0,29198,7.4,206
43dd68da,21415,7.4,206
6f456569,23604,7.4027,206
208dd36e,29810,7.4,206
51618cc9,27716,7.4,206
79d2b587,27897,7.4027,206
3d78e9f9,25430,7.4,206
73205b9b,24449,7.4027,206
2efa96f2,19053,7.4055,206
42e87027,22183,7.4055,206
38257ea2,24721,7.4055,206
657c3070,18647,7.4055,206
49a806be,26384,7.4055,206
339f447f,24225,7.4055,206
7f7f7747,21954,7.4055,206
21b4cbe1,21897,7.4027,206
2820b49f,18949,7.4055,206
4ec9fd91,28368,7.4055,206
409185fb,28304,7.4055,206
6155a158,23119,7.4055,206
6830ba6a,18695,7.4055,206
6fdc9f4e,19400,7.4055,206
42f55a66,19074,7.4055,206
e667c01,28676,7.4055,206
48872f5e,26520,7.4,206
6368744d,19815,7.4027,206
68c5a181,25432,7.4055,206
8be095,24108,7.4055,206
3d3012f1,29087,7.4055,206
1d5ac306,24439,7.4055,206
1987dfb7,27917,7.4055,206
58d6b085,23975,7.4055,206
7066c42,20023,7.4055,206
3a1c41c9,18844,7.4055,206
103040a3,18543,7.4055,205
7115f77f,20062,7.4055,206
1c2a3340,29419,7.4055,206
28fa28fb,25219,7.4055,206
5115f65d,22481,7.4055,206
70302624,21336,7.4055,206
2e408952,24336,7.4055,206
63bd1fe9,22219,7.4055,206
1a794e95,28313,7.4027,206
41ec8f72,19941,7.4055,206
1a1e38b8,28302,7.4055,206
6b895af8,28864,7.4027,206
138e6b7,30552,7.4055,206
412944c2,27997,7.4055,206
6e03d5d1,24574,7.4055,206
4a604959,19824,7.4027,206
1a3dbb66,29601,7.4055,206
3b426c43,20279,7.4,206
30c620bd,22406,7.4055,206
78248d7d,28322,7.4027,206
fb5ff94,25419,7.4055,206
273dba55,28887,7.4055,206
26ffb5c7,26292,7.4055,206
7a6c9b00,18553,7.4055,1
5a059286,19135,7.4055,206
10207481,19676,7.4027,206
4baaaacf,23524,7.4055,206
55809c21,20899,7.4055,206
7a519504,28801,7.4027,206
461e3549,20129,7.4055,206
23e7a5b5,24389,7.4055,206
30704934,23381,7.4055,206
2e127127,24313,7.4,206
7f228150,22064,7.4055,206
6176490c,14125,7.4055,150
537d85ff,13371,7.4082,150
6e5b4dfe,23383,7.4082,206
5186964,24652,7.4082,206
503ee536,28468,7.4082,206
56757ee2,27743,7.4082,206
6b29d2eb,24706,7.4082,206
69185bae,24365,7.4082,206
6fa5339d,20432,7.4055,206
5d98dfce,20903,7.4082,206
1b0dde50,19733,7.4055,206
667231bd,19766,7.4082,206
4d1cc3f6,24763,7.4082,206
8c779f1,19333,7.4082,206
88e7be0,19693,7.4055,206
56610334,26311,7.4055,206
23eba8f6,14177,7.4082,150
54638aef,24776,7.4082,206
472acc6f,22390,7.4082,206
7a5fa753,25175,7.4055,206
665aed97,20564,7.3973,206
7fcbf0e6,24287,7.4082,206
504a298e,25160,7.4082,206
21ed3488,18624,7.4082,206
5f3f945b,25092,7.4082,206
65f87c7a,23636,7.4082,206
174349a1,24051,7.4055,206
37afd76f,26340,7.4055,206
7f2eec66,26945,7.4082,206
5c902294,24391,7.4082,206
511376e6,24645,7.4082,206
184ec704,19480,7.4082,206
108b55b7,20050,7.4082,206
4d5241b0,18625,7.4082,206
73cbaba,19416,7.4082,206
69242bbe,20546,7.4082,206
23c8edc0,20713,7.4082,206
36d846ee,22396,7.4082,206
7cc867c8,23879,7.4082,206
1ec3fb81,24504,7.4082,206
6ee86d86,24904,7.4055,206
56f25a3c,21955,7.4055,206
32b01bcf,20016,7.4082,206
df9dc76,19896,7.4082,206
ce731bb,27751,7.4082,206
7a0361eb,20651,7.4055,206
4800a9a1,25217,7.4082,206
7a5cbd0d,24622,7.4055,206
3985d45c,22186,7.4082,206
cda503e,20076,7.4082,206
415abda5,29398,7.4082,206
5ef1c456,18619,7.4082,206
333e40df,18796,7.4082,206
49c1cce0,29121,7.4082,206
17442e46,19491,7.4082,206
3e70e9e,20349,7.4082,206
5364a9c0,28317,7.4082,206
5f80d882,24306,7.4082,206
1405c980,27663,7.4082,206
2205f358,24626,7.4082,206
19ad8a78,26233,7.4082,206
6ff11a24,29457,7.4055,206
55028793,23558,7.4082,206
58102158,25296,7.4082,206
2d1b8e68,24418,7.4082,206
4a5c91d5,29559,7.4082,206
77ea3e90,23605,7.4082,206
6242f447,28647,7.4055,206
b23b912,24073,7.4082,206
526043cf,18540,7.4055,1
23f9ef25,19004,7.4055,206
434c678d,20413,7.4082,206
d8510b6,24315,7.4055,206
1b78d33d,27760,7.411,206
4b5695a6,23597,7.411,206
4f404368,28222,7.411,206
27badb2e,20965,7.4082,206
29f7fcf,29489,7.411,206
5fa3a59a,24674,7.4082,206
5a874cbb,28243,7.411,206
20a7e06d,22868,7.4027,206
51352cfc,29623,7.4027,206
28ad5012,29432,7.4082,206
6ae0afe8,23387,7.411,206
755b9e51,27922,7.411,206
d711eca,28387,7.4055,206
4f1ee2b6,28830,7.411,206
9ee3018,20568,7.411,206
c6cf8a1,24177,7.411,206
345fa0c8,19706,7.411,206
603f890a,27650,7.411,206
18291be5,20625,7.411,206
61711543,26191,7.411,206
73eb41b1,20077,7.411,206
56d37fa3,24348,7.411,206
42b38605,23271,7.4055,206
1a7bade5,21353,7.411,206
3a7bf6e4,20938,7.411,206
76ca520f,19704,7.411,206
30c82559,29876,7.411,206
26904f78,27346,7.411,206
2407a35d,26216,7.411,206
76368e7c,25150,7.411,206
5ff9afc2,25110,7.4055,206
3a50be0f,27963,7.411,206
6605421b,29492,7.411,206
1e1fddb2,19306,7.411,206
5c98e563,20433,7.411,206
4e8dd68d,23270,7.411,206
7192a995,20683,7.4082,206
11001858,21815,7.411,206
a2854e6,24390,7.411,206
2db2e795,20883,7.411,206
278fb8cc,25158,7.4055,206
2ab1c290,19113,7.411,206
4e8b1852,29088,7.411,206
5f581b03,25020,7.411,206
171feb6a,18941,7.411,206
331e0e5b,28586,7.411,206
25c1d9e2,21241,7.4082,206
3a5e5e5a,20278,7.411,206
6c90ebd4,24454,7.4082,206
52f2a6c0,29757,7.411,206
11dd0613,26942,7.411,206
3af8d303,23333,7.411,206
351f8abd,24743,7.4082,206
4c8bff93,24754,7.411,206
30975dca,27645,7.411,206
25aa55f6,26318,7.411,206
6c29699c,21998,7.4137,206
391441f,23882,7.4137,206
7f4d74ed,18980,7.4137,206
75be0fc3,22525,7.4137,206
24cf167,18944,7.4137,206
5575666f,24469,7.4137,206
250e1d3b,25393,7.4137,206
36b0e87b,26385,7.4137,206
5d4d70,25062,7.4082,206
4b2269a1,23269,7.4137,206
31f0ef6b,21541,7.4137,206
56b957c8,29176,7.411,206
34353e81,23953,7.4137,206
519736a9,26249,7.4082,206
4251e65,19006,7.4055,206
3218223d,27633,7.4137,206
2f44c3c9,27582,7.4082,206
478e9af6,26204,7.411,206
6b746254,24591,7.4137,206
180ebccd,19814,7.4137,206
2ee72e68,20915,7.411,206
115d7e8e,28758,7.4137,206
22b71f79,28288,7.4137,206
7a069db8,22347,7.411,206
6a99bfb9,25403,7.4137,206
616fae38,24488,7.4137,206
79c8ef3,19859,7.4137,206
6283d7e8,19997,7.4137,206
2c34883c,18848,7.411,206
61ce5803,24462,7.4137,206
7d4f3980,23684,7.411,206
6799bd87,13373,7.411,150
405aa2ba,20043,7.4137,206
23d24754,20329,7.4137,206
27d5e997,24628,7.4137,206
d0a1d6f,29624,7.411,206
c1006fa,25299,7.4137,206
18503106,27901,7.411,206
29892dbf,20886,7.411,206
2198f048,22363,7.4137,206
7ca47071,27967,7.4137,286
6565b6e2,27928,7.4137,206
5619b24,29737,7.4137,206
639d3170,27487,7.4137,206
9657e9,18322,7.4137,1
3c65f28a,24855,7.4137,206
747f8142,27587,7.411,206
7dce9c52,29464,7.4137,206
77d2242a,24260,7.4137,206
1c4e183d,24349,7.4137,206
643069f8,19609,7.4082,206
6c4d91ad,27016,7.411,206
23b5aa78,22583,7.4137,206
65e8ac7a,29604,7.411,297
37d2799,18780,7.4137,206
6465f1a7,20542,7.4137,206
763592e2,18795,7.411,206
6425c47f,23720,7.411,206
448e2ffd,25068,7.4137,206
2e25991a,25090,7.411,206
6a96ee28,19680,7.4137,206
6586bdb0,26332,7.411,206
2f4a8b43,24995,7.4137,206
1a0ea890,27517,7.4137,206
18e10f82,24658,7.411,206
23d7d10a,29740,7.4137,206
48da5a13,20621,7.4137,206
3331d0d8,20017,7.4137,206
5c14a406,23328,7.4137,243
4c993d19,21088,7.4137,206
5609ec5b,19832,7.411,206
6b834152,27662,7.4137,206
12ceecb0,20601,7.411,206
64fc9f31,29175,7.4137,206
17ba6a05,20751,7.411,206
ec8379d,19211,7.4137,206
7f306ec7,28184,7.4164,206
1afea6fd,25130,7.4164,206
5ed00de5,25157,7.4164,206
11ebbd7d,19830,7.4164,206
6d51bfd1,20979,7.4137,206
27735c8,25008,7.4164,259
5c96bf46,28911,7.4164,206
105af1fc,23906,7.4164,206
70156b11,19310,7.4164,206
4bf7d9ae,29379,7.4164,206
22f22319,20131,7.411,206
65e0f3aa,20389,7.4164,206
3ef651e4,24774,7.4137,206
4bb9c53d,18854,7.4164,206
7860cdb8,24525,7.4137,206
1a7f1cbd,25015,7.4137,206
168a1767,20086,7.4164,206
139fb8a6,20395,7.4164,206
6decba60,20455,7.4164,206
f94d994,23122,7.4164,206
140088b4,28364,7.4164,206
2faf00d,28648,7.4164,206
4963d62e,19169,7.411,206
1a97fd92,24729,7.4164,206
27d70d2c,18661,7.4164,206
2fe09c0c,26971,7.4164,206
691a81d,25231,7.4164,206
5114cc47,19206,7.4137,206
4eb50524,20126,7.4164,206
651ee002,24129,7.411,206
6ec47dfc,18803,7.4137,206
19c5f297,19045,7.4082,206
5a9cf273,27938,7.4164,206
6db3a9bb,20183,7.4164,206
20d5026c,24897,7.4164,206
16b20dab,19779,7.4164,206
134d5deb,28358,7.4137,206
63c3d048,20917,7.4164,206
6b0d783e,24304,7.4164,206
6dd4ffa1,29346,7.4164,206
140f55f5,18627,7.4164,206
693386ac,19364,7.4164,210
6136dd6b,25218,7.4137,206
2e821652,23326,7.4137,206
69ffcf3c,29092,7.4137,206
231c1c55,19209,7.4137,206
4dd2553e,19328,7.4164,206
3821acce,27831,7.4164,206
2f3002d9,28267,7.4164,206
6c8d5dde,28855,7.4164,206
33a99ed4,22514,7.4164,206
6db13b3,27368,7.4164,206
29d2ef7b,25492,7.4164,206
2f373432,18742,7.4164,206
5097503e,29470,7.4082,206
e8f8714,14077,7.4164,150
30180889,19070,7.4164,206
26182c1c,24557,7.4164,206
4c649e41,30551,7.4164,206
3e2107fe,23340,7.4192,206
e8a0542,22638,7.4192,206
4e0d0cf3,22044,7.4192,206
2992a1e2,28788,7.4192,206
416ca407,18931,7.4164,206
77c44523,19671,7.4137,206
19e84e8a,19938,7.411,206
6ff5c567,22489,7.4192,206
5108a5bc,26951,7.4192,206
6d2983ce,21803,7.4192,231
68e7b1c2,25347,7.4192,206
49414ef0,18332,7.4192,1
616e2f5c,18770,7.4192,206
1c79e7a6,29928,7.4192,206
84884d0,20644,7.4192,206
29de41e4,22194,7.4192,206
6a2bace1,29380,7.4192,206
4c5f2df6,29356,7.4192,206
39bc32d5,26273,7.4192,206
759e4f36,19151,7.4164,206
2e14e100,19670,7.4192,206
196f1c87,23680,7.4192,206
278f3303,19696,7.4192,206
411dbfe5,25030,7.4192,260
46fdbf0f,20109,7.4192,206
2827580b,27573,7.4164,206
fa9c617,26269,7.4164,206
4fe85a31,23332,7.4192,206
47e9ada,25154,7.4192,206
30799fc0,25288,7.4192,206
1c794c5c,19873,7.4192,206
2e82ec6f,24627,7.4192,206
2508f669,27370,7.4192,206
24c9ccd,19205,7.4192,206
6ac9bbea,24430,7.4192,206
29625e4c,23992,7.4192,206
24d6b083,26291,7.4192,206
35931df6,19173,7.4192,206
1d0ed1e2,24450,7.4192,206
7bc29c7a,22322,7.4192,206
40692d70,19596,7.4192,206
512acf56,20610,7.4192,206
3a409550,27594,7.4192,206
558eff2e,23930,7.4192,206
5c054a42,29514,7.4192,206
5bd26eeb,25303,7.4192,206
65068ad4,18774,7.4192,206
47d36ed5,25177,7.4164,206
31f26b37,29560,7.4192,206
791ffed4,24728,7.4192,206
289e8b09,28376,7.4192,206
74e7fd09,24113,7.4192,206
56ee8b71,25147,7.4164,206
50812626,26339,7.411,206
5bd65bd3,19407,7.4137,206
8238544,20533,7.4192,206
c1b29fc,19933,7.4192,206
475f92c3,22207,7.4164,206
65482c5a,25131,7.4192,206
3ca196c3,20236,7.4164,206
69201c62,24758,7.4137,206
5252520f,23344,7.4192,206
76dc9ee3,28883,7.4164,206
467b0975,19270,7.4192,206
2fd1ded4,27977,7.4192,206
6f53230b,24582,7.4137,206
7dea9384,29582,7.4192,206
63c40ded,28771,7.4219,206
534f9435,18946,7.4164,206
42c2583f,29882,7.4219,206
21e4f430,25405,7.4219,206
5cacb2a2,24892,7.4219,206
34ff6017,28221,7.4219,206
1da0a3bf,27727,7.4164,206
5e486e83,29516,7.4164,206
6780e168,24598,7.4219,206
e1bc6d5,22517,7.4219,206
412be0d9,29452,7.4219,206
598e1e18,19611,7.4219,206
44af4fdc,24229,7.4192,206
3925e659,19283,7.4192,206
145214f2,20252,7.4164,206
ae11389,20002,7.4219,215
2336a213,21849,7.4219,206
1d59d806,19812,7.4219,206
1928badb,18964,7.4219,206
1bd79f2c,24392,7.4219,206
d67907f,22539,7.4219,206
5eade03d,24123,7.4219,206
20f7751,27425,7.4219,206
4dead78a,22512,7.4219,206
2506a6c3,18620,7.4164,206
14d32e74,28247,7.4219,206
254e88db,18916,7.4219,206
5c82c6dc,24623,7.4219,206
4ca24331,21349,7.4192,206
418f645f,19073,7.4219,206
10d624e5,24436,7.4192,206
5a28a405,25169,7.4219,206
4cdcfba,19101,7.4192,206
3edaeee0,23602,7.4192,206
1f0a14d2,30550,7.4219,206
9d93ba,29337,7.4219,206
6ac72c0c,19068,7.4219,206
383625a,19103,7.4219,206
4e3f5b2,18875,7.4219,206
4c605a7c,29506,7.4219,206
200c0009,19476,7.4219,206
5117878b,23282,7.4219,206
73f8ff48,19027,7.4219,206
6bf1c2df,24777,7.4219,206
258cc667,20968,7.4164,206
5b60d4f7,20643,7.4219,206
3fece64a,19225,7.4219,206
493bfd1d,20956,7.4219,206
65409697,19411,7.4219,206
17b5658,21346,7.4219,206
517627c8,19147,7.4219,206
3474f003,23424,7.4219,206
6a1accb8,23549,7.4247,206
7708a714,22867,7.4247,206
169d734c,18905,7.4247,206
76355e30,20941,7.4192,206
65d25c1d,19988,7.4219,206
57d077b4,27827,7.4247,206
2a2a7911,21337,7.4247,206
76b266ba,19710,7.4192,206
1f7eec5,23487,7.4247,206
55ce5498,19667,7.4247,206
2c554dc1,24640,7.4219,206
49377947,29460,7.4247,206
77082762,23895,7.4247,206
5045d78f,24858,7.4247,206
2b89e042,23299,7.4247,206
247705da,24109,7.4247,206
65b04aa2,19108,7.4247,206
12721501,29351,7.4247,206
7f414c6,18596,7.4247,206
6cf5516f,19241,7.4247,206
619b0db8,19709,7.4247,206
7f061749,20087,7.4247,206
634384a6,20281,7.4247,206
619b5fd2,28517,7.4247,206
27a314a7,23669,7.4192,206
68d0e345,19623,7.4247,206
17493c4d,22030,7.4247,206
2c1784b9,29162,7.4247,206
13aebbb0,18702,7.4247,206
7c8bb84b,20144,7.4247,206
22fe58c3,19629,7.4247,206
32dc2269,25377,7.4247,206
54c96cb9,25290,7.4247,206
173a11c1,24533,7.4247,206
7521cf8b,24041,7.4247,206
57841dfd,21354,7.4247,206
25c9a9ac,18930,7.4247,206
78a46e8e,23954,7.4247,206
76d50816,19718,7.4247,206
69661ed1,29425,7.4247,206
12c0c9e1,25170,7.4247,206
7a2c86dc,19090,7.4192,206
24e7a437,29883,7.4247,206
7daea6ec,20942,7.4247,206
6935f779,22513,7.4247,206
773196e5,19686,7.4247,206
6eee5228,24625,7.4192,206
66ff10df,28876,7.4247,206
2037ad46,18634,7.4082,206
5bca911b,18932,7.4247,206
4729f758,27679,7.4247,206
59ce7e8a,24827,7.4192,206
732b89e5,24487,7.4247,206
440eb568,21505,7.4219,206
4b43a6bb,23327,7.4247,243
2e12da77,29927,7.4247,206
43581bbc,27684,7.4247,206
69480773,27176,7.4247,206
585c5ac7,21344,7.4247,206
efc4909,19501,7.4247,211
dfa3691,21378,7.4219,206
24a0cbc2,23691,7.4247,206
1e1037f3,26386,7.4247,206
72489139,24465,7.4247,206
2e5a6f5f,19109,7.4247,206
c064f8d,23866,7.4219,206
233bc1e2,20274,7.4247,206
13b65e51,19093,7.4247,206
2541d447,26205,7.4247,206
589c7727,26267,7.4247,206
6658219e,18800,7.4247,206
473dafd2,28925,7.4247,206
6c75b89e,22358,7.4247,206
755d8ad7,24308,7.4247,206
57ebdf78,21544,7.4247,206
5af12234,19184,7.4274,206
1b81c0bc,20994,7.4274,206
1218ccab,20008,7.4192,206
20b45032,21373,7.4274,206
73072692,25376,7.4274,206
66969c6e,24672,7.4274,206
32bf6983,19320,7.4274,206
30888a26,23927,7.4247,206
31fcd42d,19080,7.4274,206
7a711913,28227,7.4274,206
28568fdf,27918,7.4274,206
29c3ab96,23599,7.4274,206
23b41cbe,20423,7.4274,206
61ec0827,19130,7.4219,206
15c16786,21376,7.4274,206
678a4dac,25378,7.4274,206
7b3e1ef5,19906,7.4247,206
7a929c85,22526,7.4274,206
64f12906,28642,7.4274,206
5123ef19,27170,7.4274,206
5ae19a7e,28216,7.4247,206
34f95313,24821,7.4274,206
59adf593,24791,7.4274,206
17b89298,29751,7.4247,206
243e2f04,24891,7.4274,206
41dcd87b,24527,7.4274,206
3f436a98,19390,7.4274,206
9f4018e,19104,7.4274,206
5a8b6e7a,20256,7.4274,206
7db36a50,23712,7.4247,206
5980c8d4,21214,7.4274,206
70515a1b,29532,7.4247,206
6b92343b,28790,7.4247,206
73ca2683,24865,7.4274,206
712802d5,25229,7.4164,206
17af074a,23155,7.4247,206
48b6ab03,29536,7.4274,206
1cd3556f,27702,7.4274,206
6e42ba6,18823,7.4274,206
324db18c,21412,7.4274,206
248b551f,27511,7.4274,206
34233ba,27512,7.4274,206
6cb8e1cf,23894,7.4274,206
112ba1e8,23149,7.4274,206
4e35a390,24638,7.4247,206
5c78960f,24415,7.4274,206
775599a2,19894,7.4247,206
77e5a2d6,29109,7.4274,206
3b0d7923,26456,7.4274,206
23d3f58b,19120,7.4274,206
5debb58c,26274,7.4247,206
58c774f1,24024,7.4247,206
40174908,29461,7.4274,206
1a3eb0ce,27986,7.4274,206
4aaa16cb,22340,7.4301,206
69a9b43d,19695,7.4301,206
29298393,21819,7.4247,206
4bcb312a,22226,7.4301,206
5aec13dc,26544,7.4301,206
530cc0b7,20322,7.4301,206
3c5ba2d8,28651,7.4301,206
265df7d6,24362,7.4301,206
438ddd95,29587,7.4301,206
3b8c130d,19523,7.4301,206
7631b42b,20258,7.4301,206
38ebeb32,22441,7.4301,206
4dd92ad9,23292,7.4301,206
179d9557,25380,7.4301,206
31b2292e,27923,7.4301,206
5eb72335,24738,7.4301,206
737b3c03,20173,7.4301,206
8105eab,22038,7.4301,206
735c45d3,28006,7.4301,206
14156e06,25190,7.4274,206
3ea4c3a3,26234,7.4301,206
4bfec578,21338,7.4301,206
1d777fa0,22374,7.4301,206
2ea67747,28437,7.4301,206
34cb37da,27369,7.4301,206
2ed8bef8,21068,7.4301,206
25289e4d,24579,7.4301,206
1a72b1b0,19419,7.4301,206
253c086,21860,7.4301,206
6f4b52f1,29873,7.4301,206
e7073a3,28265,7.4301,206
180acec,20330,7.4301,206
1d4b1baa,20901,7.4274,206
741e83ba,24667,7.4274,206
28a21e28,28436,7.4274,206
25429df4,26193,7.4274,206
2121b27c,21377,7.4274,206
64f27bb9,19979,7.4247,206
5c996a51,28605,7.4301,206
7da6234c,20411,7.4301,206
6d05e10b,26266,7.4274,206
411b1c85,19133,7.4301,206
364388ac,26258,7.4301,206
219fa7d7,26344,7.4274,206
63501756,24332,7.4301,206
49cfa31e,20306,7.4301,206
61fa8eee,26665,7.4301,206
7a36c08d,19861,7.4301,206
501a218f,26524,7.4301,206
c679544,22288,7.4301,206
6653697e,20421,7.4301,206
6feec939,20596,7.4301,206
23104ee1,24688,7.4301,206
22870555,24280,7.4301,206
12fa69f4,26221,7.4301,206
bc4cd93,18920,7.4301,206
2a02fd4c,27686,7.4301,206
3035f8f4,24704,7.4301,206
6d97bedd,23117,7.4301,206
714192cf,18612,7.4247,206
5c446121,20649,7.4301,206
61910f78,29553,7.4301,206
7e7cb9e6,26190,7.4301,206
3d69b0c,20526,7.4247,206
9bef652,20118,7.4301,206
7c64af3e,28793,7.4301,206
15e78505,23525,7.4301,206
e4fbdd6,29453,7.4301,206
397649e8,22262,7.4301,206
60320ca7,27372,7.4274,206
49d46209,26545,7.4301,206
3a06c7e8,18317,7.4247,203
411385ec,27055,7.4301,206
7e438af2,19531,7.4301,206
2b3d63ed,20548,7.4301,206
2af028dc,23527,7.4301,206
2708c8e5,18861,7.4301,206
312852f5,23341,7.4274,206
6cc99dd9,28545,7.4274,206
2cabb9a6,22348,7.4301,206
2b67d09c,19668,7.4301,206
4d051336,19952,7.4301,214
6b55f0cf,19622,7.4301,206
1158ae8d,19417,7.4301,206
3e494f99,19321,7.4329,206
406bdd0c,19071,7.4329,206
16cded46,27628,7.4329,206
1e4e3adc,28326,7.4329,206
6f59d63a,27829,7.4329,206
a20e444,24786,7.4301,206
7e61471e,24047,7.4329,206
11961ad4,25143,7.4301,206
49664e8e,19318,7.4329,206
30dfe6da,26967,7.4329,206
3d502641,24790,7.4301,206
49fddf42,19784,7.4301,206
689c2c13,19869,7.4301,206
1be4a674,24817,7.4329,206
3c447d85,20609,7.4329,206
353132aa,19089,7.4329,206
a0d3361,29951,7.4329,299
22e24081,23723,7.4329,206
450cf77e,24998,7.4329,206
7b653ead,19311,7.4329,206
6fdda480,25365,7.4329,206
64d2cc11,23547,7.4329,206
10e7778e,27950,7.4329,206
584a0643,23984,7.4329,206
7a5fbd33,18733,7.4329,206
289d6483,24258,7.4329,206
759aad47,23632,7.4329,206
5add87c5,20119,7.4329,206
52adeac3,27321,7.4329,206
551c7380,20403,7.4329,206
16e6bcdc,19875,7.4329,206
20b3f26a,27492,7.4329,206
1d75ef4d,23978,7.4329,206
2b430f10,29956,7.4329,299
86056f8,24596,7.4329,206
377fd53c,26406,7.4329,206
5425b19,13224,7.4329,150
364aef2e,27748,7.4329,206
3c97a889,23796,7.4329,206
75884c12,25410,7.4329,206
5044b56e,20718,7.4301,206
62055b29,24079,7.4329,206
357ebd8,25077,7.4329,206
205c8db,19711,7.4329,206
355afc55,23801,7.4329,206
7d4e25c4,18579,7.4329,206
417b089e,26537,7.4301,206
6d14537a,21043,7.4329,227
fceb2d9,23516,7.4301,206
5635dfd6,24489,7.4329,206
3a2d6e1,21858,7.4329,206
1a0411f3,27627,7.4329,206
55440e4a,18330,7.4329,1
46b52751,27708,7.4329,206
2f662641,28797,7.4329,206
3a66e892,21058,7.4329,206
57eda4,25167,7.4329,206
751495ba,28398,7.4329,206
6b5ef177,21929,7.4301,206
6671b6f6,29708,7.4329,206
7c78e441,25056,7.4329,206
59745d51,21848,7.4329,206
670f276a,19897,7.4329,206
89cba80,25233,7.4329,206
145537ad,20878,7.4301,206
43b76f39,24841,7.4329,206
7ff8e5d7,27572,7.4329,206
41db1ac,19858,7.4329,206
69385315,18928,7.4274,206
54edf9c0,24742,7.4301,206
6c0368d7,24061,7.4329,206
5fa342a,28808,7.4329,206
2e717f7b,28272,7.4329,206
15e9b08c,24202,7.4329,206
625b2736,18976,7.4301,206
36540433,22077,7.4329,206
13fb3f25,24337,7.4356,206
7a7e70f1,24816,7.4356,206
4bce9006,24213,7.4356,206
70977cde,29744,7.4356,206
66f48b63,23603,7.4356,206
2cbc828f,28914,7.4356,206
75baaa8,27724,7.4301,206
134d79be,20572,7.4356,206
58778685,23598,7.4356,206
1a9ab17b,23577,7.4356,206
70c0a856,24375,7.4356,206
527ae05d,28868,7.4356,206
2a82e325,29741,7.4329,206
4e250b5e,25316,7.4356,206
1fb6a88,27204,7.4356,206
4061ae2,19919,7.4356,206
39a05a8c,18750,7.4356,206
5f39c91d,23925,7.4356,206
54c4758,22540,7.4356,206
31298c19,20925,7.4356,206
ae6c48a,20680,7.4329,206
1b0685ea,22324,7.4329,206
7c977755,21026,7.4356,206
1a3659a,27931,7.4329,206
3ddd23b0,25311,7.4274,206
12dbd834,21807,7.4356,206
188ddaa8,20078,7.4356,206
50e2ea6b,24087,7.4356,206
55b128e5,28786,7.4356,206
569f8e61,22337,7.4356,206
4fa4187c,28363,7.4329,206
1bb0629b,27929,7.4329,206
576603a1,19269,7.4356,206
b4cefa8,18918,7.4356,206
64c47145,28918,7.4356,206
7cf873fc,22875,7.4356,206
1b640cc9,21873,7.4356,206
773981a2,18806,7.4329,206
262fc222,24526,7.4356,206
30b08859,29353,7.4356,206
f687a20,19332,7.4356,206
34d12d40,20879,7.4329,206
2f7d557a,19485,7.4356,206
fde8ee9,21357,7.4356,206
3b983d0b,29513,7.4356,206
77ede922,24410,7.4356,206
4aeb71b2,18797,7.4356,206
31b907c0,28268,7.4356,206
4bb31499,26535,7.4329,206
530f4034,26232,7.4301,206
42f8cd06,25145,7.4356,206
3b86559e,28259,7.4356,206
684299ab,26239,7.4356,206
41656a77,24490,7.4356,206
45f11fa0,22248,7.4356,206
4cd28825,28467,7.4356,206
30a1dfd5,26999,7.4356,206
5a7d3d64,26471,7.4356,206
173c3594,22541,7.4356,206
25986b32,23998,7.4356,206
4ff714f6,19682,7.4301,206
719625aa,23329,7.4356,243
4233b0e1,18968,7.4356,206
34d5ada6,23451,7.4356,206
43f24f6e,21160,7.4301,206
30999cf,23694,7.4356,206
5ce285f7,25203,7.4356,206
4543bb50,22543,7.4356,206
3c2e3ebf,23626,7.4356,206
149b15a9,28922,7.4329,206
5b932114,18604,7.4356,206
1396daac,20657,7.4356,223
4bd76ab5,20578,7.4329,206
772c25b3,28845,7.4356,206
7ad083b,25069,7.4356,206
45f4125b,27828,7.4356,206
6092f3f3,26310,7.4356,206
10e0af96,18913,7.4356,206
7f639161,19404,7.4329,206
1a60321c,20096,7.4356,206
6d1a57c8,18904,7.4356,206
7893d9e2,19183,7.4356,206
1b18a708,20682,7.4356,206
684c9b0d,21958,7.4356,206
7cd2077e,19264,7.4356,206
f386a5,19876,7.4356,206
3fe83564,28321,7.4356,206
5952b7b2,23706,7.4356,206
7ac7b77,25151,7.4384,206
1bf60389,29480,7.4384,206
654b5686,21306,7.4329,206
296882ba,28217,7.4356,206
61755a1b,19699,7.4384,206
5f471720,20011,7.4384,206
4dfb3323,27689,7.4384,206
66ba8b5e,27635,7.4384,206
59fa1e69,23675,7.4384,206
34ea2abe,22246,7.4384,206
209c752b,24636,7.4384,206
455f762e,22332,7.4384,206
12cefa1d,22336,7.4329,206
736cea56,19795,7.4384,206
1bcea77b,28049,7.4356,206
6a282ed,19797,7.4384,206
7e94c166,27961,7.4384,206
4e9edc21,22005,7.4356,206
3de2c6b2,24698,7.4301,206
5899dd01,20186,7.4384,206
36024c16,24231,7.4384,206
6ec53441,20656,7.4384,223
45b9a87d,23281,7.4384,206
53de041e,20767,7.4384,206
239e7c03,18850,7.4384,206
7718908f,25171,7.4384,206
1612257,24374,7.4384,206
38ca693b,18650,7.4384,206
1b9774c8,23996,7.4384,206
283803dd,18933,7.4384,206
5ede4b96,29524,7.4384,206
35b662c7,27694,7.4356,206
1527618d,27681,7.4384,206
7de9be1f,24366,7.4384,206
5147c8cf,24567,7.4356,206
5761387a,29493,7.4384,206
79e40012,21331,7.4384,206
49cd5077,24518,7.4384,206
4f653a7a,23334,7.4384,206
26a3e831,28577,7.4356,206
78dfa677,20706,7.4384,206
2162cdee,28587,7.4384,206
5af10a93,21179,7.4384,206
20f7f5d,21538,7.4384,206
3bd4ed4d,29542,7.4356,206
3e3d085e,26244,7.4384,206
7ba1730a,29399,7.4384,206
22ea23ba,21035,7.4384,206
987afca,23737,7.4384,206
708bcc30,24294,7.4384,206
735fac6,18953,7.4356,206
6c29e9e9,28684,7.4384,206
3a0073ca,29093,7.4356,206
ecd62bf,24689,7.4356,206
2089d51a,20900,7.4356,206
34c1643,22350,7.4384,206
3a6bbbc3,20948,7.4384,206
5f56feab,21838,7.4384,206
3119c15e,20323,7.4384,206
52042730,20908,7.4356,206
35d63b10,28547,7.4329,206
5d1d38a7,18576,7.4384,206
2271116b,20001,7.4356,215
513f8fb2,27351,7.4384,206
77162200,25187,7.4384,206
55b5303e,28307,7.4384,206
61d9f22f,23865,7.4384,206
4b894d36,28884,7.4384,206
666609ea,27704,7.4384,206
1a2ef1d8,28892,7.4384,206
34c83038,19284,7.4384,206
5e15d23d,19013,7.4384,206
35a93b6a,28863,7.4384,206
11344c71,20324,7.4356,206
52dcfc8e,21800,7.4384,231
63d64d6c,23592,7.4384,206
402c4d50,23519,7.4356,206
e1bd0ff,21824,7.4384,206
7ba768f4,20595,7.4356,206
7a96e81,24493,7.4384,206
56c5ee35,24458,7.4384,206
39f62f9f,22375,7.4384,206
689503a,23118,7.4384,206
46a968d7,27939,7.4384,206
ab8dbe5,19102,7.4384,206
737538c1,24187,7.4384,206
3fb1ae15,20355,7.4356,206
325396e4,18934,7.4384,206
7e7804b8,19493,7.4384,206
24918886,28290,7.4384,206
16e24b07,18670,7.4384,206
555b793c,20100,7.4384,206
38a80b89,23912,7.4384,206
64b95e0,23681,7.4356,206
773b975,22515,7.4384,206
2e36e817,28114,7.4411,206
2a0824a5,19300,7.4384,206
5284862e,28731,7.4411,206
8baed0b,27489,7.4411,206
55400c0,21269,7.4411,206
1155ca5b,28462,7.4411,206
7a93f9d8,28763,7.4384,206
cd0b552,18872,7.4411,206
53ddc376,19592,7.4411,206
9baec60,27935,7.4411,206
6ce5dc44,26540,7.4384,206
95db539,18701,7.4384,206
5908c339,21939,7.4411,206
2efb65,20966,7.4411,206
3d555e65,24259,7.4411,206
7f10a277,18838,7.4411,206
6a216647,20924,7.4411,206
1b8024d1,19681,7.4411,206
6c820117,24459,7.4356,206
7bb3cc94,24866,7.4411,206
14ada8f,27636,7.4411,206
22bd82c,20558,7.4384,206
66aa5334,20885,7.4411,206
4c429558,24324,7.4411,206
1bf6c0db,21352,7.4384,206
6780e00b,26574,7.4411,206
2b25703,28817,7.4411,206
55fb7b78,23483,7.4411,206
78269904,19220,7.4329,206
18c6aeb3,24376,7.4411,206
8dce8e7,26541,7.4411,206
672723f,26452,7.4411,206
4ad0354c,19290,7.4411,206
674ea993,21272,7.4411,206
83afe4d,27202,7.4411,206
1dcc96ff,27617,7.4411,206
56fdba5f,19110,7.4411,206
446d8322,21013,7.4384,206
59e45290,20066,7.4356,206
1b7ac574,24367,7.4411,206
6278d38a,21721,7.4411,206
59ecb2d8,20678,7.4411,206
71304e54,19614,7.4411,206
3cac7463,24796,7.4384,206
18ec04ff,24797,7.4411,206
309a555f,18334,7.4384,1
19d80818,24833,7.4411,206
242a0f48,23446,7.4411,206
579bb777,19276,7.4411,206
2b039d2c,18927,7.4411,206
84bde8b,18314,7.4411,1
78cba430,19482,7.4411,206
3e9c59c2,28712,7.4384,206
4a5f145,24055,7.4411,206
70f8f881,22900,7.4411,206
45cf999,20151,7.4411,206
ef6d66a,28885,7.4384,206
589ffeb9,27606,7.4384,206
2ae87bac,18951,7.4411,206
6f9439db,19331,7.4411,206
ce79581,28831,7.4411,206
79ed5a3f,24270,7.4411,206
2f204681,26445,7.4384,206
74fb9977,28644,7.4411,206
349a47f1,19593,7.4411,206
464b23c7,24457,7.4411,206
13570ded,28195,7.4411,206
5dc3b4bd,23742,7.4384,206
6d387919,19067,7.4411,206
49b1f9ca,24713,7.4411,256
bfb1e80,25215,7.4438,206
23d2b727,27725,7.4438,206
20684277,19934,7.4438,206
60ce6c9b,23268,7.4438,206
4e90212a,22031,7.4438,206
1d4c2966,24022,7.4438,206
70ce74bc,20101,7.4411,206
7fd5ab42,28438,7.4411,206
6c6caa97,22315,7.4438,206
23ba5f41,18921,7.4438,206
7117fd6a,21380,7.4438,206
5fc15549,28330,7.4411,206
d1c7a48,24730,7.4438,206
4ad416e,26198,7.4438,206
759c56ed,28664,7.4438,206
669598be,29360,7.4438,206
20222e0a,18583,7.4438,206
49c00ee5,20436,7.4411,206
4e82ce7c,28303,7.4438,206
204a40f3,25214,7.4438,206
37f64129,28119,7.4438,206
6156ba3,25178,7.4438,206
5e3ca433,19898,7.4384,206
2c833adf,24373,7.4411,206
2c65a25f,27622,7.4438,206
29f9d96f,28361,7.4438,206
49ce780,28901,7.4438,206
3f3ac61c,23972,7.4438,206
ada46e6,26455,7.4356,206
6d0fd473,29498,7.4438,206
e4c8eb5,23977,7.4438,206
1ee98b51,25183,7.4329,206
672fa346,22003,7.4438,206
3f1a3433,27692,7.4438,206
58f03dbf,24555,7.4411,206
1b4af881,25421,7.4438,206
3a073b44,28374,7.4438,206
28c163d0,20424,7.4438,206
2c25c3ef,18956,7.4438,206
4676d9f8,25289,7.4438,206
5c5977e3,22871,7.4438,206
328c6bf7,27777,7.4438,206
30b4ecf2,24025,7.4438,206
40a34896,25023,7.4438,206
40fd4a05,29602,7.4438,206
578cdb96,18318,7.4438,203
60ed143,14126,7.4411,150
114a7e0c,23370,7.4438,206
76a419bd,28848,7.4438,206
3bcda342,25017,7.4411,206
550d076,23460,7.4438,206
234974be,20082,7.4438,206
aac8fc6,19817,7.4438,206
3c33b115,28465,7.4438,206
7a58d319,26946,7.4411,206
38206840,20975,7.4438,206
6e210bb5,24433,7.4411,206
1d7b08,29108,7.4356,206
3ce1a009,28390,7.4438,206
7b8adbd,20307,7.4438,206
6122725c,23300,7.4411,206
3388343e,24173,7.4438,206
a0c904b,27513,7.4438,206
3d1db3b6,20063,7.4438,206
3bdc98eb,18954,7.4438,206
b89329f,28772,7.4438,206
6569756d,25192,7.4438,206
3aada2eb,29745,7.4438,206
1bbc4a99,24468,7.4438,206
59e39ebb,18592,7.4438,206
770f4af7,28365,7.4438,206
20620407,28054,7.4438,206
6b974c6c,18841,7.4438,206
59737a10,24594,7.4438,206
1c2021c3,22095,7.4438,206
11758842,22372,7.4466,206
15aa7305,19494,7.4411,206
3c6919eb,19481,7.4466,206
2187f457,19392,7.4438,206
63e6b98d,23264,7.4438,206
7ed5a20b,27746,7.4466,206
435f020b,24597,7.4466,206
5de4737b,19752,7.4466,206
b98839b,24295,7.4466,206
30e954d2,18575,7.4466,206
588ebd19,26995,7.4466,206
63fab359,22456,7.4466,206
52b0b789,20088,7.4466,206
ec1e310,24431,7.4466,206
7f7baeb3,24397,7.4466,206
492daa7e,29146,7.4466,206
f4f5c66,24906,7.4438,206
5894bef9,28423,7.4466,206
7ab88d6e,24297,7.4466,206
5e62a61d,28917,7.4466,206
64f8cdc8,24709,7.4466,206
2b3b7ddb,18906,7.4466,206
56a56d33,23595,7.4466,206
68c85974,18924,7.4466,206
648b646d,25176,7.4466,206
2351483e,25329,7.4466,206
53742c2a,27002,7.4466,206
2e451f82,22405,7.4438,206
46cf0c7,23873,7.4438,206
2d5548cc,29557,7.4466,206
8791296,19995,7.4466,206
5fb23430,21161,7.4466,206
3d14a547,22522,7.4466,206
598d894b,23730,7.4466,206
3a84b075,24291,7.4438,206
3d908cc1,19196,7.4466,206
734d2cf7,30530,7.4466,206
463f2404,27429,7.4438,206
592733ae,23123,7.4466,206
60684acf,25101,7.4438,206
6f0dc52d,23026,7.4466,206
7ad8e8a1,26345,7.4466,206
4578fcfa,22453,7.4438,206
25a21db8,28002,7.4411,206
73e05f1,18671,7.4438,206
3a1e7857,18899,7.4466,206
3883dcc2,19724,7.4411,206
d7959b7,22585,7.4466,206
7a9fc464,26387,7.4466,206
330ac7a0,21031,7.4466,206
2ae23b92,20127,7.4466,206
15c978cf,27185,7.4466,206
3d6eb203,23124,7.4466,206
52ba2f20,19258,7.4411,206
56026df7,20179,7.4466,206
33d08750,21292,7.4466,206
6d818ee5,25379,7.4466,206
6e416f5a,23320,7.4466,242
2be9dab0,27993,7.4466,206
1cb4229a,20400,7.4466,206
7d23714f,18649,7.4438,206
187dfa0e,18977,7.4466,206
7da49feb,18785,7.4466,206
40b9d237,19309,7.4466,206
26767a66,19630,7.4493,206
1bdc0e38,24309,7.4438,206
512c592c,20200,7.4493,206
3b6d700,23347,7.4493,206
8aedf25,26217,7.4493,206
6089c6d,21347,7.4466,206
13386380,23443,7.4493,206
206ebdf2,24944,7.4493,206
5e47092d,26539,7.4493,206
c29ac1a,22349,7.4493,206
1c6e0d7c,22496,7.4466,206
4c9a4912,21356,7.4466,206
19cefc5e,19319,7.4493,206
7f26902b,28035,7.4493,206
134f675e,28716,7.4493,206
d837efc,28789,7.4493,206
63c14f1e,25350,7.4493,206
28ad3c85,24189,7.4493,206
55feb4b,28233,7.4493,206
4030db59,27990,7.4493,206
329f0568,27968,7.4493,206
56d2293d,27588,7.4493,206
3f822546,26972,7.4493,206
64d490de,28426,7.4493,206
7e8a6f27,28525,7.4493,206
525da93d,28893,7.4493,206
382689bc,19221,7.4493,206
7f7ac444,30580,7.4493,206
517c76f8,24678,7.4466,206
1e61a8d3,21902,7.4466,206
7c22c8a7,20571,7.4493,206
70c5c5f6,20321,7.4493,206
60ba1006,22691,7.4466,206
5934674e,25115,7.4438,206
6bcd1126,19492,7.4493,206
61a00d4,23883,7.4493,206
1960abd8,27649,7.4493,206
1c08b08,18889,7.4493,206
5ff414b3,22484,7.4466,206
25001614,25126,7.4493,206
264777b3,20295,7.4493,206
2a8c5ccb,28865,7.4493,206
23da20b8,23492,7.4493,206
5cf4f9fc,29522,7.4411,206
7961f4c0,13225,7.4493,150
6486eeb0,20397,7.4493,206
16abdd78,18298,7.4466,202
6d6bed48,23982,7.4493,206
1bdad3d1,21926,7.4493,206
487a4d74,19278,7.4493,206
f2191e,25423,7.4493,206
32c1a5e5,20328,7.4493,206
7f48ac37,21165,7.4493,206
65c35f47,24550,7.4466,206
5b4e1399,22297,7.4493,206
75e99008,21170,7.4466,206
4ab8eddd,21896,7.4493,206
70abd9a9,23858,7.4493,206
f6d899c,24058,7.4466,206
36bd21a9,28401,7.4493,206
3be6f4a6,20970,7.4493,206
15ae14e2,28237,7.4493,206
766c4ea2,21213,7.4466,206
335f619d,26208,7.4466,206
290399af,23964,7.4493,206
25cc0bed,29488,7.4493,206
31e4d234,18840,7.4466,206
402002b2,18845,7.4466,206
542d5d4a,23614,7.4466,206
61566881,19277,7.4493,206
24809425,23886,7.4493,206
64753795,30572,7.4493,206
5a0ce15c,27510,7.4493,206
33715e2b,25024,7.4466,206
8cc98fc,21369,7.4493,206
121fd1c1,28554,7.4466,206
28cd147c,24482,7.4521,206
6549576f,23643,7.4521,206
f496e9d,24878,7.4493,206
58724c9b,23725,7.4521,206
34952411,23909,7.4521,206
743bb80b,29657,7.4521,206
5b667bcc,24583,7.4521,206
113af2af,24272,7.4521,206
c12e935,20940,7.4521,206
25d33070,25204,7.4521,206
51f08baf,29692,7.4521,206
25c0e35c,29942,7.4493,206
4d105433,23627,7.4521,206
7dd6ac0a,23581,7.4521,206
b7968b4,27367,7.4466,206
103973af,26237,7.4493,206
3241a8f7,23027,7.4521,206
7dbfc340,25406,7.4493,206
3d43288b,25412,7.4521,206
663c8087,27913,7.4493,206
16805ee,20715,7.4493,206
59858aa7,23966,7.4493,206
5a23e714,28007,7.4521,206
663b3d71,29509,7.4521,206
7e009bab,20435,7.4521,206
516a1ac2,29614,7.4493,206
40b53216,26262,7.4493,206
463918e5,27335,7.4521,206
7c3a1454,21027,7.4521,206
99f79c6,25220,7.4521,206
4cc124a6,20065,7.4521,206
36663356,21870,7.4521,206
406e558a,22313,7.4521,206
1a52197a,24556,7.4493,206
68f112bf,21936,7.4521,206
2d50ef13,20253,7.4521,206
13a8d0a1,19125,7.4521,206
2aab956c,24683,7.4521,206
1ec5ff10,18598,7.4466,206
47486ecc,21898,7.4521,206
2038c08a,19691,7.4521,206
40bc4ad8,28359,7.4466,206
6a3e0dab,19888,7.4521,206
49e22c43,28025,7.4521,206
1c48f575,24669,7.4521,206
7a925ae6,20022,7.4521,206
585a25e6,24261,7.4521,206
46fa9b47,23284,7.4493,206
53d1dc9b,22351,7.4521,206
42933813,20679,7.4521,206
192b8e69,20116,7.4521,206
7106a2c0,20686,7.4466,206
66d1c7a6,19954,7.4521,214
787acc13,25163,7.4521,206
23f230af,19601,7.4521,206
66efba7e,24853,7.4521,206
22bb14c1,21922,7.4493,206
c0f4ed1,29613,7.4521,206
3e4a70b7,28907,7.4521,206
25ed014a,27574,7.4521,206
5f8a142a,20760,7.4521,206
2985b0cc,25179,7.4521,206
4427a283,18950,7.4493,206
90d0c1c,28395,7.4521,206
532309e8,19836,7.4521,206
3d71e713,20434,7.4521,206
6a96253,28159,7.4493,206
22ea19a,20138,7.4521,206
7be428e6,24524,7.4493,206
1ae8b66a,22516,7.4493,206
732f878e,27717,7.4521,206
579ee49e,23488,7.4438,206
20cbbd86,23348,7.4521,206
5de6cf36,24996,7.4521,206
7ab20261,24448,7.4521,206
2536a0bb,23409,7.4521,206
52c0a97,21056,7.4548,206
7876b039,22455,7.4548,206
12bd045c,28588,7.4548,206
21e5dc8,27174,7.4548,206
678397ae,29363,7.4548,206
737fd157,29472,7.4521,206
2a39041f,22235,7.4521,206
50dc6ae0,22078,7.4521,206
525d80a7,24451,7.4548,206
20dc9d2e,22263,7.4548,206
5b19407c,28137,7.4548,206
3962befc,20422,7.4548,206
ada485a,27914,7.4521,206
4e2b81c2,19131,7.4548,208
5f2032db,23345,7.4521,206
7319f29d,30245,7.4548,299
2bd9ec3c,20317,7.4548,206
39ee4d14,29475,7.4548,206
7c72f91e,22014,7.4548,206
67060618,28186,7.4548,206
5bb78d7f,19210,7.4521,206
3f6b2239,22269,7.4548,206
92784a5,29083,7.4521,206
74265e2d,27739,7.4548,206
23c7a077,25493,7.4548,206
447c1d05,20055,7.4548,206
22e09559,19397,7.4521,206
6471701e,23810,7.4548,206
7a2ba0ff,27347,7.4548,206
a138a0b,18862,7.4521,206
43d98d75,27898,7.4548,206
5e9b1e8a,22270,7.4548,206
6e882d02,25297,7.4521,206
78f7125d,24426,7.4548,206
17e97cdd,26322,7.4548,206
30620a87,25437,7.4521,206
10677377,20035,7.4493,206
762eb429,19003,7.4548,206
2a7d31a5,19715,7.4548,206
aeb205f,18995,7.4548,206
65e58508,20392,7.4548,206
66e9ea61,19998,7.4548,215
255a0f00,25249,7.4548,206
76e03a2c,26461,7.4548,206
3fe43c3d,25025,7.4548,260
16777342,22612,7.4521,206
63a04c83,20705,7.4548,206
14e62b81,19796,7.4548,206
a7df8f4,20652,7.4548,206
27bd679a,22333,7.4548,206
4618e3ba,20755,7.4548,206
638762db,26994,7.4548,206
6589c07,24675,7.4521,206
4a95bae1,23306,7.4548,206
4b91953a,29591,7.4548,206
13d8a729,20565,7.4548,206
5122b9f1,21708,7.4548,206
751b8b1e,18947,7.4521,206
4e9db253,22414,7.4521,206
36074386,25236,7.4521,206
71783839,23629,7.4548,206
274f38d0,23415,7.4548,206
63e6f0f9,27427,7.4548,206
6ff18470,20056,7.4548,206
687de931,19393,7.4548,206
5ff8d047,19472,7.4548,206
1afead0,23698,7.4548,206
551aa324,24385,7.4548,206
174ace36,21034,7.4548,206
36ab7ff3,25230,7.4548,206
2f48eb89,28687,7.4548,206
514f6dda,28402,7.4548,206
6056c571,23889,7.4548,206
55feea33,18819,7.4548,206
51cce754,29608,7.4548,206
3cf54e79,26536,7.4521,206
2ce9c111,29537,7.4521,206
5409eecd,23406,7.4575,206
7e02782b,20120,7.4575,206
707ad5c7,24691,7.4575,206
629e224d,23323,7.4575,206
4842c6f8,19500,7.4548,211
7c70862f,20573,7.4575,206
45b63d9e,23683,7.4575,206
2818c623,22247,7.4575,206
76b3a0de,20316,7.4575,206
3ed123a0,22346,7.4575,206
4affb329,29958,7.4575,299
24b84d8b,19848,7.4575,206
4fe6ac92,25003,7.4575,206
789d5aed,19890,7.4575,206
4f4cc82c,25331,7.4575,206
297e105b,23411,7.4575,206
5306abda,28730,7.4575,206
41dec965,23071,7.4575,206
687a64da,26438,7.4575,206
47dc9b86,29703,7.4575,206
315f4d46,19256,7.4575,206
57e168cc,19456,7.4575,206
60c306b4,29139,7.4575,206
5ba4e2c2,24881,7.4575,206
105aa18d,22407,7.4575,206
4c211c42,20890,7.4575,206
34af45d4,23150,7.4575,206
48610371,19279,7.4575,206
d729539,27969,7.4575,206
49f55bd9,21348,7.4548,206
5ae907fc,25448,7.4575,206
73a36d6,27598,7.4575,206
773e4369,28338,7.4575,206
4700c7cb,22383,7.4575,206
5e42494f,24104,7.4575,206
18e75b31,22057,7.4575,206
3d8aeacd,28558,7.4575,206
6bd0e72c,29959,7.4575,299
2aaf5b02,23490,7.4575,206
666b7729,24825,7.4575,206
cdd25ab,23080,7.4575,206
5289db14,27964,7.4548,206
60584a9b,22195,7.4575,206
30ff7ad9,30035,7.4575,299
d1081d0,21120,7.4548,206
68051da4,25374,7.4575,206
4aab8ead,25285,7.4575,206
1c90c93,29628,7.4548,206
8de037b,20072,7.4575,206
4876c7f9,29229,7.4575,206
5e3ee6bc,18710,7.4575,206
16e2bce0,24726,7.4575,206
6fe7d837,19563,7.4575,206
38b8c3e5,19904,7.4575,206
1871a80d,21014,7.4575,206
11d0833d,24333,7.4575,206
38729cbd,21098,7.4575,206
79ca56fb,24358,7.4575,206
283d1f95,29392,7.4575,206
3de1a8c4,19152,7.4521,206
11da5cb1,29822,7.4575,206
3a8cadff,27932,7.4575,206
7a0ddc8c,26538,7.4548,206
4a1afc81,28315,7.4548,206
9e60ea7,27691,7.4575,206
565ab931,23265,7.4575,206
42a7e6ca,29508,7.4521,206
5f44e4eb,18922,7.4575,206
66ee4a92,18651,7.4575,206
65fee44f,24655,7.4575,206
1812df8c,19895,7.4548,206
600913d9,22096,7.4575,206
74a76f90,21956,7.4548,206
6c46adba,29758,7.4575,206
2736017d,23283,7.4575,206
d014f58,24696,7.4575,206
666931d7,21070,7.4603,206
68897c29,25304,7.4438,206
40b62d3a,23743,7.4603,206
6539878e,24224,7.4603,206
fa21153,24317,7.4603,206
20ea6ef9,27173,7.4603,206
32136f9,24226,7.4603,206
720f045a,23280,7.4603,206
6db8abc1,24298,7.4575,206
1e568d29,24395,7.4575,206
144af6e4,26974,7.4603,206
1e6d0de3,23407,7.4603,206
68fa86ff,26573,7.4603,206
36a34b4c,22341,7.4603,206
1cb6b774,24278,7.4603,206
5f089fd0,19825,7.4603,206
25c161dc,19462,7.4575,206
297c83c7,25327,7.4575,206
d4dfcb9,29430,7.4575,206
7b188fb,28372,7.4603,206
5a9548f,29477,7.4603,206
8171eeb,27374,7.4603,206
2c0d4e59,27213,7.4603,206
37e0b217,29454,7.4575,206
5561d9cd,28113,7.4603,206
7a4f7d97,29965,7.4575,299
350d537d,24338,7.4603,206
73b4ac03,22471,7.4603,206
4176c868,24501,7.4603,206
40d4a614,19754,7.4603,206
1f1d83c8,25114,7.4575,206
499fe09c,23120,7.4603,206
3e5d544f,19804,7.4603,206
5b5ca196,23688,7.4603,206
14b2a1e,19118,7.4603,206
28ac6af6,28360,7.4603,206
1e81e47f,28677,7.4603,206
4a2a34cc,30057,7.4603,299
74c47c0e,25027,7.4603,260
35b9447e,21029,7.4603,206
4b48dfbf,26206,7.4521,206
3ff443ba,23935,7.4603,206
2e47fa27,19405,7.4603,206
35d02777,20092,7.4603,206
622309cf,29374,7.4575,206
7f576fa2,22872,7.4603,206
6ed034ad,19408,7.4603,206
5a8f4d9f,24725,7.4603,206
20184a70,24140,7.4603,206
64f61bae,19105,7.4603,206
b6c2ec1,18621,7.4575,206
2b2f7986,20112,7.4603,206
4986ed59,28692,7.4548,206
1df9a4ac,22325,7.4575,206
77899bf4,23382,7.4603,206
27ba3fca,26253,7.4603,206
5928e241,23304,7.4575,206
924e10c,25317,7.4548,206
7c39183f,22238,7.4603,206
227ecc0c,27664,7.4603,206
32498de7,27668,7.4603,206
447ba00b,19291,7.4603,206
c429f34,22624,7.4603,206
418ab78e,24668,7.4603,206
5adf782f,21242,7.4603,206
74ddcef9,27172,7.4575,206
a854330,28339,7.4603,206
1367d193,21066,7.4603,206
3258cdd0,24256,7.4603,206
64e0a8c,24414,7.463,206
28e86764,21053,7.463,206
8d43d8a,27630,7.463,206
25128e4a,28659,7.463,206
51d0e175,18788,7.463,206
3a687f6c,29495,7.463,206
79e9204c,21957,7.463,206
2228913d,20122,7.4603,206
74250744,21054,7.4575,206
48b5c1c1,19236,7.463,206
dcf95b3,25252,7.463,206
57028ed1,23553,7.4603,206
31c55c75,22338,7.4603,206
770a577e,21379,7.463,206
6d06622e,29421,7.4603,206
1c951030,24951,7.463,258
5fa26175,25328,7.463,206
449fb800,19968,7.4548,214
293abf1a,24413,7.4603,206
1a56b5af,18333,7.463,1
2ef62245,23993,7.4603,206
62134727,18549,7.4603,1
5bf5acdd,28252,7.463,206
4c69267c,27373,7.463,206
742181c1,25345,7.463,206
6b5a710a,21023,7.463,206
24cc49c7,28362,7.463,206
13882939,25021,7.463,206
656decd1,28927,7.463,206
1dba5634,24484,7.463,206
315a5465,29903,7.463,206
25d0a6a8,29584,7.4603,206
77c392ca,24699,7.463,206
7d42f387,23093,7.463,206
628a41d4,23856,7.463,206
328611ed,19119,7.4603,206
124314f3,21426,7.4603,206
770c481c,23926,7.463,206
797d81b3,18824,7.463,206
44c52fb3,27769,7.463,206
13499bd0,22586,7.463,206
1142f92d,23324,7.463,206
1bac837a,27629,7.463,206
e49f9a5,22234,7.463,206
93f1f34,25186,7.463,206
510174a7,28136,7.463,206
570c743b,25182,7.4603,206
28449af3,19088,7.4521,206
6981da8f,21072,7.463,206
33ff2f54,19054,7.4603,206
5c6c9f17,28645,7.463,206
76628bc,24812,7.463,206
b79b9a1,26213,7.4548,206
6ccb5fe3,22640,7.463,206
268458a1,23713,7.463,206
1091a705,27915,7.463,206
5663b007,23846,7.463,206
6061d96f,21051,7.4548,206
64a4d492,21096,7.4603,206
7910fe8c,22041,7.463,206
32389a21,24506,7.463,206
5c7c87a8,19036,7.463,206
1e3ec8f1,21519,7.463,206
6024b124,29417,7.463,206
16bbd693,20889,7.463,206
2e42422b,29507,7.463,206
46d37e52,18963,7.4603,206
3bb5a3d,20967,7.463,206
4bfc1b97,18839,7.4603,206
63361b16,23704,7.4603,206
77935bd9,24172,7.463,206
2aef9a97,24536,7.463,206
735c4745,20566,7.463,206
58d7da1a,24339,7.463,206
35770f4a,19588,7.463,206
631a0051,23455,7.463,206
726d1518,19697,7.463,206
148c0645,24110,7.4603,206
198c56c1,25006,7.463,206
2aa7c529,22503,7.463,206
30f8d0b0,18786,7.4603,206
443256c4,21212,7.463,206
5a7a0d6,19292,7.463,206
3f732add,20291,7.463,206
2be93e97,24554,7.463,206
5de2060a,24500,7.4603,206
b30ef04,27715,7.4658,206
1e7f1cc8,29952,7.4658,299
2d33197d,20959,7.4658,206
76f68346,18673,7.4658,206
7ec54f83,20290,7.4658,206
4fcc97ca,29433,7.4658,206
2d31a6f,23628,7.4658,206
e978dfe,24815,7.4658,206
3b5a95a0,24168,7.4658,206
100337c6,29471,7.463,206
25b746,21905,7.4658,206
764dbfa7,20142,7.4658,206
38d3d30b,19746,7.463,206
574ba624,19358,7.4603,210
5e7f060c,29348,7.4658,206
1e183517,22499,7.4658,206
3875f654,25046,7.4658,206
32850df8,20946,7.4658,206
146c32c2,21520,7.4658,206
78221d47,21073,7.4658,206
58695ad9,21506,7.463,206
4b030dd5,24492,7.4658,206
5c5385b7,23566,7.4658,206
6ad9f1ac,23014,7.4658,206
4623a908,28488,7.4658,206
33ac692c,24115,7.4658,206
6012b729,26388,7.4658,206
20acf8a1,20694,7.463,206
7b1c6e55,19785,7.4658,206
2b298d13,29647,7.4658,206
5e77cca0,25050,7.4658,206
19d95e3f,27514,7.4658,206
12fe597,22702,7.4658,206
6689b1b4,26997,7.4658,206
67b7309,23121,7.4658,206
493c3a30,23714,7.463,206
5500fd5f,29416,7.4603,206
2b7da935,19930,7.4658,206
d2b9ff,21910,7.463,206
c68a9c4,28583,7.4658,206
375a57b,28821,7.4658,206
5b490bf7,20405,7.4658,206
18279d1b,22621,7.4658,206
5dec71d7,25250,7.463,206
57782894,29354,7.4658,206
f549530,26341,7.463,206
6d9588f5,21911,7.463,206
49a6a1ee,28396,7.4658,206
5caee464,28425,7.4658,206
62f254ef,27428,7.4603,206
49a4a094,23916,7.4658,206
35f1d19f,24053,7.4658,206
1ed78e81,23845,7.4658,206
28972d55,22703,7.4658,206
6ef2f498,24056,7.4658,206
23e59d2,21057,7.4658,206
39780d23,24558,7.4658,206
1b792f0b,22623,7.4658,206
62d65ec8,29359,7.4658,206
12d66b89,29845,7.4658,206
6b3e7de5,29533,7.4658,206
396d06fe,22265,7.4658,206
699d3f05,23981,7.4658,206
48368b9c,18704,7.4658,206
507f162a,19167,7.4658,206
174b02d,28776,7.4658,206
111c211,19787,7.4658,206
7d07c3c4,20939,7.4658,206
55614408,29742,7.4658,206
71307351,28008,7.463,206
7ebe362c,28660,7.4658,206
5d87c26a,22641,7.4658,206
3de4d3dc,21180,7.4658,206
492040a1,27595,7.4658,206
627a816c,26215,7.4685,206
1022dc89,29538,7.4685,206
1f2297f7,20181,7.4685,206
4c3cdfc,18776,7.4685,206
32045de9,29341,7.4685,206
344419b4,28439,7.4658,206
3f52ade4,18654,7.4685,206
25e43bdf,23305,7.4685,206
359fd19f,28245,7.4685,206
2102e721,19065,7.4658,206
b155368,24529,7.4685,206
35c8fa41,29147,7.4685,206
fabab16,19095,7.4685,206
44738055,20270,7.4603,206
a94a06b,18633,7.4603,206
7761aaa9,21836,7.4658,206
1d77149d,19394,7.463,206
727e5c15,27620,7.4685,206
5351cf21,21920,7.4685,206
1703d46,20947,7.4685,206
59d96415,22261,7.4685,206
33e2e80f,20104,7.4685,206
59c715cf,27786,7.4685,206
4b2f111,29881,7.4658,206
4a866cc,27744,7.4685,206
16434380,27203,7.4685,206
774b55ea,27422,7.4685,206
64e2086b,27910,7.4685,206
23bb9c3d,18925,7.463,206
2f689489,22061,7.4685,206
221708b,24516,7.4685,206
76f491f4,24186,7.4685,206
9d1a163,28842,7.4685,206
6276a00c,19062,7.4658,206
fd637fa,28464,7.4685,206
6b5a31e1,30543,7.4685,206
3973764f,19749,7.4685,206
3dad12bb,24564,7.4658,206
6a8ca3c2,28129,7.4685,206
3c9585b8,21381,7.4685,206
50e3424b,19566,7.4685,206
72809716,19712,7.463,206
27ed6b37,20282,7.4685,206
28704ebb,28138,7.4603,206
624ba0e4,25418,7.4685,206
1405a39c,28658,7.4658,206
58fdd6f8,28228,7.4685,206
66aca2fc,29364,7.4658,206
72525eca,23151,7.4685,206
4da19ce4,29478,7.4685,206
8b9eb3e,19322,7.4685,206
7401df8f,19740,7.4685,206
427d8de1,19808,7.4685,206
22392f6a,20911,7.463,206
63bec175,27171,7.4685,206
4b339ae7,23033,7.4685,206
1939972a,20779,7.4685,206
37850369,23870,7.4658,206
5b296535,21869,7.4685,206
5cac288c,19171,7.4685,206
498cef05,29811,7.4575,206
1cd9a1d9,18593,7.4658,206
3d86760,24882,7.4685,206
3e8dc7df,24089,7.4685,206
1057e3cc,19261,7.4685,206
41d14f76,22268,7.4658,206
1f2d34b,27323,7.4658,206
3f47a56c,27893,7.4658,285
51915f95,29494,7.4685,206
7ef78fe8,21089,7.4685,206
3516c5bf,28829,7.4685,206
22e930dd,20459,7.4685,206
79dfaee2,18926,7.463,206
3b15e6fe,18855,7.4685,206
382de71e,19063,7.4658,206
5329571e,25040,7.4685,206
7502de3c,23317,7.4685,206
57054b27,28003,7.4658,206
43b3652f,26295,7.4685,206
14f16f50,19685,7.4685,206
d795b77,19889,7.4685,206
2b96fca5,24240,7.4685,206
70d8758c,20044,7.4685,206
289aeca5,28115,7.4712,206
378e8d09,24779,7.4712,206
70ebda6c,21397,7.4712,206
43acb5e8,28860,7.4712,206
3cac86fc,25381,7.4712,206
7f89b2a5,25007,7.4712,259
519f3f82,27753,7.4685,206
77bac3ac,21178,7.4685,206
2ff930c1,26352,7.4712,206
1dd7a301,23857,7.4712,206
351cfc16,27930,7.4712,206
141afeba,23994,7.4712,206
7203abc0,25315,7.4712,206
52ecd12a,27654,7.4712,206
c27b2d,21903,7.4685,206
21e27221,19271,7.4685,206
11a5c2a3,25081,7.4712,206
436ebaa1,29594,7.4712,206
52519bdd,20039,7.4712,206
2cdc44a7,20912,7.4712,206
400e1cb6,24292,7.4685,206
fcaf6ee,25162,7.4685,206
180db597,26389,7.4712,206
b05bea8,26666,7.4712,206
3d88b6db,19007,7.4712,206
733f34b1,22201,7.4685,206
6eb964c,18966,7.4685,206
203d98c7,24639,7.4712,206
3f1672f0,25117,7.4712,206
3010d008,29373,7.4658,206
587bcc75,26326,7.463,206
526be177,20105,7.4712,206
126a110a,28847,7.4712,206
8685480,22188,7.4712,206
445f1eea,19719,7.4712,206
42c16a70,22303,7.4712,206
4f2c4b06,28185,7.4685,206
52ada37,21549,7.4712,206
393e2c36,20458,7.4712,206
7065538b,25199,7.4685,206
5d3c42fa,18991,7.4712,206
e14c008,28433,7.4712,206
46830260,19818,7.4712,206
6c38e99e,21413,7.4712,206
9f6c177,24020,7.4685,206
1ca0e830,20027,7.4712,206
23b452cc,24286,7.4685,206
5250d58,20602,7.4712,206
b08c232,20650,7.4712,206
55464131,23359,7.4712,206
4ebcc2c1,25382,7.4712,206
3212f64,22208,7.4712,206
4f1fdbe8,27322,7.4712,206
2cb896b,18313,7.4712,1
65e30fca,18965,7.4712,206
4de1637d,24670,7.4712,206
7c1021b2,19853,7.4712,206
22ce6f8a,22694,7.4712,206
ff99562,24142,7.4712,206
5f2eb946,28010,7.4712,206
1912d355,27762,7.4712,206
64727c74,23272,7.4685,206
3511fd4f,22013,7.4712,206
1f5f8622,19923,7.4712,206
105876e7,23513,7.4712,206
673e2944,26773,7.4712,206
5dff5b69,21416,7.4712,206
3e72a862,28900,7.4712,206
6dce1e05,25349,7.4685,206
7b2c7ef1,23967,7.4712,206
32b2fe4d,24196,7.4712,206
3a4c7892,28923,7.4712,206
5caf46ee,24470,7.4712,206
4679d100,29752,7.4712,206
77b5d4a1,29128,7.4712,206
6a16c264,24850,7.4712,206
72d5e221,19847,7.4712,206
1ac8602e,25184,7.4685,206
54eb42a3,28897,7.4712,206
da29443,28388,7.4685,206
517b6271,13784,7.4685,150
c624695,28124,7.474,206
212f3e0,26530,7.474,206
1b8b7f6d,20187,7.474,206
1169ee87,20891,7.4712,206
fa154d1,25272,7.4712,206
1ab93b36,28331,7.474,206
1ed1ac37,19789,7.474,206
48793052,28004,7.474,206
5a095f1b,21085,7.4712,206
44a8f0b,24634,7.474,206
744174cd,24602,7.474,206
2a423a25,23454,7.474,206
1c8448f,18978,7.474,206
527baf0b,22614,7.474,206
421ac3d8,24042,7.474,248
12f82e47,27499,7.474,206
36756949,21129,7.4712,206
5157ecab,19989,7.4712,206
5bb8a271,22442,7.474,206
5e5b027d,24838,7.474,206
4acb1e6d,22299,7.4712,206
b0b3625,18594,7.474,206
19128b65,18900,7.474,206
774e0e58,29423,7.474,206
7100a226,27324,7.474,206
632ae21d,24949,7.4712,206
6eee04be,28809,7.474,206
69d5ebf5,19852,7.474,206
1db0757b,24910,7.474,206
29be56da,27652,7.4712,206
37eb7ca7,21372,7.474,206
7127b3ec,24138,7.4712,206
6f220b1e,23961,7.474,206
5518ef00,24335,7.474,206
1fca9269,23296,7.474,206
765e1c83,23797,7.474,206
75652f8f,29481,7.474,206
347188a6,18556,7.4685,1
5813c4cb,24955,7.474,206
4f20092,19694,7.474,206
14e7a4f6,25411,7.474,206
6be2278f,19944,7.474,206
536ea6ed,23543,7.4685,206
159d15d7,20071,7.474,206
3c74c386,26566,7.4712,206
46d045d8,28466,7.474,206
602fda21,26411,7.4658,206
42a2cede,19810,7.474,206
415fafd,29426,7.474,206
39a364e0,23818,7.474,206
1de1585e,20145,7.474,206
713c097,21183,7.4712,206
4329ab28,27695,7.474,206
5e6e5bab,29556,7.474,206
5d498fbe,26235,7.4712,206
4a7d1fe1,24692,7.474,206
53736941,20944,7.4658,206
5d0de8ec,29595,7.4712,206
4ca8b88c,22135,7.474,206
6e0824ef,19943,7.474,206
2679710e,22506,7.4712,206
1481b7a5,24320,7.4712,206
1de41161,26563,7.474,206
57b82721,23932,7.474,206
32e4716e,20110,7.474,206
5ff8973d,26525,7.474,206
4ff99e06,28766,7.4712,206
465d3ff8,25053,7.474,206
7a687279,23048,7.4767,206
7b8f514b,29422,7.4767,206
6a713055,19207,7.4767,206
614d28c3,20271,7.4767,206
71ab1359,23913,7.4767,206
5e26406b,22690,7.474,206
5f2247ed,26236,7.4767,206
3cb227c4,21912,7.4767,206
15aacad0,25103,7.4767,206
79e3f516,19165,7.4767,206
34b3c8e8,21537,7.4767,206
199245bd,22189,7.4712,206
5a2de015,27327,7.4767,206
3c00f503,27318,7.4767,206
165e9ee3,29518,7.474,206
1dea8e38,24124,7.4767,206
2872e8d8,18982,7.4767,206
1361b838,18616,7.4767,206
712a9531,22259,7.4767,206
38f85e62,28806,7.4767,206
7f3558d,27942,7.4767,206
28ec5dd0,22187,7.4767,206
194d9d33,19303,7.4767,206
2dcaf266,28234,7.4712,206
3c6b1036,20152,7.4767,206
22ae41f2,27669,7.4767,206
2ec60891,21124,7.4767,206
461a5297,19786,7.4767,213
5b5838e4,22876,7.4767,206
2e0992b9,22601,7.4767,206
75e0f0ad,19612,7.4767,206
14708b59,19679,7.474,206
4a87cdee,23939,7.4767,206
5e9db0c3,25227,7.4767,206
44983cec,23485,7.4767,206
26e6e29c,28371,7.4767,206
52fab313,24877,7.4767,206
61521a27,21339,7.4767,206
642835bd,26521,7.474,206
75cbc9a6,28561,7.4767,206
138fa2cf,28902,7.4767,206
72ae8e27,26194,7.4767,206
3dc2177,23874,7.4767,206
267c696c,28254,7.4767,206
dd102fc,29107,7.4767,206
b087ad7,22236,7.4767,206
32e77f03,19879,7.4767,206
69bd2558,24359,7.4767,206
6e10d4b,28546,7.474,206
2ccf060a,23616,7.4767,206
290c378d,19395,7.4767,206
611a3eb9,19172,7.474,206
94dca42,26238,7.4767,206
618d4027,23419,7.4767,206
51b78688,19893,7.4767,206
35a6e54a,29585,7.4685,206
3f766377,23915,7.4767,206
7dde1c2c,22206,7.474,206
4d810ad8,20521,7.4767,206
4606e737,23791,7.4767,206
4408c608,29154,7.4767,206
49ba8dd9,24656,7.474,206
3972feba,28126,7.4712,206
ca889fc,25031,7.4767,260
7d66e801,21171,7.4767,206
7f5c4923,20350,7.4767,206
2af67dfc,20922,7.4767,206
6295c754,22465,7.4767,206
2a3a5593,27832,7.4712,206
60d68635,21094,7.474,206
11326c6e,24475,7.474,206
7ddece5d,28791,7.4712,206
313d09d5,20898,7.4767,206
49d354ac,26308,7.4767,206
1de0948d,25041,7.4767,206
16c70d4a,19936,7.4712,206
4f6ddde6,24334,7.4767,206
1cc88693,26327,7.4767,206
5153d7b,21059,7.4767,206
2b96ddce,20399,7.4767,206
ab5a7b7,24551,7.474,206
5211446c,21030,7.4767,206
3f955890,23037,7.4767,206
7ec355b0,27348,7.4767,206
63a68f0b,19604,7.4767,206
448914d7,23514,7.4767,206
1c631a0e,19849,7.4767,206
7869a2e7,23262,7.4712,206
2fe0a436,18581,7.474,206
234322b1,25857,7.4767,206
27f4efbd,29877,7.4767,206
12bf1f3e,24528,7.4767,206
3854d84b,28241,7.4795,206
2b8335a,22326,7.4795,206
231bdb7,27962,7.474,206
681d1420,19846,7.4795,206
76950fe8,24191,7.4795,206
411e880,20057,7.4795,206
3574c083,29704,7.4795,206
3a270f9f,23499,7.474,206
3a1ba0ef,19376,7.4795,210
642f120b,24369,7.4767,206
774cb6d5,26567,7.4795,206
75151454,26395,7.4795,206
1d0b257b,24438,7.4795,206
126edec1,23811,7.4795,206
ecd29cd,23793,7.4767,206
3886a98,27909,7.4767,206
1c25ccdf,21970,7.4795,206
414fccbb,29706,7.4795,206
25b39a85,19021,7.4795,207
42574cbf,19495,7.4795,206
7026231e,23593,7.4795,206
4fb303b5,22394,7.474,206
76eddf74,20727,7.4795,206
ea757a2,21550,7.4795,206
3fa46683,26996,7.4795,206
4f58bbbb,26439,7.4795,206
1821a74e,20230,7.4767,206
2fcd41,29424,7.4795,206
467a9c18,29746,7.4795,206
7c10f4bb,27515,7.474,206
3e8e70f9,19222,7.4795,206
4e621974,19638,7.4795,206
2b80bbb1,23775,7.4795,206
55bb3e45,23732,7.4795,206
6d0728cb,19564,7.4767,206
2043942a,23620,7.4712,206
2f5a035,30540,7.4795,206
34341b48,19803,7.4767,206
56e081d0,26646,7.4795,206
6a3ebde2,24188,7.4795,206
746fc9b1,23160,7.4767,206
63729bfb,27438,7.4795,206
4ca96ba8,28034,7.4795,206
1e958dec,28777,7.4795,206
15be271,23401,7.4795,206
76011ce2,19496,7.4795,206
71f2cda1,20124,7.4795,206
433ad49e,23868,7.4767,206
1d2cfee2,20089,7.4795,206
63b417a9,23807,7.4767,206
4cc41bb,23744,7.4767,206
11c7eb98,23399,7.4767,206
6b66dcac,26517,7.4795,206
28ac8736,25269,7.4795,206
4e8bca01,19918,7.4795,206
603e7363,19260,7.4795,206
382019f9,19055,7.4795,206
3de04074,19788,7.4795,206
71b9e5c9,23707,7.474,206
6172e23d,28685,7.4767,206
7244301b,24197,7.4795,206
5f16b3cf,19280,7.4795,206
5ffc8437,29813,7.4712,206
4d983dc7,22906,7.4795,206
73310e10,24830,7.4795,206
5246941,22545,7.4767,206
56b34516,20199,7.4822,206
5a493c02,19741,7.4822,206
21f3e8d5,19497,7.4822,206
7bbe3cb,19367,7.4795,210
4bec8ddf,28649,7.4822,206
58d6118c,20093,7.4795,206
66ddef03,28118,7.4822,206
51a3dd79,20520,7.4795,206
4484f2d5,23914,7.4822,206
3ea0eda8,24635,7.4822,206
118d1dd6,29642,7.4822,206
793f241a,22582,7.4795,206
496717de,19024,7.4822,206
30fdd089,24002,7.4795,206
30622d78,30079,7.4795,299
5413d847,27352,7.4795,206
76fc6ffb,28718,7.4822,206
5bd4478c,19874,7.4822,206
7ad4d65c,23695,7.4822,206
2bdb54ab,23377,7.4822,206
7c67708d,27912,7.4822,206
ff254e4,26360,7.4822,206
2a7c62cf,20229,7.4767,206
745b9691,27940,7.4795,206
1447fbe2,19189,7.4822,206
55736c8f,18674,7.4822,206
2ce2b98a,19522,7.4795,206
68cde191,27830,7.4822,206
65c1dcc3,23452,7.4822,206
4d0631f4,28255,7.4822,206
35f2bcf,20046,7.4795,206
7396f8a8,22066,7.4822,206
3ac8fcc7,20194,7.4822,206
51041899,19828,7.4822,206
2d711adc,27752,7.4822,206
2df566ee,19642,7.4822,206
570a4dee,23099,7.4795,206
25dbb452,19969,7.4822,214
2a59ad0c,23030,7.4795,206
5b68b80e,19289,7.4795,206
7e6afe45,24097,7.4822,206
7b0aa95b,26383,7.4822,206
1cdc5afb,21123,7.4822,206
2ea29a6,27656,7.4767,206
2b5b6768,19081,7.4822,206
5355329,26998,7.4795,206
7b40daf6,20955,7.4822,206
28b46b21,21924,7.4822,206
5228b312,19304,7.4822,206
58242978,29953,7.4767,299
145b8367,21078,7.4822,206
732aa9aa,24401,7.4822,206
7727854e,25446,7.4822,206
c3c4409,23530,7.4767,206
acd7636,19096,7.4822,206
5366f69,28432,7.4795,206
1abf92d,27987,7.4822,206
783d6f89,21243,7.4822,206
337b9835,25444,7.4822,206
526624aa,26214,7.4822,206
cdadd5a,24559,7.4822,206
1f08aa6f,20957,7.4822,206
705d238b,23351,7.4767,206
137d0a5e,19525,7.4822,206
49172566,24257,7.474,206
1316b5f9,24461,7.474,206
a4e9d6b,23617,7.4795,206
711a5986,19833,7.4767,206
1566ed6,24941,7.4795,206
2e33a4a0,21003,7.4767,206
27c9ba78,28680,7.4849,206
5992ce2f,24531,7.4849,206
7a677af2,19008,7.4849,206
2594bb14,29342,7.4767,206
788dda3b,22701,7.4849,206
d49839b,20284,7.4849,206
48758bb6,23065,7.4849,206
2285e2ba,29439,7.4822,206
2c58f4de,27375,7.4822,206
4894e2d8,22000,7.4849,206
6eb880e4,20285,7.4822,206
45895942,18808,7.4822,206
651bd8bb,18945,7.4767,206
e0e2ec2,19755,7.4849,206
4ad9c907,26242,7.4822,206
61e39ff9,30725,7.4822,302
6eaf89ce,29344,7.4849,206
74f63845,28197,7.4822,206
55ca4aa0,18584,7.4849,206
2a4d06e5,20254,7.4849,206
57ac5802,19819,7.4849,206
45df4ac0,29817,7.4822,206
57856841,20527,7.4849,206
42478791,20195,7.4849,206
ffcb12,21941,7.4849,206
35a6ef47,30097,7.4849,299
a102a79,28920,7.4849,206
74955fa5,28229,7.4849,206
accbd7e,26260,7.4849,206
36f6a691,20980,7.4849,206
145e0d59,26973,7.4849,206
812b7b7,28266,7.4849,206
3da172e,22368,7.4795,206
5dec1887,23489,7.4849,206
32a46909,23890,7.4849,206
37b00534,29738,7.4849,206
37a875fb,21962,7.4849,206
2f96dfe5,22519,7.4849,206
7ca6de5e,28033,7.4849,206
4133d96d,20409,7.4849,206
504e0c63,26293,7.4822,206
111519ca,19747,7.4849,206
49be9878,30555,7.4849,206
3a0fb3f,19922,7.4822,206
5c07a297,28375,7.4849,206
7c0a8060,27584,7.4849,206
414abac1,24098,7.4795,206
45b7d8d4,20611,7.4849,206
2445d9ef,19484,7.4849,206
ce44487,21099,7.4822,206
18ec6b68,27911,7.4822,206
636671d9,29759,7.4849,206
696656fb,24854,7.4849,206
4788f72c,18863,7.4822,206
5baf7872,24785,7.4822,206
3cc4739e,24608,7.4849,206
6c7c2566,28031,7.4822,206
3776779c,24232,7.4849,206
37c7c7c9,24343,7.4849,206
28801a2c,25095,7.4849,206
255a5d4f,30529,7.4822,206
57b9a14b,24227,7.4849,206
54486d2f,24494,7.4849,206
219414ef,24759,7.4849,206
2864769b,27381,7.4849,206
1d48c1,29878,7.4849,206
204b0113,19816,7.4849,206
5f2da4d4,25306,7.4849,206
77dacda8,24248,7.4849,206
76e88cd0,18938,7.4849,206
7db3ec38,29400,7.4822,206
1782f80f,29972,7.4849,299
3614c0da,27599,7.4849,206
42844c4,30556,7.4849,206
6618aa55,30036,7.4849,299
665a6419,28919,7.4849,206
76d86a18,20171,7.4849,206
30101e63,23477,7.4849,206
13f95036,22058,7.4849,206
263694fc,24378,7.4795,206
138bb288,27177,7.4822,206
23d8559c,28258,7.4849,206
43c948c8,24693,7.4849,206
7af9d931,22354,7.4849,206
68fa23e6,28311,7.4877,206
26abc383,24705,7.4849,206
47be067f,21121,7.4849,206
14767ed7,22144,7.4877,206
73ba6fe8,24013,7.4849,206
7d8d9712,19931,7.4849,206
4ae6976a,25302,7.4877,206
3229e26e,28889,7.4877,206
51387aa,28471,7.4877,206
25766dcf,29894,7.4877,206
5bd5e3cc,24035,7.4877,206
2612404a,28825,7.4877,206
4be2f937,26531,7.4849,206
1d8d1901,26196,7.4877,206
3fa5adf5,20719,7.4877,206
29aba7db,19546,7.4877,206
629a47f4,19323,7.4822,206
5d94eaa1,25389,7.4877,206
69b0f149,29059,7.4877,206
7b68238f,26245,7.4877,206
f89d646,25057,7.4877,206
7532e4f4,28408,7.4849,206
1b6679a2,21857,7.4877,206
337e65a5,28016,7.4877,206
21a8451a,22894,7.4877,206
60529c8f,27637,7.4877,206
225d135,21871,7.4849,206
2a2603ba,19259,7.4849,206
49c51371,18739,7.4877,206
778bb46d,22249,7.4877,206
3d074822,19161,7.4877,206
11079ace,23795,7.4877,206
1e0fdedb,23639,7.4849,206
b266087,24829,7.4877,206
3793a804,24560,7.4822,206
45acad5b,26466,7.4849,206
6a19b409,30549,7.4877,206
6d58b730,27589,7.4877,206
402491bf,24132,7.4877,206
78bee364,20618,7.4877,206
5f20b986,22620,7.4877,206
438cea5d,30573,7.4849,206
77e97465,19466,7.4877,206
1324aa4e,24846,7.4877,206
1c8ede8d,22395,7.4877,206
46b8a813,24080,7.4877,206
7a4eb6fd,29705,7.4877,206
4c8e0520,23689,7.4877,206
415ba66,21927,7.4849,206
261ec08a,21090,7.4849,206
25651c6a,22504,7.4849,206
2a13bf65,28665,7.4877,206
16880802,23638,7.4877,206
46c290c9,23346,7.4877,206
4b494237,24836,7.4877,206
7c9624ac,28843,7.4877,206
2a88eb24,27366,7.4877,206
781e7264,19046,7.4877,206
79c7cfaa,21162,7.4877,206
3439377a,22222,7.4849,206
2ad501,19837,7.4877,206
59852b12,29517,7.4877,206
5203ff14,23794,7.4849,206
15fed061,22497,7.4822,206
6881b743,19348,7.4877,210
182cccfa,24863,7.4877,206
559a7bb4,22214,7.4877,206
3604c4be,22367,7.4877,206
53da5692,29450,7.4877,206
2d6f1b0f,19983,7.4877,206
2b2e82cd,27728,7.4877,206
151b433e,18883,7.4877,206
7d198bec,22560,7.4877,206
3b1f9222,20637,7.4877,206
3a703d15,25388,7.4877,206
6f92ee37,19595,7.4822,206
30f531e2,19155,7.4877,206
77bc3b5c,18983,7.4877,206
3c2332f5,23815,7.4877,206
4c9f282b,21900,7.4904,206
348494d9,28055,7.4849,206
4a060ef2,21388,7.4849,206
2d67d98a,24299,7.4904,206
3b1761a1,29071,7.4849,206
e7cc898,24784,7.4904,206
1ecea7d2,22639,7.4904,206
d768608,29543,7.4877,206
decf46e,23507,7.4904,206
65bcd543,23461,7.4904,206
e270e11,22277,7.4904,206
37d89f1b,18607,7.4904,206
5d7d520a,19690,7.4904,206
5e68922b,28056,7.4904,206
1d2db38f,19878,7.4849,206
68895871,26577,7.4904,206
37512d07,26424,7.4904,206
2c80ce5f,22192,7.4877,206
3b99a6d1,24106,7.4877,206
36e3e82e,19937,7.4904,206
148b7453,19924,7.4904,206
45084c23,25240,7.4904,206
76c63146,20163,7.4904,206
5e0a6f2c,21853,7.4904,206
7452a084,29814,7.4795,206
5dd984b8,21409,7.4904,206
12bf5abc,21566,7.4904,206
4460efa1,19578,7.4904,206
1fc134c8,30536,7.4904,206
677aca5d,19781,7.4904,206
7ef6f134,22532,7.4904,206
716ae951,20622,7.4822,206
6f1b5616,23973,7.4904,206
7199bf3,20161,7.4904,206
11e898ac,19380,7.4849,210
58deb4f4,28280,7.4904,206
6d40f21f,28324,7.4904,206
26cd3a47,24445,7.4877,206
73b5ebca,27022,7.4904,206
34db4985,19467,7.4904,206
7b8b425b,26335,7.4904,206
27bc0d5b,22006,7.4767,206
754d4298,24731,7.4877,206
1bb4aad5,27767,7.4904,206
3a8cba62,29729,7.4904,206
7d9dbebd,29970,7.4877,299
279015c0,21125,7.4904,206
625b7a14,27596,7.4904,206
5c879688,26209,7.4904,206
38768d0,28890,7.4904,206
13ff564b,22530,7.4904,206
2acd05fa,20974,7.4904,206
4a9ef5fd,22500,7.4904,206
7267c596,29960,7.4904,299
1bc3989f,25010,7.4904,259
59e3acc8,21987,7.4849,206
64ef9b14,28440,7.4904,206
2868b96a,20263,7.4877,206
2f68db98,25195,7.4904,206
6b29b751,27371,7.4877,206
7386a61b,29094,7.4849,206
1e48e2e8,23131,7.4904,206
77954ea2,22042,7.4904,206
51a0ec3e,26528,7.4877,206
17503e6f,20896,7.4877,206
1c58fbaa,22311,7.4904,206
4e56d1cf,29941,7.4904,206
136b76f9,20058,7.4877,206
457ca9b6,22007,7.4932,206
53c95430,25337,7.4932,206
2b693f2f,20604,7.4932,206
63fd4805,21831,7.4932,206
43ec7cd5,20167,7.4932,206
b0b8b70,19162,7.4932,206
5a1dd84c,20685,7.4904,206
386f0467,29826,7.4932,206
31dbce0f,23903,7.4932,206
69d19439,21923,7.4932,206
11710635,22185,7.4904,206
251a63ef,25340,7.4932,206
6a91386,26480,7.4932,206
65960717,28128,7.4904,206
a52161c,25146,7.4932,206
138bf9cd,29355,7.4932,206
65f8f548,28820,7.4932,206
2e44b641,20154,7.4932,206
3083f85f,29548,7.4849,206
2afbeaa5,21894,7.4932,206
66722ba6,19907,7.4877,206
4402c095,24237,7.4932,206
6b6c894a,28792,7.4932,206
1eb7e840,28859,7.4904,206
696fdf2b,29418,7.4932,206
3b3bacfb,25330,7.4932,206
3412440f,24546,7.4932,206
15464f25,19899,7.4932,206
2475c21,29854,7.4932,206
f35d059,22327,7.4904,206
647d64e6,29726,7.4932,206
4269765a,25058,7.4932,206
65713655,18608,7.4932,206
5d6fd88e,23847,7.4932,206
523add91,22410,7.4932,206
5b68aa2a,29709,7.4932,206
37c7ec8c,25286,7.4932,206
144ff952,20090,7.4904,206
101d681f,24563,7.4932,206
183b647a,28908,7.4932,206
ebaa9cc,19461,7.4932,206
691971b,19548,7.4932,206
6dff7bf2,27405,7.4904,206
98792b7,21656,7.4904,206
f1f3a2a,20633,7.4932,206
1659abc2,20111,7.4932,206
4df6940c,22039,7.4932,206
4755fbe6,21283,7.4932,206
51632815,29431,7.4932,206
abf8e40,18830,7.4904,206
73102def,29695,7.4932,206
1bf272a0,29736,7.4932,206
5319c24b,21874,7.4932,206
63663c58,26393,7.4904,206
25228be6,20620,7.4932,206
572fb5f8,27894,7.4932,285
5f40bacf,28441,7.4877,206
731afef1,22584,7.4904,206
5930151f,19281,7.4932,206
37c4a34,19576,7.4849,206
603db9c7,26256,7.4932,206
70de8b2d,18787,7.4932,206
54171eb1,27597,7.4932,206
d5661c1,20040,7.4877,206
6c1ab7b5,26250,7.4932,206
6819cef8,21063,7.4877,206
756a884b,28926,7.4932,206
417b7dc,19273,7.4932,206
51c110da,21371,7.4932,206
3a7196f6,19483,7.4932,206
25274999,27833,7.4904,206
26592c56,30561,7.4932,206
4508368,22705,7.4932,206
41b24fac,22323,7.4932,206
1cb7b3b6,19594,7.4932,206
2a4750f0,27319,7.4904,206
7782e19a,26403,7.4932,206
509adb03,30058,7.4932,299
4fee2b08,27191,7.4904,206
6e651b40,28833,7.4932,206
7eb506ac,29227,7.4904,206
78f188ba,19947,7.4932,214
46f95ac7,24214,7.4904,206
e643,21854,7.4932,206
56561089,22271,7.4849,206
29fb8216,20255,7.4932,206
2216f6a1,18693,7.4904,206
2e35af46,29405,7.4904,206
2980763d,21245,7.4932,206
4fb4f9dc,28047,7.4932,206
5a02bd75,22040,7.4959,206
594e76ec,18705,7.4959,206
7355c266,24898,7.4877,206
1b47bfc9,23896,7.4877,206
546150c1,26450,7.4959,206
5471ab79,29479,7.4959,206
7e32b5b7,29451,7.4959,206
23291ee5,21994,7.4959,206
53644be,24356,7.4959,206
5b8ffb81,23153,7.4959,206
307b624a,28340,7.4959,206
7b33f50f,27043,7.4932,206
278eead6,24603,7.4959,206
5b4e8c96,21909,7.4959,206
6cea30f5,22065,7.4959,206
489d9d1a,28819,7.4904,206
231fcf71,21901,7.4959,206
c9acdb8,19756,7.4959,206
31ca3946,28548,7.4932,206
151b0728,20408,7.4932,206
5976442c,20038,7.4959,206
120fd50c,27799,7.4932,206
726fde02,27973,7.4932,206
3f00b520,18582,7.4959,206
664efba3,21100,7.4959,206
a85f5d3,28877,7.4959,206
616b54f,26976,7.4932,206
73a17ec2,23887,7.4959,206
3c85b918,25106,7.4959,206
1eca809c,23754,7.4959,206
2d87dec8,23066,7.4959,206
8099dc6,26703,7.4959,206
3b86fd45,27181,7.4959,206
2a5ade54,20580,7.4959,206
39383449,19524,7.4959,206
7d1b7905,19626,7.4959,206
71fbdf36,20725,7.4959,206
daf0723,19170,7.4959,206
75cdf0a3,28341,7.4959,206
53387c4e,23710,7.4904,206
7c951b70,20887,7.4959,206
6ef739ff,23289,7.4959,206
9f68dde,24074,7.4959,206
13a42cab,28679,7.4959,206
3eef89d,18587,7.4959,206
57f43d0b,30566,7.4932,206
682966a8,22546,7.4932,206
6ad1c256,24219,7.4959,206
58227ad3,20283,7.4959,206
2cfc4b5a,26595,7.4932,206
5a9627ab,22215,7.4959,206
39f863a8,28896,7.4959,206
3eb18ddd,19082,7.4959,206
750e9c3a,29824,7.4959,206
3be6af5a,24523,7.4959,206
50267cf2,23198,7.4959,241
624bcc4e,23102,7.4959,206
63a57371,20904,7.4959,206
6d378c20,19971,7.4932,214
e95bc98,18727,7.4932,206
320038b8,21820,7.4959,206
7af6fb72,22293,7.4959,206
2bf13e80,28823,7.4959,206
8a3261a,20467,7.4959,206
3b550a4e,19798,7.4932,206
76355b3d,29474,7.4932,206
3663af10,21408,7.4959,206
54127e45,20668,7.4932,206
4510012b,21523,7.4959,206
560474bd,24592,7.4959,206
ab421f3,19282,7.4959,206
4d1396b6,25420,7.4959,206
8cfdf66,26518,7.4932,206
7d1bf35e,27518,7.4959,206
560beeb7,26583,7.4904,206
77c64e6,22492,7.4959,206
67816fbc,19410,7.4932,206
71beaf80,30096,7.4849,299
5a6a0168,22253,7.4986,206
3e550597,28663,7.4986,206
3a136f72,23985,7.4986,206
7d51f1bd,28041,7.4986,206
ab09a9,28335,7.4986,206
ac02995,24595,7.4959,206
1c2fece7,24569,7.4986,206
3d6668ef,23408,7.4986,206
65d8d8ab,28036,7.4986,206
6e5fc904,18605,7.4959,206
df448fc,23861,7.4959,206
1ba7cc54,18842,7.4986,206
2065f5fd,25212,7.4986,206
30621f1c,25503,7.4986,206
38bc6145,24917,7.4986,206
1f7e1244,27975,7.4986,206
47b81f86,19123,7.4986,206
48fdc091,22328,7.4986,206
68c7bc6d,26473,7.4959,206
7c46f03,27615,7.4986,281
71452,19605,7.4986,206
26d8a58b,24694,7.4986,206
17a5ad14,27976,7.4986,206
4ca1b0de,29511,7.4986,206
73a951e9,28235,7.4959,206
57b194e8,25216,7.4986,206
6f2cafc8,24466,7.4986,206
c3bbb5b,25292,7.4986,206
3524852c,20874,7.4986,206
6e6941b4,20079,7.4959,206
64b1f15e,19854,7.4932,206
35816ff0,24722,7.4986,206
249d8189,23453,7.4986,206
dd004f,18711,7.4959,206
6b8d3a0b,23267,7.4986,206
554d2665,27642,7.4986,206
1d14748c,27623,7.4932,206
7523c019,20188,7.4986,206
777cf1d4,28182,7.4959,206
27da0b7a,29634,7.4986,206
4b3e8f50,28420,7.4986,206
5c24226d,19111,7.4986,206
75b022af,27215,7.4959,206
1ef80708,19577,7.4959,206
e9aa752,20902,7.4986,206
361a9562,22568,7.4986,206
552d586a,21868,7.4986,206
3161fdde,29904,7.4986,206
23204fa6,22429,7.4959,206
45300407,29126,7.4986,206
1b2e9bee,26392,7.4986,206
40d50fee,19835,7.4986,206
47f952f7,27441,7.4932,206
7e648527,20036,7.4986,206
3b31a6d0,22893,7.4986,206
54afbbb3,22008,7.4932,206
399cd7e3,18712,7.4986,206
3ced64b7,27834,7.4986,206
66fa83b0,24363,7.4986,206
504bbe99,21008,7.4986,206
7910e500,20393,7.4986,206
2e0ffe49,23550,7.4986,206
1cda0f3b,25078,7.4986,206
f7aff34,26421,7.4986,206
60a1606b,23645,7.4959,206
1168d54f,23154,7.4986,206
6fae1a87,30542,7.4986,206
3e825c8d,23630,7.4986,206
2b86c341,19552,7.4986,206
726d3fb1,23045,7.4986,206
25784e1e,22384,7.5014,206
3a1d1214,26987,7.5014,206
16d747ee,24370,7.4959,206
ddc7232,22707,7.5014,206
6a33c529,29971,7.5014,299
386ce7c9,26472,7.5014,206
14a83f1d,19047,7.5014,206
7a0b9258,23447,7.5014,206
e651abd,27603,7.5014,206
5168f617,20873,7.5014,206
46d6bf0,26519,7.5014,206
2252b077,20339,7.5014,206
444f672,29730,7.5014,206
68af8ebf,20716,7.4959,206
55560113,23606,7.5014,206
65f88038,26457,7.5014,206
7dd7abf9,19015,7.4986,206
4ab16d3c,22789,7.5014,206
1c792093,18929,7.5014,206
69e5f57e,26405,7.5014,206
282b0f89,23064,7.5014,206
68e3f116,23888,7.4986,206
29fab9bb,19132,7.5014,206
6f72f7ff,21983,7.5014,206
1fd5fadf,24382,7.5014,206
6849d372,27581,7.5014,206
148298a1,24633,7.4986,206
6c3758c1,20672,7.5014,206
5c84549a,28443,7.5014,206
4c0e180c,21061,7.5014,206
7d0f4435,28769,7.5014,206
7af0de3b,19615,7.4986,206
7ab70654,25495,7.4986,206
2c90a893,23582,7.5014,206
524e191f,27583,7.5014,206
2eb3146b,19218,7.5014,206
6cf4224f,18741,7.5014,206
4509cb72,27336,7.4959,206
67ada42d,29482,7.5014,206
518bf4ff,19368,7.5014,210
1ca042db,24009,7.5014,206
17f95866,23536,7.5014,206
1d7f0a78,29626,7.5014,206
135d3924,27506,7.5014,206
d75070e,19645,7.4986,206
501254ae,29528,7.5014,206
355bb81e,19646,7.4959,212
4fb53388,20575,7.5014,206
6a5d0007,23441,7.5014,206
28288ec6,21977,7.5014,206
405b5895,29499,7.5014,206
26941a65,19213,7.5014,209
374f7e24,19687,7.4986,206
24cb7b88,28122,7.4959,206
48f99f69,21130,7.5014,206
527cf913,21374,7.5014,206
54bd860b,28323,7.5014,206
2628f61b,27790,7.5014,206
2bd5b02f,24281,7.5014,206
2f5370eb,29466,7.5014,206
1a52a073,19920,7.4986,206
22e7e0ec,23290,7.5041,206
43c14cc0,24010,7.4959,206
24b56857,21589,7.5041,206
10d58002,28342,7.5041,206
1f8beb53,20175,7.4986,206
2f688ce,23814,7.5041,206
d0ebf17,24396,7.5041,206
3167eb24,22980,7.5014,206
71f64f28,28728,7.5014,206
47700920,24732,7.5014,206
3f7ef0de,23046,7.5041,206
314e12de,25449,7.5041,206
720284d0,24169,7.5014,206
35fcbab9,27974,7.5041,206
7d4c54d8,23692,7.4986,206
3c55714d,23478,7.5041,206
5a175613,19301,7.5041,206
a6e069a,28551,7.5041,206
151b799b,29731,7.5041,206
45e8aecc,19127,7.5041,206
5b42ff5a,28032,7.5041,206
253ad6c,28469,7.5041,206
6214c4fb,24768,7.5041,206
183454f5,21512,7.5041,206
56ad31c9,24472,7.5041,206
490adebd,24319,7.5041,206
d7df87b,22615,7.5041,206
37d496dd,23986,7.5041,206
848ca97,28332,7.5041,206
17a81215,18958,7.5041,206
75f49ebb,19527,7.5041,206
66058ca6,24114,7.5041,206
28d7fe83,23508,7.5041,206
7f387936,18781,7.5041,206
2ee8212c,28048,7.5041,206
6442f8eb,24476,7.5041,206
73f62106,22913,7.5014,206
3bacbf,27643,7.5041,206
4f3b1787,25313,7.5041,206
20b5be0d,22437,7.5041,206
53c39f50,29732,7.5041,206
11ff6a3f,25205,7.5041,206
6efc0a8,28051,7.5041,206
b2743ae,20311,7.5041,206
4e751963,27488,7.5041,206
44d16485,29376,7.5041,206
2e9540b2,19498,7.4986,206
678c3c05,18599,7.5014,206
2836993d,22355,7.5041,206
470b319f,19330,7.5041,206
2c22cc59,20123,7.5014,206
1e97eb16,21915,7.5041,206
43305bfa,23565,7.5041,206
f937bc6,27430,7.5014,206
45da3b8d,28276,7.5041,206
5ecb5077,23425,7.5041,206
5939bd7a,20401,7.5041,206
6343f200,24048,7.5041,206
22ed9a19,19627,7.5014,206
31adf5ab,18672,7.5041,206
367fcb9a,23934,7.5041,206
22396242,23955,7.5014,206
5e9647f7,29696,7.5041,206
10e5236e,24568,7.5014,206
588e19f3,23904,7.5014,206
314c4bd2,19624,7.5014,206
36095dff,21982,7.5014,206
5d090bf3,23318,7.5014,206
64cead6f,19163,7.5041,206
4ca76184,30579,7.5014,206
1f66a119,29572,7.5041,206
a257795,26638,7.5041,206
1b91166b,20134,7.5014,206
6c4defdc,19156,7.4959,206
4689f525,20768,7.5068,206
67b1bbbe,18740,7.5068,206
334fbc81,18826,7.5041,206
7480cb6d,26952,7.5068,206
7730e92e,22193,7.5041,206
7e191a30,20343,7.5068,206
4d72fa33,24839,7.5041,206
141f3206,22411,7.5068,206
6636484b,28849,7.5068,206
16bfb43a,27320,7.5041,206
20c1e447,23275,7.4986,206
4da37d5b,18557,7.5068,1
5ad3e3ff,28858,7.5068,206
2e992dc1,28804,7.5068,206
198310b4,24233,7.5068,251
727669da,27698,7.5068,206
5d3a480f,29957,7.5068,299
1c08093d,24419,7.5041,206
b25af56,20132,7.5041,206
a221836,27978,7.5068,206
4b5b9811,25273,7.5041,206
44aedb45,29973,7.5068,299
62d78399,29397,7.5068,206
3e163310,19463,7.5068,206
782ed45d,19726,7.5068,206
6f224059,28140,7.5068,206
5de4ca0b,20784,7.5068,206
3715165,21960,7.5041,206
72ec4a86,28905,7.5068,206
292a7d9b,29609,7.5068,206
d73f16a,29496,7.5068,206
702e5815,28472,7.5068,206
3eaab4db,27406,7.5068,206
b617089,29886,7.5068,206
292e2f9,19720,7.5041,206
10f8ab60,19957,7.5068,214
1214b79a,23733,7.5068,206
12716869,22342,7.5068,206
7e1d5f4,25042,7.5068,206
5297cdc3,24894,7.5068,206
6588086c,24352,7.5068,206
7ca30694,23075,7.5041,206
75642281,29242,7.5068,206
1971003b,29401,7.5068,206
54a0af7e,26582,7.5068,206
3c1fb011,25445,7.5068,206
586c86a0,21990,7.5068,206
c48c706,21401,7.5014,206
1d297e6c,20579,7.5068,206
5c77cae0,24604,7.5068,206
60921e48,24045,7.5068,206
2a2885ab,26280,7.5068,206
7c24449c,21808,7.5068,206
6bc75c36,28134,7.5068,206
1ee6b132,22613,7.5041,206
7a4d0a50,21370,7.5068,206
6ef68cf8,22087,7.5041,206
9d5950,29653,7.5068,206
5e43fd7b,26270,7.5068,206
660d48e1,25339,7.5068,206
2f55bcba,24943,7.5068,206
7507a8a0,22359,7.5068,206
4ee5f1c4,24778,7.5068,206
2f4c6bb4,19532,7.5068,206
45f1e0d4,29710,7.5068,206
4987534,27056,7.5068,206
4c129faf,19339,7.5068,210
5c846765,28463,7.5068,206
4f5c52,25016,7.5068,206
47cb48df,23809,7.5041,206
4af2fbcf,25293,7.5068,206
d040670,24159,7.5068,206
55b30f98,24793,7.5096,206
3d2cb417,19986,7.5096,206
2fe464b0,24384,7.5096,206
32b2d28d,25206,7.5096,206
7295de00,21392,7.5068,206
75c27846,23285,7.5096,206
5f8f71a4,26397,7.5096,206
128d6a02,26402,7.5096,206
1ec04d07,24679,7.5096,206
42f9e501,28045,7.5096,206
665faeab,28421,7.5068,206
1ffb0518,24834,7.5096,206
3cfdb95,28127,7.5096,206
e13f700,20892,7.5096,206
15a23a9f,24741,7.5068,206
52b62ef6,19286,7.5096,206
2f585446,19672,7.5096,206
3ee20d5a,29756,7.5096,206
3a90bedb,22242,7.5068,206
5932e6e1,26275,7.5096,206
342573e5,24310,7.5096,206
57cf6a6d,24111,7.5096,206
1a8330e6,26596,7.5096,206
255a230b,29458,7.5096,206
6b91ccaf,23297,7.5096,206
74b43063,23378,7.5096,206
77333a13,24739,7.5096,206
3851d85,19263,7.5096,206
66145dee,19628,7.5096,206
33f64e67,22209,7.5096,206
5208d956,20687,7.5096,206
5d7b19a8,24799,7.5068,257
76395eb7,19955,7.5068,214
320696b3,23444,7.5068,206
338263e2,21980,7.5096,206
36318a63,25018,7.5096,206
ac1a6f4,21074,7.5068,206
c741a11,21559,7.5096,206
2cc9f50e,19365,7.5096,210
589ec713,21859,7.5068,206
16110066,29747,7.5041,206
11e0e256,20460,7.5096,206
3de8c6e9,27183,7.5096,206
5eea25df,22279,7.5096,206
40e60c54,22012,7.5096,206
5682a44c,23678,7.5096,206
211b2493,21274,7.5096,206
2d26effb,25054,7.5096,261
22ede35d,27490,7.5096,206
5219dff8,22430,7.5068,206
117aa133,30564,7.5096,206
bb9cdd0,19885,7.5068,206
468320f1,22542,7.5096,206
5a79d1c6,22365,7.5096,206
1ece9083,23559,7.5096,206
5b5c19c7,25051,7.5068,206
4872ef5,29501,7.5041,206
10e42842,28702,7.5096,206
7a44e855,29358,7.5068,206
41ed44fb,23034,7.5096,206
7ca02ab5,20717,7.5068,206
5b00e091,28915,7.5096,206
4d37bb5b,23061,7.5096,206
10ecf4e8,21846,7.5068,206
3b8db092,22901,7.5096,206
4450f456,24862,7.5014,206
3b32bf4e,22067,7.5096,206
3618462c,20386,7.5096,206
41a4afb3,24530,7.5096,206
17fb8e35,20164,7.5068,206
7f90ef7e,27018,7.5123,206
355887df,20661,7.5123,206
bcdef86,27491,7.5123,206
6f70007b,24399,7.5123,206
6232f7f8,21865,7.5096,206
2431a186,21020,7.5123,206
5c224161,19780,7.5123,206
38f724bc,19999,7.5123,215
576b8801,23015,7.5123,206
7e7f3efb,22431,7.5123,206
3018411c,19140,7.5123,206
314b4167,23931,7.5096,206
3aebeccf,29200,7.5068,206
3aa068a8,21097,7.5123,206
3d64958f,28482,7.5123,206
4f06339e,24181,7.5123,206
242d1360,23273,7.5123,206
41451ebe,18309,7.5123,1
581433f4,21227,7.5123,206
267071ab,23806,7.5123,206
6a0ad016,22631,7.5123,206
56bda40e,18831,7.5123,206
3d39307,28308,7.5123,206
7a219b1a,29122,7.5096,206
4304ef58,24420,7.5068,206
5f7950dc,20888,7.5123,206
6f3c7625,18984,7.5123,206
634fb145,29823,7.5123,206
20d30d19,25121,7.5123,206
7c1b4d80,22312,7.5096,206
a14e052,19748,7.5123,206
1f7eae7c,25026,7.5123,260
125e14f,23983,7.5123,206
2774dba6,19231,7.5123,206
39af43bb,28328,7.5123,206
acfb96a,19373,7.5068,210
60a8eb01,28011,7.5123,206
4ea941c2,22184,7.5123,206
4f811a5a,27772,7.5123,206
3872fe29,21925,7.5123,206
1f25fac5,29089,7.5123,206
1b060fb2,29334,7.5123,206
5c128542,23319,7.5123,206
73beab5f,23734,7.5123,206
2450f137,28606,7.5123,206
437d943f,24517,7.5123,206
68ad687d,22452,7.5123,206
6845bdb8,21279,7.5096,206
20ddc8bf,23368,7.5123,206
263f7ba8,29954,7.5123,299
9cccf3c,22695,7.5096,206
a21a0f8,26334,7.5123,206
44770933,27066,7.5096,206
1948c82e,24869,7.5123,206
76925114,28275,7.5096,206
71b3195e,28009,7.5123,206
4c3c593,26199,7.5096,206
df1b8ca,29256,7.5123,206
52a708e2,23731,7.5123,206
3659e953,20627,7.5123,206
5fc96f2f,27189,7.5123,206
5f7ebbf4,19035,7.5123,206
35f458e1,24463,7.5068,206
4c9e2c7d,26337,7.5096,206
583a92d6,29592,7.5123,206
72b1333e,23321,7.5123,206
65954ed9,20385,7.5096,206
58556bd2,23072,7.5123,206
54f5fe2c,22498,7.5123,206
2fa60f4f,29438,7.5123,206
600a7fe4,23988,7.5123,206
137293cc,24794,7.5123,206
680d1b10,22463,7.5123,206
774ead29,28457,7.5123,287
1a98248e,22272,7.5123,206
4408097b,28260,7.5123,206
43e30ec5,29831,7.5151,206
43b65832,23946,7.5151,206
41939288,24464,7.5151,206
45540810,19107,7.5151,206
1e1aa359,19019,7.5151,207
6f9c1f60,29125,7.5151,206
3246d7c9,26336,7.5151,206
57374d19,29519,7.5151,206
1cfc2ccd,25235,7.5151,206
1eee324,29772,7.5151,206
1394472d,27896,7.5096,206
11450d57,28141,7.5096,206
17683209,19246,7.5151,206
7adafa78,26449,7.5123,206
22408f22,19124,7.5151,206
700f0bdb,27907,7.5123,206
73d2baa,26710,7.5151,206
36a1a94f,22100,7.5151,206
608f2de8,28305,7.5151,206
4d2b02bb,27219,7.5151,206
23a510cf,23762,7.5123,206
18753e25,24911,7.5123,206
10ca0ae,28257,7.5151,206
544fc0e0,21511,7.5096,206
ed27d16,23287,7.5151,206
142744ee,22475,7.5151,206
1f8f0dcd,23776,7.5151,206
31c3736,23440,7.5151,206
2e3a8c0f,29115,7.5151,206
4a5740b6,26440,7.5096,206
64796d26,19352,7.5151,210
37ff501,28120,7.5151,206
795f5b95,18784,7.5151,206
97df6f8,28667,7.5151,206
2642baac,23448,7.5151,206
5a699498,19121,7.5151,206
5969ffb3,28419,7.5151,206
3f450850,19243,7.5123,206
ce152ce,21992,7.5151,206
222d96b,26954,7.5151,206
1abada9e,20190,7.5068,206
2ec42b25,22446,7.5151,206
c382a1d,25370,7.5123,206
1ba8a442,22399,7.5151,206
1d59e2db,22427,7.5151,206
67fb8d91,23705,7.5151,206
51fba5c4,24171,7.5151,206
63379bb2,23105,7.5151,206
1c5e1524,22400,7.5151,206
7416788d,28810,7.5151,206
420a2859,19534,7.5151,206
7c617b6e,26986,7.5151,206
109745f9,23161,7.5151,206
1c4e17aa,20780,7.5151,206
7055d632,18728,7.5151,206
638e6081,27614,7.5123,206
499c5984,19198,7.5151,206
2503f45a,27941,7.5123,206
750201fa,18655,7.5151,206
7bb9428e,29490,7.5151,206
6b23bf10,22212,7.5151,206
40588b89,23637,7.5151,206
12da23b8,27608,7.5151,206
7a4316fc,24879,7.5151,206
7cb720bf,27945,7.5123,206
4bdf8608,27697,7.5123,206
81f158d,29974,7.5123,299
3df26b5c,21521,7.5151,206
39f2bba8,24083,7.5123,206
5b64ae9c,27231,7.5151,206
6c3c9c3e,20080,7.5151,206
42bab26e,23763,7.5151,206
6eb96e6a,22505,7.5151,206
10573d6f,23481,7.5123,206
48a567b5,27908,7.5151,206
44c2d2c1,19698,7.5151,206
18029e37,19761,7.5151,206
1b07f734,27337,7.5151,206
fbc769b,29844,7.5123,206
2ad39338,23848,7.5178,206
3466f48,24641,7.5178,206
fb9ba31,22692,7.5178,206
63dd1df3,19114,7.5178,206
552108e3,26407,7.5178,206
652d0120,27607,7.5151,206
27874786,22398,7.5178,206
2c3ef400,19336,7.5178,210
61c1316,25104,7.5096,206
71859774,23094,7.5178,206
7c2cbc65,21273,7.5151,206
618a6f11,21009,7.5151,206
3a4f19d4,19025,7.5178,206
672c07de,19470,7.5178,206
7e7a40ca,24822,7.5178,206
4c3a5af3,20549,7.5178,206
e797b19,23936,7.5151,206
9ec9fff,28123,7.5178,206
253ce218,26681,7.5178,275
3bcfc98e,28870,7.5151,206
7eabdc5d,21402,7.5123,206
1355b710,24440,7.5151,206
51bbbb40,22473,7.5151,206
147d9b40,19692,7.5178,206
3494f4a6,21340,7.5151,206
ac72813,22243,7.5178,206
6aae3b0,25332,7.5151,206
7e75cfbe,22447,7.5151,206
499fbd4a,20665,7.5178,206
6dd72512,28921,7.5178,206
5eef04d7,19958,7.5178,214
5ee31f0b,29633,7.5178,206
f85d004,27426,7.5151,206
5fdde675,19329,7.5151,206
bf6a729,20351,7.5178,206
4d2bea1b,24350,7.5123,206
6c0f164a,19324,7.5178,206
5c51bbf0,18908,7.5178,206
62a080bc,22250,7.5178,206
70c9d5c1,22360,7.5151,206
646030d4,19980,7.5178,206
35bf9993,28284,7.5178,206
53fc4af8,20936,7.5096,206
6d25fa9b,29596,7.5178,206
6767d54c,26556,7.5178,206
826917b,28719,7.5178,206
45de8fe,19022,7.5178,207
411ce2ed,29437,7.5178,206
7006cbbc,29887,7.5178,206
32350605,23611,7.5178,206
ea4e471,29515,7.5178,206
280964c2,24217,7.5178,206
4852aa51,27770,7.5151,206
7614789e,19598,7.5151,206
760a3d05,22628,7.5178,206
7e43f978,23928,7.5151,206
6e940154,27521,7.5178,206
740b27ad,29243,7.5178,206
5da5d231,26559,7.5151,206
3e699233,23291,7.5178,206
7039aa0b,24552,7.5178,206
436e175d,20757,7.5151,206
5da2cdee,18550,7.5178,1
51b1cef,25291,7.5178,206
2e65a831,20619,7.5178,206
5cef4fc4,19526,7.5178,206
61bbcfa0,22443,7.5178,206
2a3da3c4,20180,7.5178,206
299ab292,29625,7.5178,206
fad490a,27653,7.5178,206
30545190,22569,7.5151,206
7730e7dd,20331,7.5178,206
bc2d58b,23816,7.5178,206
6ec228e0,20673,7.5205,206
7c083c79,27768,7.5205,206
c76222a,23035,7.5205,206
1105d0a2,20766,7.5205,206
6e7f6f4a,24160,7.5205,206
729f2092,25447,7.5205,206
53297d08,24208,7.5178,206
6e737235,27178,7.5205,206
514c2f99,20394,7.5205,206
44dc1fc5,25568,7.5205,206
26c000f0,18315,7.5205,1
5c85fb6b,24985,7.5205,206
2912c814,22334,7.5205,206
19121a48,29230,7.5178,206
3d140c98,23715,7.5205,206
4e39f6f2,28528,7.5205,206
71d4c549,23442,7.5205,206
789d4161,24851,7.5205,206
6570f226,26259,7.5205,206
c898a08,21067,7.5178,206
647f061c,28770,7.5205,206
33d67957,19037,7.5205,206
435197db,29943,7.5205,206
89260a7,22171,7.5178,206
5f82264b,24284,7.5205,206
5f1ef02d,23379,7.5178,206
623b4bd7,20162,7.5178,206
57116547,22043,7.5205,206
6bf8b143,26413,7.5205,206
24580ca8,26634,7.5205,206
6aa6d616,26282,7.5178,206
4211ccf7,23644,7.5205,206
6c4d0f5f,28780,7.5205,206
8146332,23835,7.5205,206
54de0240,28249,7.5205,206
18e40a58,27820,7.5205,206
1c57c9ec,28894,7.5151,206
377124a7,22280,7.5205,206
1319fc0b,19945,7.5178,206
23e46be1,20653,7.5205,206
2b9782fa,19550,7.5205,206
768a7321,26390,7.5178,206
eee5541,19285,7.5205,206
9ad36cd,23081,7.5205,206
37c77f43,23392,7.5205,206
6be22414,19705,7.5151,206
7cf5ebc0,28826,7.5205,206
1922186d,21961,7.5205,206
1c8ea1cd,25052,7.5178,206
10bff878,28188,7.5205,206
6a87bcff,24176,7.5123,206
39ffe184,22237,7.5205,206
5016afbf,24215,7.5205,206
604fe880,27778,7.5151,206
6832d2b6,24318,7.5178,206
2e07edf5,24859,7.5178,206
4b89c4dd,22627,7.5205,206
5b934e58,25368,7.5205,206
25ca90fe,30562,7.5178,206
3433b9f7,27906,7.5205,206
31992c80,20626,7.5205,206
36b5563e,24353,7.5205,206
70395565,22579,7.5205,206
10566fc,23792,7.5205,206
28d08b2a,19402,7.5205,206
50554f9c,28218,7.5205,206
6afdba8e,23947,7.5205,206
406513ab,26604,7.5205,206
6cc04956,24422,7.5233,253
40d0bd00,27696,7.5233,206
1693c2fd,24798,7.5205,206
11bd236b,27044,7.5233,206
792d92bc,25066,7.5233,206
17c9ee36,29111,7.5205,206
1fc54218,23463,7.5178,206
679b8cf0,23759,7.5205,206
72364acd,20569,7.5205,206
2ad6a2e3,27192,7.5205,206
1fb6f023,24116,7.5233,206
24f11329,29170,7.5233,206
64515558,28378,7.5205,206
2ee17f5e,25312,7.5233,206
7b0f328b,21513,7.5233,206
5310e221,21244,7.5233,206
7fd4db31,19060,7.5233,206
3fe0816,22081,7.5233,206
1141aa06,26730,7.5233,206
13d849cf,20456,7.5178,206
470db07f,26780,7.5205,206
1e59e6fc,24813,7.5233,206
2d46eab,21332,7.5233,206
5313d90f,20971,7.5205,206
79b7055a,18675,7.5233,206
28087296,26254,7.5233,206
988e00a,28557,7.5233,206
441e9b95,19513,7.5233,211
5c2db99,24178,7.5233,206
6e358575,20950,7.5233,206
20f3b009,19799,7.5233,206
108145b1,19549,7.5233,206
236c49e4,23917,7.5233,206
38c5a2b,25348,7.5178,206
41507902,27838,7.5233,206
7c9efad9,22482,7.5205,206
1aa74b88,21174,7.5233,206
66a88436,28572,7.5233,206
714d7ca,21405,7.5233,206
454e3643,22145,7.5205,206
773d0b14,29773,7.5205,206
4e0d4401,24918,7.5233,206
29a8a4af,23987,7.5233,247
6ca6f0c2,19313,7.5233,206
4d2dd01b,29961,7.5205,299
4433ee75,20352,7.5178,206
79e50bd3,18971,7.5233,206
75742b78,19262,7.5178,206
5dec65a2,26396,7.5205,206
697ae3d,24715,7.5205,256
25190bfc,22276,7.5233,206
74f3271f,22626,7.5233,206
4a0c9d56,20155,7.5178,206
7151346c,20280,7.5233,206
1cfa8751,22089,7.5233,206
71dc900e,20358,7.5233,206
5f14454e,25253,7.5233,206
279ef894,23484,7.5205,206
6f962339,27667,7.5205,206
7adf9225,26241,7.5233,206
79c9605,22527,7.5233,206
5796943a,18970,7.5233,206
9c7fa1a,19378,7.5233,210
f0f1fbd,23087,7.5233,206
6cc08ce7,27773,7.5233,206
f14e201,29846,7.5233,206
39b5ded3,22544,7.5233,206
4e30ccaf,23036,7.5233,206
7c5e4770,24238,7.5233,206
267fc63a,24049,7.5233,206
ed32c1e,24893,7.5233,206
19873851,24383,7.5205,206
519aca7a,29228,7.526,206
90c8865,21308,7.526,206
1ea8e686,19420,7.526,206
3e4d10b2,25196,7.526,206
3983d41b,23537,7.526,206
48aadc81,18609,7.526,206
54a12cee,27745,7.526,206
d647c2a,18606,7.526,206
d8ee289,30568,7.526,206
5b7a25b4,25359,7.526,206
460e8f9b,28866,7.5205,206
7cfe01cc,28768,7.526,206
21e584e1,24981,7.526,206
fce29db,23899,7.526,206
513ea13,22045,7.526,206
9ef7b1c,19076,7.526,206
420344c,18914,7.526,206
7a5e45e2,20920,7.526,206
60876bc8,19644,7.526,206
12c2cb5f,26329,7.5205,206
17451f1f,21095,7.5205,206
52bd0982,21028,7.526,206
1f3c3940,27835,7.526,206
44bec844,21551,7.526,206
5900570c,24192,7.526,206
40226bbf,23827,7.5233,206
7fa03943,29948,7.5205,299
1a8f9ce,19128,7.526,206
33e6fd57,28795,7.526,206
60ca1707,26653,7.526,206
1ede507c,23618,7.526,206
587ebce0,23693,7.5205,206
5c76eefd,23479,7.526,206
6c34a85b,20523,7.526,206
855811,24379,7.526,206
2d317d5d,22470,7.526,206
465b7f00,27001,7.5233,206
f6471e0,27682,7.526,206
250be5cd,23017,7.5205,206
376afa4,27765,7.526,206
1e4863b5,21049,7.5233,206
328ffaed,29598,7.526,206
48d054fc,28906,7.526,206
7eedd9cd,23426,7.5233,206
23e5486e,29764,7.526,206
6ef0866d,20061,7.5205,206
1cd3f9a9,25201,7.5233,206
45f9c102,27040,7.526,206
6ead0503,21906,7.526,206
244d48fb,28871,7.526,206
347ece0e,28850,7.526,206
3dd146d7,29554,7.5233,206
57f87cee,30788,7.526,302
193cec7a,24161,7.526,206
5b704fed,21172,7.526,206
6ca04daa,21307,7.526,206
782b43dc,26443,7.526,206
7425749e,26704,7.526,206
60a2f9f,29884,7.526,206
62b90372,28281,7.526,206
5f5c0794,29627,7.526,206
317fdcc8,26092,7.526,206
13685c98,22486,7.5233,206
6faa3ca1,23024,7.5233,206
4449efbd,24198,7.526,206
7b963007,25996,7.526,206
50705282,25059,7.526,206
5acfca86,21334,7.5288,206
724d120e,20051,7.5288,206
34403a21,21908,7.5288,206
651d2cad,24537,7.5288,206
6ea203b4,23020,7.5288,206
247e106f,24764,7.5288,206
11daa7f3,20929,7.5288,206
1dae8921,21389,7.5288,206
636f8683,21044,7.5288,227
37c60fe9,23021,7.526,206
7367c3dd,29167,7.526,206
1a69bb11,20882,7.526,206
5ad7d41,18939,7.5288,206
293935a,24203,7.5288,206
4f27c1fe,19116,7.5288,206
2891be37,29885,7.5288,206
18c15a38,20603,7.5288,206
76687b14,23493,7.5288,206
68ff3fc0,28256,7.5233,206
6d506a6d,22127,7.5288,206
19263b10,22580,7.526,206
357332fb,21427,7.5288,206
ba4b296,25298,7.526,206
17d60ab3,28713,7.5288,206
3e21c82d,20309,7.5288,206
2f31e116,27519,7.526,206
33548b8d,22239,7.5288,206
7e7b15b,28881,7.5288,206
1520d0d2,20468,7.5288,206
1dfe7c52,22290,7.5288,206
49e105a8,23156,7.5288,206
19a95691,24610,7.5288,206
40d16798,20598,7.5288,206
39b02de3,22373,7.5288,206
3673ee7,20135,7.5233,206
6662d5b3,24842,7.526,206
35ac0a30,20615,7.5288,206
d4be653,24447,7.5288,206
6f80ab2,23995,7.5288,206
37e1711b,29610,7.5288,206
47def519,22125,7.5288,206
12769a58,24368,7.5288,206
405d8f3b,27791,7.5288,206
7c085782,22581,7.5288,206
2ab355f,19486,7.5288,206
4c4e0327,28412,7.5288,206
6acce4ac,20030,7.5288,216
46c48a99,28343,7.5288,206
78ce6184,28261,7.5288,206
44250281,20340,7.5288,206
528a6b8d,29715,7.5288,206
6e6ceebb,26568,7.5288,206
4941772d,27500,7.5288,206
6e695589,20073,7.5288,206
2b33acde,19972,7.5288,214
20fa3a7d,28578,7.5288,206
4c2715e9,20025,7.5288,206
e9dfb5f,20597,7.5288,206
38fef30e,18743,7.5288,206
49a60fbe,22508,7.5288,206
3d5ad33e,20287,7.526,206
6f1080d0,23999,7.5288,206
5cfc90c9,23957,7.526,206
13556edb,24218,7.526,206
260e5549,27507,7.5288,206
6af748f0,22216,7.526,206
1dfa5b3,24400,7.5288,206
6860dcb5,28527,7.5288,206
399d1799,23129,7.526,206
159d9e20,22291,7.5288,206
10695c7,29483,7.5288,206
3795410a,22469,7.5233,206
5166eddf,30541,7.526,206
2de8387d,21877,7.526,206
7c98d386,22086,7.5288,206
2844af8e,23850,7.5315,206
4905c97f,20524,7.5315,206
2febcd95,25895,7.5315,206
17feeb64,23876,7.5288,206
660cfdc5,22069,7.5315,206
73a2524d,20153,7.5315,206
432c33c5,22766,7.5315,206
7912ccc5,28526,7.5315,206
1ebbaca9,20108,7.5315,206
50aee58e,18907,7.5315,206
6f4d4d8e,21712,7.5315,206
4d5de9b9,26358,7.5315,206
22466033,29563,7.5315,206
615b4e36,30553,7.5288,206
647f5eae,24849,7.526,206
464d63b9,23400,7.5315,206
579bd4bb,20522,7.5315,206
6c0a1a80,29434,7.5315,206
721eb381,29412,7.5315,206
1550d73f,28444,7.5315,206
5f6356d0,27742,7.5315,206
56547f8b,24133,7.5315,206
2a80264d,28903,7.5315,206
6ab6a1db,28023,7.5315,206
6d3385b7,27355,7.5315,206
28239b17,23633,7.5315,206
5dfe11bf,29832,7.5315,206
219dba2,28580,7.5315,206
7376f86b,20709,7.5288,206
6a67bc90,24899,7.5315,206
266faeb5,29465,7.5315,206
621ebfb3,20659,7.5315,223
6c58cd67,28409,7.5315,206
3b0c7f40,28366,7.5315,206
69efb078,27060,7.5315,206
604d7492,29163,7.5233,206
77b9ac0f,21993,7.5315,206
3fa36912,30103,7.5315,299
5d20746a,22528,7.5315,206
50ef6f1,19122,7.5288,206
7e788628,28125,7.5315,206
e6ceb26,19066,7.526,206
348fe730,20669,7.5288,206
6a5246ef,19946,7.5315,206
18198c2a,19959,7.526,214
714571d4,20663,7.5315,206
4fe93016,24538,7.526,206
7e13aa72,19723,7.5315,206
215750b9,29061,7.5315,206
3ab8beab,21963,7.5315,206
4225f22d,19970,7.5315,214
1eb5072a,20714,7.5288,206
16095e9f,26367,7.5315,206
4c18465b,19237,7.5315,206
332af495,22570,7.5288,206
3b9a6c72,22709,7.5315,206
5ef3cc47,28454,7.5315,206
2528ca0,27823,7.5315,206
c76282f,18981,7.5315,206
625a7a7f,23325,7.5315,206
681ceb68,19084,7.5315,206
28cd83d8,19960,7.5315,214
3eec3ded,28157,7.5315,206
3e65d4f,26309,7.5315,206
c2eb1f0,25122,7.5315,206
48b930ee,29502,7.5315,206
17e57f41,20305,7.5315,206
4b48eb69,24305,7.5315,206
26d844d7,23083,7.5288,206
2c35ca4a,21404,7.5315,206
5f80c0cd,24190,7.5315,206
5ebfb593,20034,7.5315,206
621cd672,20338,7.526,206
686c81a,23022,7.5315,206
5f59f6af,22213,7.5315,206
7ce9d3fa,19174,7.5315,206
78423553,20232,7.5315,206
4834e459,28764,7.5342,206
58c89f7e,27041,7.5342,206
6a8cf19e,18676,7.5342,206
30da931,20923,7.5342,206
6c748325,28270,7.5342,206
70dbc2ba,18877,7.5342,206
7d56cd3e,20037,7.5342,206
13fcb784,25202,7.5342,206
5bd97375,23531,7.5342,206
75b9a4a6,26554,7.5342,206
3ecdb812,21969,7.5315,206
487b78d8,27970,7.5342,206
58a9e879,29529,7.5342,206
600dfb5e,19425,7.5342,206
33d3c265,25134,7.5315,206
20fdc17f,19239,7.5342,206
37801f39,23585,7.5342,206
38d8c59c,24780,7.5342,206
15b5f808,23777,7.5342,206
5b0d35f8,23352,7.5342,206
6c439077,28065,7.5342,206
12c94c46,20700,7.5342,206
280683af,29365,7.5342,206
1a96c1a2,28816,7.5342,206
37b30872,26712,7.5342,206
6a263aaf,25105,7.5288,206
32d5f0d1,28179,7.5342,206
2e5206df,28142,7.5342,206
2e54966,20674,7.5315,206
2245e582,26989,7.5288,206
59cdf8d7,28869,7.5315,206
4483c847,24503,7.5342,206
7a594af6,27670,7.5315,282
52df92a2,28695,7.5315,289
6462d36e,22914,7.5342,206
39ccfcbf,21102,7.5342,206
3e79fe55,19597,7.5288,206
ec70d96,22088,7.5315,206
2023d46e,27766,7.5315,206
52288aa7,22150,7.5342,206
23524de1,23266,7.5342,206
154f5fa0,25260,7.5342,206
2bf169c3,24756,7.5288,206
3d1ab3a8,27657,7.5315,206
c96ccaf,23862,7.5342,206
63cb30c2,23535,7.5342,206
4354f209,22531,7.5342,206
2b3b8e38,18771,7.5342,206
11f2dc44,18678,7.5315,206
2b85a398,22548,7.5342,206
68ad9851,20919,7.5342,206
4fa5c85b,23086,7.5342,206
3898c5d9,19126,7.5342,206
3f8f2e72,28269,7.5342,206
3990d378,24003,7.5315,206
23c24817,23755,7.5342,206
58163301,24485,7.5342,206
477d0bc4,30569,7.5342,206
265e93d7,26555,7.5342,206
60e4d5d0,24534,7.5342,206
2198d270,24700,7.5342,206
5fd0c1a7,19199,7.5342,206
36377f67,20726,7.5342,206
2241916,22432,7.5315,206
6425925d,27342,7.5342,206
2229915c,29179,7.5315,206
7b2da147,23288,7.5342,206
766c2502,20928,7.5342,206
3e13f6e8,23736,7.5342,206
505e2307,23357,7.5342,206
466f87d2,24714,7.5342,256
51bcee28,23711,7.537,206
70b9f641,22457,7.5342,206
51deb54a,28714,7.537,206
6b35e9b4,23863,7.537,206
5d4e8754,24781,7.537,206
627a6942,23989,7.537,206
462ae4a2,23073,7.537,206
296cd9a,30107,7.537,299
2b4b9ebb,24004,7.537,206
1a4ac2e9,21937,7.537,206
bd42af6,19727,7.537,206
3f9acc0b,23600,7.5342,206
48d32305,21246,7.537,206
442fd7c,24824,7.5342,206
2e6bf498,26414,7.537,206
47f89fca,19245,7.537,206
16e2573b,29947,7.5342,299
5d8f186,24326,7.537,206
4d3ce5f7,27709,7.537,206
74660a91,28238,7.537,206
77e3cd18,26312,7.537,206
2467b37,28803,7.537,206
26d5b9ef,23560,7.537,206
42cf2eac,29629,7.537,206
733c0750,21075,7.537,206
31aa9c70,24831,7.537,206
47b6e4a5,22869,7.537,206
75dc3a56,26446,7.537,206
1cbea2f8,26807,7.5342,206
f2b20b8,22877,7.537,206
6a876431,24241,7.537,206
7e9dedbd,24249,7.537,206
17dd29f4,24311,7.537,206
4125f557,28005,7.537,206
10d2b7ae,21042,7.537,206
1b3400c,28377,7.5342,206
7ed057a1,21249,7.537,206
5d87e658,27377,7.537,206
7f5f4b47,26391,7.537,206
11be96b6,21275,7.537,206
5154dddd,24155,7.537,206
14542ce8,22004,7.5342,206
ffcbd4e,19186,7.537,206
afcca85,21709,7.537,206
6f92e64a,29833,7.537,206
7cfde999,24905,7.537,206
619f4ebf,20259,7.537,206
5a14b43c,22113,7.537,206
30e874fd,24919,7.537,206
5cac3887,22904,7.537,206
24f435ee,20272,7.5342,206
5b3ed018,25255,7.537,206
2802081e,26980,7.537,206
15d76599,19790,7.5342,206
10096988,22251,7.537,206
3d1ac581,28681,7.537,206
13adaa4,29929,7.537,206
56068c4,29812,7.5342,206
2bb52e5c,20720,7.5315,206
70ab578b,27341,7.537,206
1bf6b2d2,20398,7.537,206
1d56cf20,20121,7.537,206
1f93c518,29084,7.5342,206
352ede6e,24141,7.537,206
1b608a3b,21060,7.5342,206
30e479b8,22483,7.5397,206
31dec1b9,18601,7.5397,206
72c0a442,21326,7.5397,206
6d6ec973,24134,7.5397,206
7e5444df,23956,7.5397,206
39c081a5,26368,7.5397,206
4e55c06b,25276,7.5397,206
55ebad83,18335,7.5342,1
9c5695d,19908,7.5397,206
34b50c69,29991,7.5397,299
5483d40c,22870,7.5397,206
5c0cfcaa,23459,7.5397,206
7ea1e9f7,23700,7.5397,206
626b640e,20074,7.5397,206
2882effb,30168,7.5397,299
13d0afed,26959,7.5397,206
338a7f64,28484,7.537,206
62cf0231,23918,7.5397,206
5b3d5172,27361,7.5397,206
64ff80d9,29719,7.537,206
7246f46c,23412,7.5397,206
6882be9f,29409,7.5397,206
5905d43c,21092,7.5397,206
41e47e8d,14132,7.5397,150
4c41749,28187,7.5397,206
57a04dfe,23735,7.5397,206
e1ca829,20918,7.5397,206
6ceeaf71,22625,7.5397,206
48b493fa,23612,7.5397,206
48439a83,21333,7.537,206
34bd070e,23685,7.5397,206
23f52e42,23634,7.5397,206
15621333,24539,7.5397,206
3af9886a,23526,7.537,206
56bee78c,18613,7.5397,206
27df85a,29060,7.537,206
640100b5,27187,7.5397,206
775e11e7,19412,7.5397,206
8f04169,19085,7.5397,206
7ebc22c5,29473,7.5397,206
5f9f3819,30690,7.5397,302
6fe99eeb,25324,7.5397,206
32cda498,21850,7.5397,206
38bc40a1,29761,7.5397,206
2709e779,25060,7.5397,206
1f04c71,20048,7.5397,206
5ec6d1b3,27821,7.537,206
78897766,19338,7.5397,210
4a52b82,21590,7.5397,206
6353f0b2,21218,7.5397,206
6cff2640,27756,7.537,206
6f6f6c6a,27718,7.5397,206
74c737d,19238,7.5397,206
2a18a12d,24868,7.5342,206
14615a29,23881,7.5397,206
3fc04f08,21280,7.5397,206
2b5878a6,24125,7.5397,206
4f6b212b,19678,7.5397,206
2095f022,28381,7.5397,206
1d105337,20289,7.5397,206
75e5957b,22555,7.5397,206
63919095,28478,7.5397,206
45f5f29f,29693,7.5397,206
6c8a7825,26400,7.537,206
731c0768,22622,7.5397,206
2dba2ff,19117,7.5342,206
2a8b1a3d,24684,7.5397,206
45f132c1,22295,7.5397,206
7a05210a,29384,7.5397,206
69315e65,23586,7.5425,206
1b19eb8c,29931,7.5425,206
57b2a514,19639,7.5425,206
69b6efc6,20396,7.5425,206
46cd399,30789,7.5425,302
67cd7707,19701,7.5425,206
33dca5f9,25159,7.5397,206
71842c93,22079,7.5397,206
1396c921,29110,7.5425,206
6c29d00a,29573,7.5397,206
1f6fe11b,26218,7.5425,206
49ca7c62,20552,7.5425,206
197a217c,20356,7.5425,206
3c803cb3,19688,7.5425,206
5c876501,28904,7.5425,206
46b42b9f,29361,7.5397,206
e0d93f4,26534,7.5425,206
33554322,19325,7.5425,206
549d9724,19613,7.5425,206
3392b6fb,28174,7.5397,206
51e2114e,21277,7.5425,206
9dbd850,28832,7.5425,206
48b71403,18948,7.5425,206
70ab9e86,28794,7.5425,206
5628cb06,25279,7.5425,206
205895b1,26255,7.537,206
1781c8ec,22518,7.5397,206
67e6c113,28429,7.5425,206
4b152cc7,20761,7.5425,206
5bf44a81,29658,7.5397,206
5b75ae58,23958,7.5425,206
422acb72,24050,7.5425,206
1315647d,19750,7.5425,206
718401cc,22274,7.5425,206
77576ca,23528,7.5425,206
13905c0d,20106,7.5425,206
2b1ef48e,27329,7.5425,206
9de231e,22361,7.5425,206
7a451a40,30612,7.5425,302
47da9d1b,19369,7.5425,210
707ea22c,20753,7.5425,206
562ae0e4,29599,7.5425,206
474bae18,26408,7.5397,206
1b2d98fb,23959,7.5425,206
496806c4,27333,7.5425,206
208d727a,20913,7.5425,206
48d6b14f,23859,7.5425,206
3cc6edd7,22097,7.5425,206
5265beb3,23416,7.5425,206
6f214984,24253,7.5425,206
25781e44,19544,7.5425,206
2c2f7209,19214,7.5425,209
4312bfcb,29085,7.5425,206
3cfd113c,25343,7.5425,206
7022dda9,25168,7.5425,206
e7a2cc8,19725,7.5425,206
58c0262b,26475,7.5425,206
ce0a8fe,26597,7.5425,206
402857c1,24340,7.5425,206
1feb2f60,28334,7.5452,206
52491998,23567,7.5452,206
4643b3c8,24300,7.5452,206
4fed54a6,28180,7.5452,206
4d7984c5,27839,7.5397,206
b2f2225,23867,7.5452,206
50290d7b,27740,7.5452,206
75c43bbc,28024,7.5452,206
749ac66d,29367,7.5425,206
6d6fcd1,30581,7.5452,302
38a65746,21176,7.5425,206
1e0c6ba5,24888,7.5452,206
4a41ba03,29102,7.5452,206
684aa488,19115,7.5425,206
59cbed24,26635,7.5425,206
2467e4fb,25135,7.5452,206
6331d3d6,26810,7.5397,206
758f30de,27025,7.5452,206
5e6245dc,28838,7.5452,206
584631f9,19009,7.5452,206
431d4636,24364,7.5452,206
2edf82e0,29090,7.5452,206
625f6e42,29366,7.5425,206
bff4209,23405,7.5452,206
227a89b6,28264,7.5452,206
5e9bdb56,20525,7.5342,206
7060c79b,22708,7.5452,206
d50e5f5,28166,7.5425,206
69548aab,21350,7.5452,206
13fe9f5f,23538,7.537,206
18ca7282,23199,7.5452,241
6e0b6f14,20788,7.5452,206
18a12151,20172,7.5452,206
55ede13c,26953,7.5452,206
1e78c761,19556,7.5452,206
60b5aad9,18959,7.5452,206
3a047fea,20353,7.5452,206
5a8d97,24952,7.5452,258
58c10132,19610,7.5452,206
e4378f,18912,7.5425,206
1986e356,23851,7.537,206
4d64f3c4,28139,7.5452,206
4c60bbfd,24307,7.5452,206
1d7ca3cb,22352,7.5452,206
3a5ecc24,18986,7.5452,206
3c05a7a4,29652,7.5425,206
12377f21,30582,7.5425,302
78a75470,28609,7.5452,206
bdc254,21382,7.5425,206
11147d60,22128,7.5452,206
3873d614,20140,7.5397,206
7a3501be,27639,7.5452,206
1474c3ce,27411,7.5452,206
26b9535d,24837,7.5425,206
dcf2e8,19129,7.5452,206
3b28b0c6,20949,7.5425,206
52363bbc,29930,7.5452,206
606ef887,22136,7.5397,206
c217c6c,25241,7.5452,206
6b8d94b2,26575,7.5452,206
805a9a4,24519,7.5452,206
d5fe503,21851,7.5452,232
1f38c2e3,21832,7.5452,206
187d0f74,20662,7.5425,206
1f5220cd,23640,7.5425,206
3a3fe20a,29890,7.5452,206
63491074,29067,7.5452,206
13bfb5c6,20457,7.5479,206
1d65bb34,23041,7.5479,206
588f2520,27943,7.5479,206
736e44f5,29371,7.5479,206
1d11cedb,20689,7.5479,206
2d9d7a56,29068,7.5479,206
c9aece0,26283,7.5479,206
d52486a,18610,7.5479,206
1e26280d,23579,7.5425,206
582fbe55,20964,7.5479,206
309b45c,23813,7.5479,206
1c07bd4f,24209,7.5479,206
33ce9882,20612,7.5452,206
16b645b8,19702,7.5425,206
736df109,19728,7.5479,206
44c2e344,21181,7.5479,206
5853b866,26328,7.5479,206
799f9be6,26261,7.5479,206
3e5216df,25072,7.5452,206
1a6d1f28,18585,7.5479,206
5f38048b,27591,7.5479,206
5afdf421,19097,7.5452,206
7437f54f,29369,7.5479,206
1fbfedfb,25504,7.5479,206
6d130be,20292,7.5479,206
19d270b3,25070,7.5479,206
2c3bd354,23924,7.5479,206
676dd611,22165,7.5479,206
68d07985,24403,7.5452,206
68b64e82,22881,7.5479,206
626beccf,26102,7.5479,206
10b832a5,27780,7.5479,206
196cb3fd,19973,7.5425,214
43f42c0c,28610,7.5452,206
2275c11c,29849,7.5479,206
7ec4bd29,29178,7.5479,206
2f38854e,24644,7.5425,206
53b7380f,22001,7.5479,206
46e496f7,26100,7.5479,206
31c1fa39,29224,7.5479,206
6ab724dd,24972,7.5479,206
1cece30,24210,7.5479,206
6bd3f946,26453,7.5479,206
55fdd637,25263,7.5479,206
6bf8199,29644,7.5479,206
71776030,27420,7.5479,206
59aae91,22848,7.5479,206
196e76fb,24351,7.5479,206
3e6d8c7b,30080,7.5479,299
44a46166,24377,7.5479,206
e98ef22,24593,7.5479,206
798e08b0,22202,7.5479,206
5ea63646,21398,7.5479,206
14c67c22,21837,7.5425,206
c7a67bd,19000,7.5479,206
6b328805,19961,7.5425,214
229a9bbe,29069,7.5479,206
4de18dad,22009,7.5479,206
12f94c23,21391,7.5479,206
6d749cd9,24263,7.5452,206
1bc5ada2,26463,7.5452,206
5a08c792,28282,7.5479,206
6260aa83,29720,7.5479,206
24800a4,26955,7.5479,206
4b93d660,23100,7.5507,206
7d0dda0d,25071,7.5479,206
194a7cdc,27600,7.5479,206
6125a669,27338,7.5507,206
23aad7c9,23780,7.5479,206
3812bf94,24611,7.5507,206
76df250a,23564,7.5479,206
6591446e,19413,7.5452,206
294ba05b,26640,7.5507,206
5c2a2e24,29818,7.5507,206
5352a7de,24861,7.5479,206
3c8f3bee,24646,7.5507,206
48b21d5c,22693,7.5507,206
45e45160,21105,7.5507,206
3ce7255,22378,7.5452,206
465b7989,27646,7.5507,206
1e5bd4e3,23869,7.5507,206
79d3e919,29891,7.5507,206
65b94e73,19573,7.5507,206
97f70ac,18936,7.5507,206
1475d73b,22485,7.5479,206
5449f59a,25123,7.5479,206
32b4452b,23028,7.5479,206
6411282a,22252,7.5507,206
40bca9c1,28563,7.5452,206
7a4a72e2,20165,7.5479,217
758df7f,19565,7.5507,206
61b4ad14,28562,7.5479,206
71b93114,30574,7.5507,206
546e6c43,18992,7.5507,206
7d1ad94e,24818,7.5452,206
398217f4,18706,7.5507,206
10ba041,22902,7.5507,206
286177e6,20288,7.5507,206
2620d857,20699,7.5507,206
ddba574,20430,7.5507,206
244f2e8c,28458,7.5507,287
781a9bec,26330,7.5507,206
4f7a2a1,25043,7.5507,206
58d806d8,21390,7.5507,206
8f8e8b2,28350,7.5507,206
42ae35cb,28027,7.5479,206
551e9c6f,26979,7.5507,206
79f7b8db,28802,7.5507,206
61018ffb,22073,7.5507,206
1d52b06f,25237,7.5452,206
2e735611,21065,7.5507,206
faf4a54,18758,7.5507,206
7db8c39d,22070,7.5507,206
55ec6309,22759,7.5425,206
4bda1a1a,21103,7.5479,206
26493acd,19655,7.5479,206
123e33cb,29733,7.5507,206
67b62632,20028,7.5507,206
1ceea20b,23301,7.5507,206
77e86e28,18602,7.5507,206
7c27ea14,29859,7.5507,206
1357380f,20783,7.5507,206
3df5243c,23738,7.5507,206
7014f1c5,23741,7.5507,206
2645de43,24285,7.5507,206
65f1e7d5,25144,7.5507,206
4fcc2c24,24279,7.5479,206
180166c1,24860,7.5507,206
8f7b023,25274,7.5507,206
10be1444,29855,7.5507,206
7a1b96c9,22983,7.5507,206
549838a2,23798,7.5507,206
202d5413,27000,7.5452,206
47bc6b9e,24149,7.5479,206
27404b19,26738,7.5507,206
14b2ce6,23322,7.5479,206
14835945,28382,7.5507,206
30c730d0,28038,7.5507,206
157aad52,27061,7.5507,206
1fc6ab4f,24220,7.5507,206
4d0e8f07,19340,7.5507,210
43c9ae92,26346,7.5507,206
4a81578b,19247,7.5507,206
3425de57,20629,7.5507,206
ad173b4,18736,7.5507,206
15f4dafc,28391,7.5507,206
331eb35e,29597,7.5534,206
3dad2691,21711,7.5479,206
7dd003a0,19422,7.5507,206
7c1d837d,24193,7.5507,206
3adf4be3,20969,7.5534,206
6e927b87,24795,7.5534,206
39c9ea85,28612,7.5507,206
11fbd2eb,22048,7.5534,206
1322a8f6,27792,7.5534,206
4df159d3,26469,7.5534,206
3b4d784,26631,7.5507,206
43f40442,28344,7.5534,206
3ec711f8,20576,7.5534,206
38247bce,22063,7.5534,206
1d8983b9,18577,7.5534,206
7e3c525e,18827,7.5507,206
78f2d4b0,29564,7.5534,206
1223bed5,24341,7.5534,206
63132a6b,30583,7.5534,302
3256f9fb,29616,7.5534,206
2ee4e34d,22002,7.5534,206
405df575,18326,7.5534,1
3ae7cf67,25275,7.5534,206
3f7b60e1,23726,7.5534,206
1d885dca,29816,7.5534,206
360c02c8,24710,7.5534,206
1955af21,28861,7.5507,206
1d4dd79b,22803,7.5534,206
7955c0bb,19902,7.5534,206
2f19971b,19782,7.5534,206
1b01197e,21999,7.5507,206
15246630,26465,7.5534,206
6883e48a,26633,7.5534,206
3f04a139,30559,7.5534,206
5c46588d,21375,7.5534,206
4f9f7092,21591,7.5507,206
384f6a5f,24711,7.5534,206
22d80906,19341,7.5534,210
716d18c5,21522,7.5534,206
4c34afe0,20174,7.5534,206
789b4d14,24871,7.5534,206
3bc5cdca,22137,7.5479,206
5937638d,28555,7.5534,206
30158ce4,20168,7.5534,206
1244941f,18969,7.5534,206
7fab000,28285,7.5507,206
65338079,26542,7.5534,206
79dd5297,20334,7.5534,206
4f8fc5df,22306,7.5507,206
1da7069e,24832,7.5534,206
646e7d1b,27414,7.5534,206
7734c2eb,18993,7.5534,206
46a440ef,28242,7.5507,206
63123d53,27339,7.5534,206
292f69d,23849,7.5534,206
7403028f,29127,7.5534,206
1835a771,22706,7.5534,206
2571b57e,25164,7.5507,206
41362a07,24695,7.5534,206
439fe846,23919,7.5507,206
3fd6a4c1,23132,7.5534,206
33bc6fd7,20308,7.5562,206
5fc04340,27624,7.5534,206
5fc71455,26739,7.5562,206
77b59096,27609,7.5562,206
7a3ea75,27522,7.5479,206
5731ff81,30611,7.5562,302
30b32c8e,27463,7.5534,206
6b592b2e,18987,7.5562,206
40987b8a,29201,7.5562,206
73b19472,27409,7.5562,206
2ba4a072,23500,7.5562,206
25a3ed4,29934,7.5534,206
20f875ea,29427,7.5534,206
7509da7c,28442,7.5562,206
5f156783,26586,7.5562,206
513ceb23,20550,7.5562,206
2c3d34e,27466,7.5534,206
6177a1d9,24883,7.5534,206
152aeb0b,21228,7.5562,206
23f96f7e,28862,7.5562,206
3fbc91ec,28121,7.5534,206
639986ab,18775,7.5562,206
3b3c4b66,25367,7.5562,206
21294b60,21510,7.5562,206
494342a4,24942,7.5562,206
1c6b1b41,29375,7.5534,206
12ab8991,19457,7.5562,206
3da8e9b1,24775,7.5562,206
5631d72f,27731,7.5562,206
534f92f,23380,7.5562,206
c2294b,24532,7.5562,206
4b1d0f19,25127,7.5507,206
318282aa,21655,7.5534,206
6952a31a,30101,7.5562,299
68204895,20354,7.5562,206
684b7931,28717,7.5562,206
4df92140,19683,7.5507,206
314f0196,18737,7.5534,206
1ebf26de,24473,7.5562,206
14733c03,21904,7.5562,206
27424d4d,24880,7.5562,206
23b58bc4,24101,7.5562,206
6abf6d95,23397,7.5562,206
67a1c7e5,22491,7.5562,206
523cc679,28403,7.5507,206
5dd89c51,27651,7.5562,206
4c1a91ba,22903,7.5562,206
25edf933,28774,7.5562,206
11d6ecf9,23542,7.5562,206
8f5d086,21175,7.5562,206
107a1763,22266,7.5562,206
5a94403e,24947,7.5534,206
7c03deb1,28143,7.5562,206
5a544057,22917,7.5534,206
1ad58571,26560,7.5562,206
62b8a3a5,28427,7.5562,206
7a3dd2a5,22533,7.5534,206
31262b33,26342,7.5562,206
2c1f15,27592,7.5589,206
7882a1bf,21229,7.5589,206
1a310c1f,19703,7.5589,206
4eca5dd3,19631,7.5562,206
69486a24,23907,7.5589,206
97c14af,29484,7.5534,206
649ec366,28590,7.5589,206
eb4f57a,29070,7.5562,206
78262ee3,30575,7.5562,206
5cf31b45,26670,7.5589,275
52956289,19200,7.5589,206
3ba5dd18,21304,7.5589,206
29b2bcf9,24873,7.5562,206
46b86e32,24801,7.5589,257
602ade1a,23076,7.5589,206
18e102a9,20449,7.5589,206
195269bc,24325,7.5589,206
c8a3a93,28475,7.5589,206
30630a8f,25268,7.5589,206
60fd897,28090,7.5589,206
353a4e13,22472,7.5589,206
c9a5e63,24792,7.5589,206
c2465b1,23261,7.5589,206
5119a3c1,28661,7.5562,206
1eaed3a,27011,7.5562,206
7906fc1f,22391,7.5589,206
6520e897,23877,7.5589,206
13548c8,21327,7.5589,206
5f8267cb,28039,7.5589,206
4399d051,28477,7.5589,206
db12a39,19487,7.5589,206
2669504f,25265,7.5589,206
6a19c776,22074,7.5589,234
670f893c,25207,7.5589,206
22638a49,19870,7.5589,206
636b8706,26474,7.5562,206
f6c580c,23635,7.5589,206
2bea0ce0,26720,7.5507,206
30b736c8,21258,7.5589,206
f5bc46f,27800,7.5589,283
7bfe5fd0,30064,7.5589,299
629a51b0,27431,7.5507,206
19ecdc0f,26320,7.5589,206
10e4b88c,27104,7.5589,206
414d6e43,26002,7.5589,206
4f383c8a,26416,7.5589,206
27cc6e44,27850,7.5589,206
71eaa00b,26285,7.5589,206
e19169d,20031,7.5589,216
3b8cef0a,19539,7.5589,206
20216d61,24207,7.5562,206
1199b14e,26532,7.5562,206
2c075e15,23298,7.5589,206
35d7b18e,19468,7.5589,206
73bce457,21294,7.5589,206
2f94b195,28581,7.5562,206
73db66e8,20484,7.5589,221
7b08f2dc,24909,7.5589,206
6f822fb6,27621,7.5589,206
651033ca,27730,7.5562,206
4d54f5a6,23353,7.5589,206
717660c2,24381,7.5562,206
f770ec5,20501,7.5589,206
6b1df282,20047,7.5589,206
18ec382,25433,7.5589,206
433cc301,22098,7.5589,206
740afc85,27020,7.5562,206
70078964,22941,7.5589,206
676ed697,22314,7.5616,206
7e2c635,27385,7.5589,206
22e32903,30560,7.5589,206
1ae170e,20605,7.5534,206
4daee2f6,21507,7.5616,206
67fcc7a7,20102,7.5616,206
3f0fcefe,20628,7.5616,206
161baa31,24800,7.5616,257
2c184356,28895,7.5589,206
12fa8c4b,23855,7.5562,206
71b5ee5b,24011,7.5616,206
133ab04c,26323,7.5534,206
58bbda38,29190,7.5616,206
36d7308a,23875,7.5616,206
70896acf,23979,7.5562,206
36f70c42,27741,7.5616,206
309b6abe,23464,7.5562,206
3fc74f47,21965,7.5616,206
4239562,22993,7.5616,206
4b5fc9c2,22956,7.5616,206
ab80cb8,20443,7.5616,206
220960cb,28392,7.5616,206
1fe634fc,21052,7.5616,206
611d49cb,29735,7.5616,206
64259fd8,23390,7.5616,206
2000d3e6,29565,7.5616,206
7c359ebb,26240,7.5616,206
7be7a7ba,27712,7.5589,206
36a29049,27404,7.5589,206
3dfac447,22267,7.5616,206
25f9cf2f,28564,7.5616,206
77b2301,26968,7.5616,206
6cc80755,18692,7.5616,206
53a5771c,24194,7.5616,206
384e5af0,21710,7.5589,206
66f305d3,21076,7.5616,206
4a2d54f7,28329,7.5616,206
32c8d739,21872,7.5589,206
789b824a,28145,7.5616,206
6b8cd17,26981,7.5589,206
2612bbdb,22642,7.5616,206
5297c13f,27378,7.5616,206
76ba90f5,22062,7.5616,206
362a2b40,21406,7.5589,206
5e5c6dea,24117,7.5589,206
5d5923d,27774,7.5616,206
69a72581,26464,7.5616,206
38795635,29100,7.5616,206
2b085a69,19603,7.5616,206
4bb82d78,29248,7.5616,206
2c2f7f64,25197,7.5589,206
54254a6,25139,7.5616,206
43ec90bf,29444,7.5616,206
5599e2a2,20581,7.5616,206
321072c7,27771,7.5589,206
5fc0c684,26944,7.5616,206
8c34647,23781,7.5589,206
1fb3d49d,29550,7.5616,206
3ec7e021,22460,7.5616,206
525a93b,19540,7.5616,206
5c88bbfd,29714,7.5589,206
4eeb3f55,27848,7.5644,206
4f7d0d29,29381,7.5589,206
6739198c,20675,7.5644,206
4c392e4d,25338,7.5616,206
7e7711c5,28721,7.5644,206
711f9dda,29414,7.5644,206
69f198c9,29935,7.5644,206
4e42d49b,21328,7.5616,206
611851a6,24393,7.5644,206
27278d79,24864,7.5589,206
42756e84,25082,7.5644,206
1acb8c5d,27822,7.5589,206
397d7bc3,29777,7.5644,206
4b89455e,21445,7.5644,206
222a75d0,21290,7.5616,206
4bc23e5f,28948,7.5589,206
d2dea1e,22566,7.5616,206
5f5c3b1b,22059,7.5616,206
2ea941d5,24242,7.5644,206
7443b299,20667,7.5644,206
377d4068,20461,7.5644,206
16dccb15,21508,7.5616,206
28e6ae36,22321,7.5589,206
4c25f516,22301,7.5644,206
251b4171,28480,7.5616,206
556fa2a4,21291,7.5644,206
48653121,22794,7.5644,206
2b0bf07e,22915,7.5644,206
54e43ca7,22060,7.5644,206
60b08660,29226,7.5644,206
7c36ce1d,30671,7.5644,302
1dbb0483,25033,7.5589,260
7cf8a061,18967,7.5644,206
273045b0,21410,7.5616,206
69c79f4a,26462,7.5644,206
1cb397d1,22439,7.5644,206
56bff47c,26409,7.5644,206
13657d34,27618,7.5644,206
460d8ddd,26529,7.5616,206
468097d2,18724,7.5644,206
6f35876a,22576,7.5644,206
5781db65,18715,7.5644,206
7dc8d72d,20754,7.5644,206
3f34e141,29992,7.5644,299
439bcbb2,21167,7.5644,206
7cf92f1a,29372,7.5644,206
25fa8913,26324,7.5644,206
1eb0433e,27359,7.5616,206
26d1b517,24179,7.5616,206
6969740,28248,7.5644,206
5842fe98,26543,7.5644,206
33a2e977,26296,7.5644,206
42e15c01,24314,7.5644,206
5ed44ed0,27418,7.5644,206
6c4aeedd,29177,7.5644,206
48075b72,18679,7.5644,206
4e1727,28349,7.5644,206
7c906b30,27186,7.5644,206
4242d545,24701,7.5644,206
397365b1,18687,7.5644,206
579484eb,27386,7.5644,206
47974e79,21330,7.5644,206
35b94132,19426,7.5644,206
45be9f8d,18686,7.5644,206
3a08a5e1,23739,7.5644,206
4791d05f,21329,7.5644,206
38dea94e,26281,7.5644,206
9ad1b2f,28888,7.5644,293
76759056,28404,7.5644,206
3b4c882d,26458,7.5644,206
3f2fb5ef,28156,7.5616,206
7276ef9d,25107,7.5616,206
1363f69f,22292,7.5616,206
49ce2385,25262,7.5644,206
b8c679e,20275,7.5644,206
4e437b75,27655,7.5644,206
3b0d5c59,20666,7.5644,206
1668e6c6,23103,7.5644,206
15c27f46,27021,7.5589,206
20533c2,30194,7.5671,299
4298ab2c,20752,7.5671,206
7baacd29,20341,7.5644,206
7a727af1,21062,7.5644,206
122a52b6,29721,7.5671,206
47e70b55,19700,7.5671,206
40a1194e,29225,7.5671,206
2a3e2d42,25261,7.5671,206
29ed4659,23375,7.5671,206
6c8fb076,29949,7.5644,299
69920e30,27775,7.5671,206
16d01df4,27604,7.5671,206
5ef30d09,21219,7.5644,206
1def4700,25264,7.5671,206
64f52903,22090,7.5644,206
72dcb7d4,29937,7.5671,206
340177c3,29643,7.5644,206
53b1f104,26399,7.5671,206
1e416740,29734,7.5671,206
934014b,23502,7.5644,206
3634c0c1,19953,7.5644,214
6a512ed2,29946,7.5671,299
66e2738d,22244,7.5671,206
7fbf3fbf,22597,7.5671,206
268d19c7,23509,7.5671,206
56a8475a,28678,7.5671,206
460aa786,23824,7.5671,206
3b2d75bc,19438,7.5671,206
25ce362b,26630,7.5671,206
238aa7ea,26197,7.5671,206
378cb656,21293,7.5671,206
24a911b6,21899,7.5671,206
70020466,24659,7.5644,206
641587b,29403,7.5671,206
542d60e3,21039,7.5671,206
3865ef71,28662,7.5671,206
58a4fd2f,28592,7.5671,206
2d855322,21545,7.5671,206
542ae4c0,26401,7.5671,206
6b3facde,30102,7.5616,299
7c36c8af,22254,7.5671,206
bf7d7,29776,7.5671,206
1644e254,22556,7.5671,206
5c7d3383,23038,7.5671,206
7f265788,28805,7.5671,206
204cb2f4,29750,7.5671,206
11aba2eb,28560,7.5671,206
247f7a76,28834,7.5644,206
6928e366,24239,7.5671,206
2cb627a5,22599,7.5671,206
60c66422,19094,7.5671,206
23a247ef,22523,7.5671,206
3f351e86,25193,7.5699,206
1128e9d5,21045,7.5699,227
c3e7f5a,23458,7.5671,206
5f0aed8b,22223,7.5671,206
48dc19c2,29232,7.5699,206
1e6c274d,21893,7.5671,206
61574f75,24847,7.5699,206
67452511,20926,7.5699,206
69b98061,18726,7.5644,206
4183969d,24046,7.5644,206
3eaa87af,24544,7.5671,206
65dd4be8,21714,7.5699,206
40c275ba,27382,7.5699,206
1da82441,22466,7.5671,206
77555fa4,19560,7.5699,206
7858c8ad,27058,7.5699,206
2be40db9,21296,7.5699,206
77b2bea8,18690,7.5699,206
34ee8023,27847,7.5699,206
2a476785,29571,7.5699,206
3758e504,20981,7.5699,206
14e4dfc0,26210,7.5699,206
1fe68120,21233,7.5699,206
7d433b8a,20189,7.5699,206
6c2910e8,26353,7.5699,206
8a204b1,23701,7.5699,206
5e81c872,27590,7.5699,206
3deee5cc,22575,7.5699,206
7545ad03,19020,7.5699,207
113e574a,20342,7.5699,206
3534bbd5,29999,7.5699,299
65a62759,24612,7.5699,206
3dd3b35b,25200,7.5699,206
5e3437ac,24044,7.5644,206
6aed665,29101,7.5699,206
4e4ec5ac,20599,7.5699,206
1a86afd3,29792,7.5671,206
3a6f9eb3,24371,7.5699,206
45194705,22461,7.5699,206
7dc299af,27387,7.5699,206
529559f3,23584,7.5699,206
1449df14,26797,7.5699,206
1b6783f7,19399,7.5699,206
72017ed5,28559,7.5699,206
a23fba7,25460,7.5699,206
3ff31b5f,19377,7.5699,210
50482488,29966,7.5616,299
77976d4d,28650,7.5699,206
e9952bc,19515,7.5671,211
1bf26e0b,21880,7.5671,206
a8f7599,27012,7.5699,206
463e9c80,29748,7.5671,206
2f63a49,27647,7.5671,206
a7c8e2a,26549,7.5699,206
8de2adb,23646,7.5699,245
5bf78282,28898,7.5699,206
7bae1141,27496,7.5699,206
49464828,24782,7.5726,206
6e71662f,20336,7.5726,206
7ad1073b,30807,7.5699,302
1432db95,20128,7.5726,206
1f9df44b,24216,7.5726,206
6461f898,25128,7.5726,206
167bd3f0,22454,7.5726,206
14974cd9,22933,7.5726,206
242dc021,28040,7.5726,206
6458ddac,29485,7.5726,206
f165c87,30538,7.5726,206
473aeac6,23215,7.5726,241
601980ee,26680,7.5726,275
6965877c,22047,7.5726,206
4bf28241,23391,7.5726,206
76bd1ddc,19617,7.5726,206
66c1b517,21101,7.5726,206
23da90d4,23449,7.5726,206
7ce5ee64,19345,7.5726,210
62a84fd9,24843,7.5726,206
92a2796,28176,7.5726,206
7e015a57,29249,7.5726,206
5b4c5ec8,25335,7.5699,206
2dc41d3d,28591,7.5726,206
d3259db,26613,7.5699,206
55fcc97c,19648,7.5726,212
2dc35b7e,28822,7.5699,206
21dbf276,27023,7.5726,206
2c7b3e85,24460,7.5699,206
7aa73cb,21651,7.5726,206
33984650,22102,7.5726,206
9cde76,24507,7.5671,206
7eaac451,21938,7.5726,206
bd04217,22534,7.5699,206
4d436a4e,20345,7.5726,206
7a8b2ffb,18789,7.5699,206
35ec104f,29936,7.5726,206
1c8231b2,26297,7.5644,206
34a2e63f,27433,7.5726,206
377d3515,22553,7.5699,206
7466091,23505,7.5726,206
3debda46,21126,7.5726,206
1ebccef7,26983,7.5726,206
133e6333,28389,7.5726,206
308efc75,24921,7.5726,206
535439c8,26984,7.5726,206
2b678e23,24182,7.5699,206
4b204787,28434,7.5726,206
c8a67c2,27028,7.5726,206
7ee285e2,20192,7.5726,206
69631a8b,21297,7.5726,206
20b6745f,19347,7.5753,210
5a9390ad,23941,7.5699,206
7f5da3fc,23920,7.5753,206
157ae460,19805,7.5753,206
64bc1306,28928,7.5753,206
333e68b5,30563,7.5753,206
77bb8742,28057,7.5726,206
65eb880a,24301,7.5753,206
27703933,22329,7.5699,206
23d02af8,21995,7.5753,206
8fa3857,25137,7.5753,206
31685a9a,24848,7.5753,206
7e88110,26476,7.5753,206
17f75425,23774,7.5753,206
35d22bc9,22433,7.5753,206
6cb395a4,28192,7.5753,206
1ffcae22,26584,7.5753,206
32879784,28169,7.5726,206
16af6e7e,29588,7.5726,206
3e2993ca,25413,7.5753,206
6641c7ba,20485,7.5726,221
1cb6e8ee,22278,7.5753,206
1203774b,23740,7.5753,206
1ea7d067,18325,7.5753,1
1f98e426,22380,7.5726,206
7fb237eb,29407,7.5753,206
172653b0,19545,7.5726,206
3cfc2822,27214,7.5726,206
354ca9d9,24907,7.5753,206
5bafddf4,30809,7.5726,302
7eb1bee2,25517,7.5726,206
2351242e,24005,7.5753,206
738353fc,29148,7.5753,206
67b38c4e,27610,7.5726,206
56e66005,23812,7.5753,206
6c7c6ace,28318,7.5753,206
25d38295,27856,7.5753,206
f89a255,23561,7.5726,206
66fc0ceb,19516,7.5753,211
37fae79,23708,7.5753,206
3a0143a9,24380,7.5753,206
78d8c5b6,28250,7.5753,206
7ec51512,27207,7.5753,206
62677856,28827,7.5753,206
3770d5,22343,7.5753,206
309b7771,25254,7.5753,206
e50f1a1,23203,7.5753,241
586b18fc,27475,7.5753,206
63e17afc,25116,7.5753,206
4155412c,20032,7.5726,216
82aa90e,19077,7.5726,206
17e9c53,19421,7.5753,206
1d2c878,19900,7.5753,206
698c6424,23619,7.5753,206
3433d2c2,27383,7.5753,206
415a5c13,28593,7.5753,206
565ccd48,24648,7.5753,206
5cfb3ee3,20634,7.5753,206
7674427c,23402,7.5781,206
655d2265,26668,7.5781,206
4d0b5e51,22699,7.5781,206
555b950b,19886,7.5781,206
1215b609,28682,7.5726,206
5052b565,27362,7.5781,206
4617ab1,18588,7.5781,206
8a33e52,23403,7.5781,206
1d91180,18730,7.5781,206
44e57543,21652,7.5781,206
4b5e2b9c,25307,7.5781,206
5a9ecd0b,21602,7.5781,206
130282c9,28026,7.5781,206
7ca2b287,25278,7.5781,206
469a7444,20528,7.5781,206
6ac01f09,21250,7.5753,206
6d53dc52,19567,7.5781,206
40c6df5,29815,7.5781,206
11a10164,28428,7.5781,206
3cd0f86b,29794,7.5781,206
7b737c0e,25366,7.5781,206
8318e7e,22423,7.5781,206
6f353948,24321,7.5781,206
59e36ef6,25518,7.5781,206
7606afeb,29062,7.5781,206
7d279e5d,20178,7.5781,206
16753e29,20139,7.5781,206
574642a1,19956,7.5753,214
123310e7,22025,7.5753,206
548a8490,24342,7.5781,206
17b0101d,26705,7.5781,206
280bf0b4,30808,7.5781,302
22b5797a,23803,7.5781,206
229bc7b8,28813,7.5781,206
35bc0b0e,22020,7.5781,206
42c5d35d,28489,7.5781,206
4bb21cd6,29441,7.5781,206
37e8a41f,27781,7.5781,206
62d93d97,19248,7.5781,206
e6a45aa,23084,7.5781,206
523a4d5d,25172,7.5781,206
5565bc1d,28879,7.5781,206
27df22f2,24520,7.5781,206
6c5a67ea,23354,7.5616,206
38caae54,24986,7.5781,206
cc1961b,26470,7.5781,206
50dac53c,28652,7.5781,206
28271e6e,19561,7.5753,206
7631612a,27971,7.5753,206
764040b9,25028,7.5808,260
70358868,28839,7.5781,206
4c96816,20982,7.5808,206
60f13c6e,23819,7.5808,206
1db4396b,27671,7.5808,282
6905f7ec,28042,7.5808,206
1a77a4c6,24765,7.5808,206
35af546c,27423,7.5808,206
3689a36c,23428,7.5808,206
5c540cfb,27389,7.5781,206
6097097b,22357,7.5808,206
4c62ab0c,21616,7.5808,206
26eb2812,24547,7.5808,206
69a80497,20695,7.5808,206
14884af,23294,7.5781,206
15e7fe8d,21617,7.5781,206
7fe4fe66,23784,7.5808,206
4de3e19b,30171,7.5808,299
32b7fb8d,21303,7.5781,206
1b92ddf0,29932,7.5808,206
312b5b99,29664,7.5808,298
63969b1e,27088,7.5808,206
6ef07f72,28239,7.5808,206
63004201,19965,7.5808,214
81c2a6b,23496,7.5808,206
5f051e1d,24895,7.5753,206
3263e160,28148,7.5808,206
5312ad67,23457,7.5781,206
3a348a1c,20630,7.5753,206
10ce431a,26200,7.5781,206
4d369eb1,20785,7.5808,206
60f31e96,22362,7.5781,206
26ccee7a,23571,7.5781,206
38b6f4d5,21514,7.5808,206
4c42a7ba,24180,7.5808,206
418c3664,21517,7.5808,206
39f3976d,19342,7.5808,210
788d1117,22151,7.5808,206
7792428f,26162,7.5753,206
28de240e,27360,7.5808,206
578d750f,26373,7.5808,206
240924b9,22882,7.5781,206
25f99579,23456,7.5808,206
7260d86c,27013,7.5808,206
62f57a9e,20094,7.5781,206
716da75,20450,7.5808,206
3b8fe295,28230,7.5808,206
4f58fe30,18735,7.5781,206
6305ccf,23491,7.5808,206
7a77e51,22588,7.5781,206
37c4eb0e,25118,7.5808,206
731b3c29,24152,7.5808,206
7b3ae504,20344,7.5808,206
7f680888,23349,7.5781,206
6fe400f0,27640,7.5808,206
45b48351,28160,7.5808,206
698a4c26,19721,7.5808,206
569935d7,22146,7.5781,206
19354c74,26550,7.5808,206
78fafa08,28720,7.5808,206
43aa724d,29158,7.5781,206
16c26768,20486,7.5808,221
5eb1ec2b,25361,7.5781,206
5c82c062,18973,7.5808,206
6fe7716a,19061,7.5808,206
40e2ec24,29105,7.5808,206
50cac66f,27175,7.5808,206
1a019dc4,22458,7.5781,206
4e39d3cf,28410,7.5781,206
19ed95e0,21309,7.5753,206
1f12d10c,20951,7.5836,206
9eb8097,18988,7.5836,206
9cc8dce,22300,7.5836,206
7cfb4b82,28095,7.5836,206
75e87fa0,19541,7.5836,206
28c28a5b,21315,7.5836,206
2052a6b2,20332,7.5836,206
4d1dfd8b,29722,7.5836,206
6b9c18f1,23699,7.5836,206
4496af14,23929,7.5836,206
5dbf6f5d,28824,7.5836,206
686d256e,23462,7.5836,206
4abe7c4d,27787,7.5836,206
41eebe7b,23263,7.5836,206
670df49c,21122,7.5836,206
70568aa4,22275,7.5836,206
664aeb46,19235,7.5836,206
5fafafd6,24889,7.5808,206
6b86cf3e,20710,7.5836,206
63276fc6,26451,7.5808,206
69a44d27,20606,7.5836,206
5206b83f,23226,7.5836,241
70756cb6,27468,7.5781,206
2d57a2b9,24441,7.5753,206
75d6b18a,22385,7.5808,206
12f6384f,26864,7.5836,206
493de67b,23580,7.5781,206
1f400389,22602,7.5836,206
1bca2ed,21232,7.5836,206
596fc78f,20500,7.5836,206
19f577c9,27182,7.5836,206
3ae210f8,27793,7.5836,206
1c4a37e1,21359,7.5836,206
3db7516a,25553,7.5836,206
3b3ed858,26420,7.5836,206
34df26bf,23541,7.5836,206
14076abd,23450,7.5836,206
947abc9,23384,7.5808,206
3c09914f,18554,7.5808,1
23881fc9,21649,7.5836,206
6e30c166,21984,7.5836,206
230138e0,19030,7.5836,206
16f7f669,28622,7.5836,206
2f5c743d,22412,7.5836,206
172cc6aa,22344,7.5836,206
74b9e5d1,22957,7.5836,206
58c7d63,19374,7.5836,210
1cea31d1,28346,7.5836,206
3606dc94,23822,7.5836,206
476e4568,24744,7.5836,206
5c6d8cc8,21809,7.5836,206
7cc2a739,29700,7.5836,206
6379a3cd,28453,7.5836,206
3d0e86d9,23747,7.5836,206
316b65c9,24953,7.5836,258
3109fd0c,22501,7.5836,206
4f9ab40,22464,7.5836,206
337505dd,22760,7.5836,206
6deb3f89,27179,7.5836,206
7c44ad0,18677,7.5836,206
79db26b9,25555,7.5863,206
30b12169,22761,7.5781,206
4125781,29293,7.5808,206
21250f19,22822,7.5836,206
16b1b6a,20357,7.5863,206
38e8c847,18696,7.5863,206
2ed03e84,26415,7.5863,206
456b1495,29199,7.5863,206
2704b180,29659,7.5863,206
7eed4e41,24570,7.5863,206
391b2b,19517,7.5863,211
2f3221b6,22221,7.5863,206
2db81d61,19964,7.5863,214
3933c1d1,22108,7.5808,206
711b659f,23430,7.5863,206
4f9ad59b,27019,7.5863,206
1b19d71e,23157,7.5863,206
22249a1c,18777,7.5836,206
5befac0,24737,7.5863,206
458d9502,27710,7.5863,206
2fa35075,24912,7.5863,206
360c6e17,27412,7.5863,206
307ef6b0,18960,7.5863,206
42e46285,28886,7.5863,206
77f1a254,27747,7.5863,206
2258166b,24769,7.5836,206
6554afe6,27858,7.5863,206
2111ad09,25032,7.5863,260
4450983,19201,7.5863,206
7edce85d,19652,7.5863,212
1cd542a3,24483,7.5836,206
5cbee540,21383,7.5863,206
709be645,29962,7.5863,299
699c660b,21895,7.5781,206
133c0d19,21288,7.5863,206
5f6af1c1,23104,7.5863,206
12333a97,26226,7.5863,206
74d58b89,28666,7.5863,206
5b53e298,26956,7.5863,206
7e9e3739,20415,7.5863,206
51757bc7,27837,7.5836,206
59997cd1,28196,7.5863,206
1c82da8,19514,7.5863,211
2772aad9,18694,7.5836,206
454b482b,29370,7.5863,206
3f9ab806,23049,7.5863,206
2df724d0,27870,7.5863,206
5e3e0a2f,28698,7.5863,206
6d12f9ab,24974,7.5863,206
7287fe32,28200,7.5863,206
18b722ec,28654,7.5863,206
c72548e,24328,7.5863,206
3d0a2adc,28686,7.5863,206
5397eafd,20337,7.5863,206
76d72b0a,28683,7.5781,206
3bec3d8c,20593,7.5863,206
6d123ad4,29112,7.5836,206
1aedd85f,25165,7.5836,206
7b765c8b,22111,7.5863,206
4a539a8,26192,7.5863,206
4be5cd4d,30584,7.5863,302
11bf89e0,28589,7.5863,206
656494a8,27357,7.5863,206
482189d5,31015,7.5836,302
2d4baa39,24509,7.5863,206
40d6c6f9,20103,7.5863,206
156cb9f,22015,7.5836,206
3fb9d12c,23445,7.5863,206
457d9541,29545,7.5863,206
3597f5b5,27498,7.5863,206
43001cf0,22068,7.5863,206
1f653a1c,27086,7.5863,206
470bcad4,23821,7.5863,206
743d2d3c,27958,7.5863,206
5dc36967,29825,7.5863,206
57730537,22490,7.5863,206
15e478eb,20444,7.5863,206
14d764b5,19326,7.5863,206
91eefde,23721,7.5863,206
6e7728b4,26286,7.5863,206
4fd037cb,27860,7.5863,206
c5d9bb,25300,7.5863,206
2f18e7da,24246,7.5863,206
51869df8,20664,7.5863,206
1f26866c,20688,7.5836,206
31008c32,30810,7.5863,302
59ce9bff,26361,7.5863,206
3c42b463,27045,7.589,206
177c4061,19440,7.589,206
22283fa0,20445,7.589,206
f944979,22668,7.589,206
265c1544,28523,7.589,206
53d636a6,26808,7.589,206
3060d643,21084,7.589,206
1d928eb7,26863,7.5863,206
7215f785,30672,7.589,302
5b224e74,27549,7.589,206
39a320b0,20600,7.589,206
f472b09,24014,7.589,206
629eb60,26263,7.5808,206
4f31543f,22698,7.589,206
6f375bc9,21558,7.5836,206
599e3a45,30059,7.5863,299
10a5a8fd,19242,7.589,206
452b3e8d,20921,7.589,206
564b05b6,25148,7.5863,206
55f0967a,19057,7.5863,206
4c761e,28062,7.5863,206
28a83840,27026,7.5863,206
5ee64478,27957,7.5863,206
15779fe8,19458,7.5836,206
4465987a,28424,7.5863,206
277aea6e,30567,7.589,206
4e79acf9,28785,7.5863,206
6758e201,26731,7.5863,206
f9600d8,28078,7.589,206
8c7a93b,23802,7.589,206
7fcfb2de,30616,7.589,302
7cd2c7ba,29408,7.589,206
5c3a6acb,20781,7.589,206
63152154,19038,7.589,206
614e36aa,23135,7.589,206
12e10b9b,19488,7.5863,206
b4bc22e,28955,7.5863,206
4288dbe,20130,7.5808,206
4efd03ee,24971,7.589,206
5e1697fd,21139,7.589,206
b9974a3,23274,7.5863,206
4b1c5d13,22795,7.5808,206
6d58c5ed,22743,7.5863,206
71b0ec4,25441,7.589,206
47675ee8,27757,7.589,206
6e3a67d2,20003,7.589,215
4566a055,29650,7.589,206
1ad4fb13,25496,7.589,206
673976bf,29605,7.589,206
5a00897d,22474,7.589,206
2a94ee60,21071,7.589,206
3dad5af2,26359,7.5863,206
17259442,20359,7.5863,206
3b059497,23799,7.589,206
6510a9eb,26960,7.5863,206
68fabcc7,26372,7.589,206
1a9f234a,23497,7.589,206
5346a21e,28175,7.589,206
447035cd,22923,7.589,206
35d4fd19,23532,7.5863,206
244f9359,21131,7.589,206
196e0f93,29574,7.589,206
7fde08f2,28949,7.5918,206
558bc901,28411,7.589,206
3ac59499,29377,7.589,206
62481dc3,27788,7.589,206
b33948e,29066,7.5918,206
386aea1c,29164,7.589,206
4a59482,24649,7.5918,206
12d2a9d3,27632,7.5918,206
3056084f,29467,7.5918,206
27567d2f,22884,7.5863,206
1aca5ba8,21335,7.5918,206
128267ca,19366,7.5918,210
f7fecc3,21184,7.5918,206
86450ce,19078,7.5918,206
8f035fd,28037,7.5918,206
1c5b9ec9,29716,7.5918,206
6c326075,21448,7.5918,206
46fabf1d,20363,7.589,206
4fac25e2,31234,7.589,302
f414708,25341,7.5918,206
700faf5d,29104,7.5918,206
631ee416,20033,7.5918,216
4d334ea2,23088,7.5918,206
5714b416,20335,7.5918,206
48cf390b,21600,7.5918,206
45371208,24702,7.589,206
1509eef0,21077,7.5918,206
511d70ec,18713,7.5918,206
68c6233,20786,7.5918,206
373a1488,22659,7.589,206
4a60e735,19215,7.5863,209
2f8dffa7,21115,7.589,206
70407485,29149,7.5918,206
196e3d54,19343,7.5918,210
15381d44,27550,7.5918,206
7241c53f,24924,7.589,206
3fd5dd0d,25552,7.5918,206
435d5617,28479,7.5918,206
4c42722e,26975,7.5918,206
19c584df,21875,7.5918,206
65d1c2e5,19212,7.5863,209
74fd56e7,23429,7.5918,206
2bf19954,27794,7.5918,206
1ea70389,22509,7.5918,206
750a3c52,18707,7.589,206
6b5e067a,20762,7.5918,206
4cc2197c,30185,7.589,299
1b727e58,18703,7.5918,206
6adfe026,21069,7.5918,206
762cd220,29945,7.5918,299
4e93b983,22138,7.5918,206
55e50bfd,27797,7.5918,206
9b0f1c4,19562,7.589,206
1f374549,29600,7.5918,206
1c7bfe04,29651,7.5918,206
4ff703a9,21451,7.5918,206
32304349,23112,7.5918,206
3c80ba1a,29993,7.5918,299
7fc8e850,20406,7.5918,206
855564b,26333,7.589,206
23748058,26459,7.5918,206
384f6603,18765,7.589,206
1264b7a,19502,7.589,211
3914b966,18600,7.5918,206
a19d95,26365,7.5918,206
1bd15701,19800,7.589,206
586d5506,20773,7.5918,206
6ba3a8ea,18640,7.589,206
77e0f371,21530,7.589,206
6618dbd3,29975,7.5918,299
10dcbe57,28165,7.5918,206
546f7773,29850,7.589,206
22d4060a,29827,7.5863,206
22fd71ec,20416,7.5918,206
527665b9,21015,7.5918,206
4d9ca5d5,24174,7.5918,206
7210ea67,29561,7.5918,206
63ca57c5,25075,7.5918,206
5d6bcfb9,26219,7.5945,206
1450a7e9,28393,7.5945,206
75ea5377,26467,7.5945,206
1c8694b,29166,7.5945,206
dcdc7f,29976,7.5945,299
3c9ddda,30558,7.5945,206
34280d70,20690,7.5945,206
12374da5,28575,7.5945,206
35e1d57f,21715,7.5945,206
57a12111,23082,7.5945,206
53b8d898,28416,7.5918,206
1e52e838,21080,7.5863,206
36a0d432,23350,7.5945,206
d51a5b4,27349,7.5945,206
1838c09e,20658,7.5945,223
11a2f889,27388,7.5945,206
2113afcb,26412,7.5945,206
21efd258,28087,7.5863,206
70118e6f,29968,7.5945,299
7f0dcacb,28473,7.5945,206
19c33590,25188,7.5945,206
79ed1313,25472,7.5945,206
453c9612,27416,7.5945,206
eb3a1de,23062,7.5945,206
6b2fee7f,21509,7.5918,206
1a9ef1ff,28144,7.5945,206
bd42bf5,22170,7.5945,206
1a30c417,29654,7.5945,206
3b1d4d45,22658,7.5945,206
566142d0,24950,7.5945,206
7cc0506a,24402,7.5945,206
604c2399,19337,7.5945,210
316a3db0,24012,7.5945,206
6dc18e8f,22462,7.5918,206
137cd05d,19287,7.5945,206
122d6940,18745,7.5918,206
72ca5108,23686,7.589,206
139e1c28,27854,7.5945,206
5d0012d0,20931,7.5918,206
24fdc40c,29847,7.5918,206
6695c83e,25009,7.5918,259
1f8bcac5,26552,7.5945,206
3fe99a2d,22574,7.5945,206
5cf5bea4,22587,7.5945,206
14e9593c,21971,7.589,206
55757486,26947,7.589,206
760f1ce1,22376,7.5918,206
263ea4f7,22665,7.5945,206
57cf2e0a,29783,7.5945,206
931bd76,23286,7.5945,206
779e3992,27776,7.5945,206
540b5b17,22493,7.5945,206
24d4228a,30169,7.5945,299
a45f764,19974,7.5945,214
e9b3157,29753,7.5945,206
8cfdbbf,30673,7.5945,302
d0a785e,24474,7.5918,206
4d7b505b,19141,7.5945,206
2851404c,29711,7.5918,206
7f17dd98,26672,7.5945,275
9f3e3e6,19574,7.5973,206
57e5b20e,26805,7.5973,206
7514cb9e,19106,7.5836,206
342e33b9,22660,7.5973,206
22d40a09,20503,7.5973,206
58dbb99f,18731,7.5973,206
bc0c121,27789,7.5973,206
4e36881b,29837,7.5973,206
26c00e67,22282,7.5973,237
28fd7bcb,21064,7.5973,206
57417f70,23940,7.5973,206
658db11b,22415,7.5973,206
4c304796,21568,7.5973,206
49a208ce,22422,7.5973,206
726f64e3,24548,7.5973,206
44660112,23307,7.5973,206
3eea2fd5,21593,7.5973,206
70a8c369,29615,7.5945,206
291541ca,23498,7.5973,244
5d0fab6b,20293,7.5973,206
3274a398,22129,7.5973,206
4719d34,21988,7.5973,233
7698761,19244,7.5973,206
279d3014,29698,7.5973,206
8d6444c,26103,7.5945,206
30623f1c,22245,7.5973,206
38f28c19,27363,7.5973,206
736b46e9,23466,7.5973,206
3db8c500,20196,7.5973,206
3cb0f46a,28181,7.5973,206
1c839774,20197,7.5973,206
303d42b9,23860,7.5973,206
19481659,20319,7.5973,206
62a340b5,14286,7.589,150
629b43a2,28158,7.5945,206
3869edc2,26677,7.5973,275
61cade48,22630,7.5973,206
19148c2c,24243,7.5945,206
615a79c3,27658,7.5973,206
212a4aff,27432,7.5945,206
56dab4e5,18790,7.5973,206
75b38c67,23200,7.5945,241
615508e8,21603,7.5918,206
4800c381,29697,7.5973,206
5c1d9d02,25208,7.5973,206
2f1359cc,21916,7.6,206
2c6dbd57,28490,7.6,206
65b6e27a,26347,7.5973,206
55f38643,22986,7.6,206
609b6808,29352,7.6,206
215df649,28835,7.6,206
73aa752a,27523,7.6,206
18341892,21420,7.6,206
3aa23482,18994,7.6,206
142c0f6,22984,7.5973,206
51450835,19265,7.6,206
4fe39129,25319,7.6,206
6f40beda,21384,7.6,206
446d8194,19432,7.6,206
533fac9f,27439,7.6,206
60508,20242,7.6,206
6a5acdbc,28394,7.6,206
42938042,28556,7.6,206
863fe5a,27648,7.5973,206
6ce697db,26276,7.6,206
5c78e10a,29476,7.6,206
60f3f014,29874,7.6,206
3e3cedd8,18746,7.6,206
66bced8b,27350,7.6,206
7d5720e7,28613,7.5973,206
25b1c09,26468,7.5973,206
5b5073b7,23096,7.6,206
5a010de3,28924,7.6,206
3e15345,30639,7.6,302
1e154e5c,22681,7.5918,206
44f4a2c3,28836,7.6,206
1c61ac21,28846,7.5945,206
4e5dd45b,20676,7.6,206
7a8e1462,27380,7.6,206
1b8d534a,29394,7.6,206
a9cf4be,28715,7.5973,206
2ac306ba,20313,7.5973,206
235abfa5,22316,7.6,206
20643a84,19190,7.6,206
51022ac1,19533,7.5973,206
3cd61d5b,28916,7.6,206
e922aad,27435,7.6,206
f2381e1,28882,7.6,206
4f37f6e6,22832,7.6,206
4ed0edc8,28485,7.6,206
40c93f92,22371,7.6,206
4307069e,26222,7.5945,206
5c5f8b11,26354,7.5973,206
4f6035f2,23696,7.6,206
3f106a3e,23898,7.6,206
395e5b21,29636,7.5973,206
4458a8b4,22139,7.6,206
647fa42d,28066,7.6,206
2a7ec2f5,29096,7.6,206
16830c1e,29546,7.5973,206
171f1b72,23032,7.5973,240
37ba494d,20410,7.6,206
ed89b70,26018,7.6,206
50f5fb8b,22738,7.6,206
52ed9934,22547,7.5973,206
3db79eb6,27576,7.5973,206
5c008c8b,23503,7.6027,206
33abc8f2,21270,7.6027,206
7962d6ec,30554,7.6027,206
4778d4cd,23101,7.6027,206
1f447c7d,24327,7.6027,206
72c5db3f,30727,7.6027,302
1dffa63d,27699,7.5973,206
1c20c7f3,21215,7.6027,206
203bf79e,29933,7.6,206
7cfbdc85,29879,7.6027,206
1cd55369,19618,7.6027,206
6d0005f,26948,7.6027,206
4ced70a4,30626,7.6027,302
7928901c,29793,7.6027,206
62017e07,21861,7.6027,206
5b90ea8c,23650,7.5973,246
423b0d52,23828,7.6027,206
5b956448,23724,7.6027,206
6ded3a48,23804,7.6027,206
6b391d52,21862,7.6027,206
562cc859,23068,7.6027,206
266b41f0,22438,7.6027,206
5a2b2cd3,22408,7.6027,206
2250000f,20304,7.6,206
1205a9a,23393,7.6027,206
31fe24e7,23745,7.6027,206
4de687e9,24585,7.6027,206
6f14a622,21723,7.6027,206
6c63c5d0,26728,7.6,206
11ff185c,27417,7.6027,206
2c7a0da7,28567,7.6,206
afb00cf,19962,7.6027,214
712d4136,22908,7.6027,206
20758dc,27452,7.6,206
1b4b9983,21301,7.6,206
3acfde65,20711,7.6,206
55da0e0e,23398,7.6027,206
1fb58721,19031,7.6027,206
6d8a9c42,27434,7.6,206
4877d091,29231,7.6027,206
451c6c7f,26957,7.6,206
11e1a361,26598,7.6027,206
144e652d,22907,7.6027,206
27f1740a,29131,7.6027,206
1e20843a,26692,7.6027,275
246d634,22994,7.6027,206
65c6ac5c,28584,7.6,206
7b1dbab3,29151,7.6027,206
49bbd5ca,23825,7.6027,206
53a08993,19905,7.5973,206
f222886,22377,7.6027,206
67e302a5,20952,7.6027,206
61f7cb65,19716,7.6027,206
107dc1ab,24394,7.6027,206
35e26500,19216,7.6027,209
3717f649,29631,7.6027,206
3f6b4c97,29967,7.6027,299
209570e4,18734,7.6027,206
774f9f9,25301,7.6027,206
3a9ac16c,25334,7.5973,206
772e8974,27419,7.6027,206
8275b1e,20360,7.6055,206
8a51ed,20465,7.6055,206
68000e74,29258,7.6055,206
b130348,20551,7.6055,206
8754e77,22911,7.6055,206
3a381bcc,28614,7.6055,206
31f8961,21394,7.6055,206
68ef305f,19423,7.6027,206
7b757749,26366,7.6055,206
59d198a6,21247,7.6055,206
234d0e2b,21985,7.6027,206
3231afd5,28765,7.6,206
62ae59e5,26278,7.6055,206
376fe9be,21576,7.6055,206
7c18952e,28445,7.6055,206
43e8c27f,18732,7.6027,206
4ee3ecff,22459,7.6055,206
5399da96,24344,7.6027,206
1b73eb42,21177,7.6055,206
23faace7,29977,7.6,299
6c027c82,25294,7.6055,206
260479dd,24062,7.6027,206
3bd44ae1,29576,7.6,206
3ff99f22,24511,7.6055,206
4f96f1f6,26654,7.6055,206
491291ae,20156,7.6,206
4c5dc3c0,26357,7.6027,206
6649decb,30613,7.6055,302
55471be8,22298,7.6055,206
26b49eed,30704,7.6055,302
7bf6f474,21086,7.6027,206
59977b09,28878,7.6055,206
3462b388,23820,7.6055,206
3623001f,28309,7.6055,206
7aba07fb,22440,7.6055,206
18176496,29938,7.6027,206
39c86aef,22369,7.6055,206
17c5b631,20729,7.6055,206
6d0ebd64,29343,7.6055,206
3d6aeeed,23569,7.6055,206
1efa0e02,21864,7.6,206
641f9020,29549,7.6055,206
5e51c6ac,27220,7.6055,206
656ef1b,22018,7.6055,206
7274c198,24199,7.6055,206
3426460d,20930,7.6055,206
2bd86870,24958,7.6027,206
7ae2c495,30565,7.6055,206
6264d579,20696,7.6055,206
32500b3f,26961,7.6082,206
34c02556,21577,7.6082,206
58ea8937,19820,7.6055,206
1ce1404e,24956,7.6082,206
2edab91e,22649,7.6055,206
1b05c306,20447,7.6082,206
1e917ce7,19477,7.6055,206
172a5260,23133,7.6082,206
1df93fb,24204,7.6082,206
7a36d897,28873,7.6082,206
300c7dad,28899,7.6082,206
4f1e3924,23302,7.6082,206
a62dbf5,22424,7.6082,206
775fc109,24006,7.6082,206
3b614d15,29525,7.5945,206
5dfdc5a3,19625,7.6055,206
5088444,25434,7.6082,206
67aee0f7,23727,7.6082,206
7ccc56aa,29699,7.6082,206
dc94f0b,27803,7.6055,283
19295a63,22661,7.6082,206
107787c6,22792,7.6082,206
1c8dea6e,27353,7.6082,206
214f6938,22710,7.6082,206
60a4e3f1,27184,7.6082,206
330d47c4,28778,7.6082,206
1fe8afd4,18996,7.6055,206
45b403b8,22739,7.6082,206
2c8db94,22091,7.6082,206
5b229f6e,28161,7.6082,206
1ee0dd1,28295,7.6027,206
64a26797,27224,7.6082,206
1ba20c2b,28286,7.6082,206
207214ec,21876,7.6082,206
6fe42663,26287,7.6082,206
1e152ecb,27497,7.6082,206
697c6c41,19028,7.6082,206
a350bde,22799,7.6082,206
5919d0f6,20298,7.6082,206
17803288,26303,7.6082,206
205425c5,25502,7.6082,206
2a404bea,24961,7.6082,206
3d49a034,27959,7.6082,206
2b4bc167,25270,7.6082,206
3051bf8c,28273,7.6082,206
2a30b3c6,19547,7.611,206
287b271,22696,7.611,206
72bfea15,26742,7.6082,206
78a4ddc,26551,7.6082,206
288b7068,29820,7.6082,206
17205b32,26860,7.611,206
1ac2e481,24007,7.6082,206
1e4f76c4,24767,7.6082,206
4ff3bea8,24770,7.611,206
3c888f0e,22712,7.611,206
29e4ba66,23540,7.611,206
248fa537,29181,7.611,206
765b59f0,28354,7.611,206
ed348ca,22928,7.611,206
268e4fc,27180,7.6082,206
5b975f9b,21885,7.611,206
63ae9af7,28069,7.611,206
1e94da87,20143,7.611,206
26a4dd7a,29828,7.6082,206
472e35b2,20157,7.611,206
48c0d58e,27221,7.611,206
412ad4d7,22273,7.6082,206
5887577b,20483,7.611,206
5fae9743,24766,7.611,206
5fe1cec1,20438,7.6082,206
69d4f32a,24989,7.611,206
2776373b,23515,7.6082,206
76fce399,19619,7.611,206
cc9b819,21145,7.611,206
5d8fe887,23900,7.611,206
48b7f629,30172,7.611,299
130c1dbf,28086,7.611,206
610b6a8,30743,7.611,302
5d53f0a,30570,7.611,206
449d46d9,19948,7.611,214
5e575a1c,28811,7.611,206
7589a9df,25322,7.611,206
66f4551d,26587,7.611,206
15664d99,20113,7.6082,206
39e71d50,23533,7.6082,206
17e23f3b,28573,7.6082,206
53facc67,19446,7.611,206
74575904,23067,7.611,206
29a49365,21393,7.6137,206
755bc743,24788,7.6137,206
73c63534,26676,7.6137,275
47167b3c,18759,7.6137,206
765a46df,23504,7.6137,206
380bbe69,31225,7.6137,302
13c107f4,30557,7.6137,206
516cef2d,26557,7.6137,206
75243761,28880,7.6137,206
10b9375a,26132,7.6137,206
bdc6c1e,21302,7.6137,206
3dffefcf,21091,7.6137,206
6934582e,21133,7.6137,206
30eea1b5,21856,7.6137,206
1bf05b83,19226,7.6137,206
2493872b,21173,7.6137,206
583a872a,23621,7.6137,206
1af99a75,29486,7.6137,206
5147442c,20412,7.6137,206
14e1a4b8,26614,7.6137,206
403c5133,22220,7.6082,206
186e72d9,28283,7.6137,206
4e927993,21567,7.6137,206
259f3249,27983,7.6137,206
3c429626,22886,7.6137,206
5751d3cd,21345,7.6137,206
3f4229c8,22571,7.6137,206
21ba6be0,23756,7.6137,206
ad27655,28655,7.6082,206
5603003c,24945,7.6137,206
7ed84f7c,21991,7.6137,206
274e24d1,21431,7.6082,206
3eb78eb3,24835,7.611,206
707b6bb9,21615,7.611,206
4ce47965,26706,7.6137,206
1a5aa484,21540,7.6137,206
181a736a,29251,7.6137,206
3317e573,23942,7.6137,206
68eb0c16,22016,7.6137,206
5cd78d25,22988,7.6137,206
13667cbf,28569,7.611,206
58accc9a,25149,7.611,206
549c9681,20730,7.611,224
34c29792,19489,7.6082,206
14e19631,30099,7.611,299
bbcb2c1,27064,7.6137,206
2a97502b,18718,7.6137,206
1a8fe366,29994,7.6137,299
5624477d,19202,7.6137,206
3ad199a2,19570,7.6137,206
2219d0d7,24175,7.6137,206
4d5072ea,20364,7.611,206
329fdab7,26832,7.6137,206
576e9b51,22520,7.611,206
5bc8bf50,22650,7.6137,206
4e632366,21552,7.6137,206
61c40497,29939,7.611,206
d37ef10,26298,7.6164,206
41b1d663,23371,7.6137,206
241fe8e5,24200,7.6164,206
1d0eb43c,23228,7.611,241
62267917,29617,7.6164,206
23072978,30186,7.6164,299
117a1d67,30106,7.6164,299
5eb7c3e5,29606,7.6164,206
3d32b875,25083,7.6164,206
f08e7e5,25591,7.6164,206
15de4395,22946,7.6137,206
540ee56c,26148,7.6137,206
3446bce3,29869,7.6164,206
7c394241,30275,7.6164,299
1b9c64b8,20721,7.6164,206
3ff22004,22112,7.6137,206
381ac722,27801,7.6164,283
39bad566,29863,7.6164,206
f27a35a,26223,7.6082,206
7766bfa2,19032,7.6164,206
658f019a,28693,7.6137,206
192b55bb,21289,7.6164,206
445ae2fe,29311,7.6164,206
603ce78,30604,7.6164,302
4546c58e,20991,7.6164,206
1ed84261,29368,7.611,206
d860e56,21972,7.6137,206
6677ac16,26657,7.6164,206
3ae021f3,21596,7.6164,206
7a96c47,21399,7.6164,206
61ad7fc3,19616,7.6164,206
3a6178fc,27356,7.6164,206
1b539fa,23767,7.6164,206
4b873bfa,24510,7.6164,206
74348d8b,24926,7.6164,206
4db2b6df,26788,7.6164,206
47eb8bcd,28167,7.6137,206
56d82f2b,28058,7.6164,206
466ef734,18572,7.6164,206
76fcbd54,24345,7.6164,206
5eae3098,22217,7.6164,206
67261dc,19434,7.6137,206
1ddc373c,29660,7.6164,206
ed93fce,22080,7.6164,206
586d44a0,19478,7.6164,206
215ce47d,24814,7.6164,206
34b50d0b,24874,7.6164,206
482cb976,25510,7.6137,206
4ed71dc,22927,7.6164,206
fccc8f2,28231,7.6137,206
49f5ba7a,19001,7.6164,206
55b43b1a,22317,7.6164,206
745fdf79,28491,7.6137,206
78fecfd3,25318,7.6164,206
111c1366,27090,7.6164,206
75de5d55,18683,7.6164,206
1c6c41f,28837,7.6164,206
fc803a3,25505,7.6164,206
7ebea61f,21132,7.6164,206
12f2a18a,23613,7.6164,206
798d7868,19029,7.6164,206
4edcbd7a,25858,7.6164,206
1467a19,22981,7.6164,206
ac3aa70,30790,7.6137,302
181fdd78,26806,7.6192,206
6a84146d,22049,7.6164,206
3383946c,22370,7.6192,206
127b6b7,26897,7.6192,206
16a00cc9,25079,7.6192,206
7032e778,24360,7.6137,206
747f8d3d,23836,7.6192,206
5f3d3de6,20136,7.6192,206
36a4035f,29440,7.6192,206
6393aab8,21421,7.6192,206
7da67902,22155,7.611,206
5d8df612,27325,7.6192,206
75432447,19801,7.6192,206
12ad04b0,26733,7.6192,206
24c9c90e,25140,7.6137,206
5af16145,29435,7.6192,206
61364b7,25314,7.6192,206
36fc0740,29385,7.6192,206
4c8e1dab,26460,7.6164,206
6e0375a4,27442,7.6192,206
26652c8d,27505,7.6164,206
77cf9a4d,21168,7.6137,206
252a28c5,23309,7.6192,206
215f55f3,24513,7.6192,206
1d007736,24542,7.6137,206
120e315f,29829,7.6164,206
1918dca1,22255,7.6164,206
4233e2bc,27030,7.6164,206
5c94840b,19568,7.6192,206
3f73d20f,23897,7.6192,206
6051ec94,29782,7.6164,206
3d2ac420,25323,7.6137,206
13dbf18a,27593,7.6192,206
45e6ab52,25271,7.6192,206
79dc8980,30792,7.6192,302
41a8d468,26087,7.6192,206
6424ea4b,26315,7.6192,206
bfe9f17,30726,7.6164,302
19cb6c13,23074,7.6192,206
5107a2f3,18989,7.6192,206
609e418c,23758,7.6192,206
5182d033,29551,7.6192,206
1052daf6,22605,7.6192,206
53670c05,26000,7.6192,206
2c1e3759,24716,7.6192,256
3e9e9177,26585,7.6192,206
381d6938,26783,7.6192,206
53f15d1a,19926,7.6192,206
e080cc2,22084,7.6192,206
4457315d,24745,7.6219,206
1750c446,22982,7.6219,206
4e90523b,26302,7.6219,206
1de395d,26319,7.6219,206
b03937,23808,7.6219,206
7d902da5,20607,7.6219,206
6c73a4a5,28018,7.6219,206
203e329a,20146,7.6219,206
2146de2b,24920,7.6219,206
39f7bf9b,30129,7.6219,299
62292e8,28146,7.6219,206
5d4732a3,26798,7.6192,206
2c60e322,22409,7.6219,206
7d9baed6,19507,7.6219,211
1258920a,24613,7.6219,206
6abb90c8,21539,7.6192,206
e0d7516,23111,7.6219,206
255fee06,26126,7.6219,206
1b5375bd,18682,7.6219,206
5120965,30677,7.6219,302
3319e4df,26313,7.6219,206
5659826f,19361,7.6219,210
7c779568,27544,7.6219,206
c2c697c,26422,7.6219,206
19e000bd,23019,7.6219,206
65232042,27009,7.6219,206
7f738c73,30753,7.6192,302
10fb7d68,28486,7.6219,206
9077222,29749,7.6219,206
5dd2e4e1,30187,7.6219,299
75da6270,29835,7.6192,206
16a978ac,30311,7.6219,299
5b3530e5,20463,7.6219,206
5d72472c,29531,7.6219,206
6fd6b8c2,27195,7.6219,206
49399eaa,27379,7.6219,206
1488e339,26669,7.6192,206
379d3d8e,19571,7.6219,206
2e23b4b8,19360,7.6192,210
5b0c9da3,27784,7.6219,206
26330bee,21917,7.6219,206
69445e62,30752,7.6219,302
1c62ea8,28594,7.6219,206
48f3cf4,28934,7.6192,206
57cd8677,21185,7.6219,206
73f099d,23069,7.6164,206
6813f8a8,23583,7.6219,206
5810386c,26558,7.6219,206
2505c706,23465,7.6219,206
7ff3ca53,26088,7.6219,206
1e4003ef,28909,7.6192,206
4fd2097b,23944,7.6219,206
69e17e37,22767,7.6219,206
30ebe83f,26671,7.6219,275
3bdd24d3,20984,7.6219,206
413cadd9,20712,7.6192,206
251c073c,22887,7.6247,206
13d762d6,22606,7.6192,206
47eec56e,27783,7.6247,206
282b77bc,26533,7.6219,206
7a0235d6,24804,7.6247,257
2f212391,23166,7.6247,241
3f62e84d,21428,7.6247,206
e968f7a,21579,7.6247,206
6d1f76d2,26122,7.6219,206
2f1093c0,19976,7.6219,214
7d739f83,19903,7.6247,206
3ebc0b75,23025,7.6219,206
69e0a769,25351,7.6247,262
3758b137,27083,7.6219,206
1f125961,27037,7.6247,206
46bae87,22131,7.6247,206
6585b60e,29292,7.6247,206
56498c99,24976,7.6247,206
8f0c286,28198,7.6247,206
51364a89,29530,7.6137,206
19cba367,26104,7.6219,206
3fcc983,27038,7.6247,206
d96df88,29950,7.6247,299
6e97aeb1,27849,7.6247,206
b7ac661,23572,7.6247,206
2a03f89f,27440,7.6247,206
6402541e,30002,7.6247,299
3eacb9b6,21466,7.6219,206
4f568c8d,28189,7.6247,206
74077070,27472,7.6247,206
605eef13,27116,7.6219,206
27b6ba67,19346,7.6247,210
9956b0a,30000,7.6219,299
12c4790e,28522,7.6247,206
690dbd3f,23201,7.6247,241
1969d1a7,21300,7.6219,206
26c6c49e,23785,7.6219,206
343127a3,22616,7.6164,206
36adf634,29386,7.6219,206
58c3422,25320,7.6247,206
16c95e9,20418,7.6247,206
1631d7f6,29630,7.6247,206
52b43df5,26201,7.6219,206
119e436e,22133,7.6247,206
2caf72c1,29428,7.6219,206
48e67e52,19447,7.6192,206
2d40697a,27094,7.6247,206
4e26da8f,27998,7.6247,206
194880f0,27464,7.6247,206
62276965,29892,7.6247,206
65e25a69,27782,7.6219,206
4c02c7e2,19649,7.6247,212
34088e4f,20095,7.6247,206
699ac73e,21113,7.6164,206
302ff729,26896,7.6219,206
6ac81b19,24957,7.6219,206
1ac28af9,21650,7.6247,206
624b9c76,29689,7.6247,206
255e0da8,29309,7.6247,206
6a873095,23216,7.6247,241
403dee0f,23136,7.6247,206
39c6f8d7,22600,7.6219,206
4e2631b3,29770,7.6274,206
610583fd,22823,7.6274,206
1b405692,22744,7.6274,206
4890def7,22896,7.6274,206
67720c7c,28351,7.6247,206
1d6c241e,22227,7.6274,206
59ddc5a4,28694,7.6274,206
18261288,29838,7.6274,206
14b23d8,23501,7.6247,206
4fe23260,21127,7.6274,206
3884c60c,27758,7.6247,206
101e21c6,26569,7.6274,206
489395fe,28352,7.6274,206
16bccfbe,20770,7.6274,226
816cfc3,24211,7.6274,206
69e7df16,22751,7.6274,206
52f766da,29406,7.6274,206
3d8f8bb1,30083,7.6274,299
4d3e7281,26789,7.6274,206
7368c432,22204,7.6274,206
2420ba26,22945,7.6247,206
65b36f10,19653,7.6274,212
5f658351,21560,7.6274,206
5ba7b35d,25435,7.6274,206
49ca0f0,22711,7.6274,206
6edbb54f,21144,7.6247,206
4f0bd338,29739,7.6274,206
313eee26,22502,7.6274,206
57e58e07,21221,7.6247,206
64a72879,20158,7.6274,206
75a4b5c6,29895,7.6274,206
5d74231f,24614,7.6247,206
332d2a8a,22397,7.6247,206
48431f5e,23486,7.6247,206
157a12cf,22718,7.6274,206
45208f23,19349,7.6274,210
1f839477,23070,7.6274,206
1db905be,20769,7.6247,225
4f6ac136,22218,7.6247,206
ac34e7e,22339,7.6274,206
4b5b8192,22636,7.6219,206
3ea4bf06,22762,7.6247,206
4ed85388,30589,7.6274,302
487894a2,20286,7.6247,206
51029fea,22152,7.6274,206
41a28b0a,23943,7.6274,206
56e2d5bd,26224,7.6274,206
5a339647,24386,7.6274,206
1f0bbf24,25136,7.6274,206
4a249d14,20660,7.6274,223
33cb7a29,22126,7.6274,206
36004f04,27222,7.6274,206
aabf6d0,24234,7.6247,206
4c6cd86c,28722,7.6274,206
edcbc5a,22942,7.6274,206
60fe4ca8,26423,7.6274,206
35b63b11,21024,7.6274,206
4f534750,24896,7.6274,206
1f333a73,29694,7.6274,206
74e67ba3,24302,7.6274,206
76b4b73d,23480,7.6274,206
666fe29b,23413,7.6301,206
620533f4,28367,7.6301,206
92248cc,22019,7.6301,206
64e37d65,22829,7.6301,206
239f2939,28840,7.6301,206
3afd6ceb,19473,7.6301,206
712c62d3,21166,7.6301,206
782c7484,28579,7.6301,206
e5b31c6,23224,7.6301,241
545707d5,26202,7.6301,206
51cb380,29182,7.6301,206
1734730a,27611,7.6274,206
4036a52b,21169,7.6301,206
2c337b57,28347,7.6301,206
44d2c108,27981,7.6301,206
4c535de2,22010,7.6301,206
784bdb41,21163,7.6301,228
7f93fc07,19033,7.6301,206
d21269e,26553,7.6301,206
3aff1dae,26861,7.6274,206
6c95fb5e,27605,7.6301,206
4e336e42,19553,7.6247,206
c631847,22557,7.6301,206
4fef5d9e,23023,7.6301,206
10300079,20582,7.6301,206
38f8a4d4,26013,7.6301,206
45a43d43,22656,7.6301,206
5111a490,27190,7.6274,206
64a71081,22791,7.6301,206
6ef1d9cb,25896,7.6301,206
3701ae9d,29267,7.6301,206
7404e7a4,26831,7.6247,206
10ae9242,26647,7.6301,206
4cc781e3,24975,7.6219,206
10b8b3e2,24697,7.6274,206
43524f96,25321,7.6247,206
1c1e4c6d,21313,7.6301,206
5646c8c4,26859,7.6301,206
270ae93c,22567,7.6301,206
57b2aca7,23095,7.6301,206
173e090a,30678,7.6301,302
2403210,26284,7.6301,206
533fe331,23229,7.6301,241
238ca363,23697,7.6274,206
6119f421,18573,7.6301,206
6e47003b,19707,7.6219,206
26b3b260,25742,7.6301,206
62ca8aa0,21114,7.6274,206
59a34885,23771,7.6301,206
4e40dba3,22302,7.6301,206
74dbb4f9,20553,7.6301,206
811feb3,27225,7.6301,206
2687ab6c,29686,7.6274,206
10aeaa96,22379,7.6301,206
587bf6e3,20446,7.6247,206
5f987f39,21271,7.6301,206
44df636d,26225,7.6301,206
21409b7a,20977,7.6301,206
260bad5f,18684,7.6301,206
3af67f10,23510,7.6301,206
61b31608,21578,7.6329,206
42b48586,29769,7.6329,206
50da728,19327,7.6329,206
6f87d435,21396,7.6329,206
203367b8,24471,7.6329,206
5b2957b4,29233,7.6301,206
522ead3e,24205,7.6301,206
3af274b4,18586,7.6329,206
147caf5,24157,7.6301,206
10c2a99e,22205,7.6329,206
37a2b1e5,29701,7.6301,206
1edc3471,23703,7.6329,206
21f3453d,27436,7.6329,206
77ae87b8,30060,7.6329,299
247896c4,23908,7.6301,206
307026bf,26659,7.6301,206
6772637,19428,7.6329,206
79f7e534,21112,7.6329,206
6618a630,28812,7.6329,206
56c474,21187,7.6329,206
42968d9a,26370,7.6329,206
22b8fdba,27859,7.6329,206
1d413144,20502,7.6301,206
5bd9a99d,21735,7.6329,206
2dd50521,22934,7.6329,206
48e5680c,21432,7.6301,206
5c3aab45,27031,7.6329,206
4a39641e,20437,7.6329,206
4fc09c75,28067,7.6329,206
2ddf1dbd,22985,7.6329,206
3a05da07,28867,7.6274,206
2c863889,29819,7.6329,206
25efcedf,21839,7.6329,206
247757e8,22296,7.6329,206
6f1f4427,27193,7.6329,206
1b037111,26195,7.6329,206
72c07b3d,30680,7.6329,302
2982ca8c,21400,7.6329,206
6e3adb69,29830,7.6329,206
37d41043,23431,7.6301,206
227f44e2,23217,7.6329,241
5397ca03,28574,7.6329,206
777c32dc,25585,7.6329,206
57507c1a,22713,7.6247,206
6c7eac57,27470,7.6356,206
7b3fef93,25863,7.6356,206
23bffc42,26427,7.6356,206
4e15ede4,27082,7.6356,206
5710ec65,25076,7.6329,206
74a7632a,22507,7.6356,206
30a38cb6,22386,7.6329,206
5357d263,21248,7.6356,206
39dfe695,26774,7.6356,206
fd669a7,23427,7.6356,206
6e4dcf74,19354,7.6356,210
3eee751c,20185,7.6356,206
53c76c68,22719,7.6356,206
6f60ace6,23765,7.6329,206
6f56f811,22203,7.6329,206
22dd2672,24195,7.6329,206
4a11ba6d,22231,7.6301,206
c1ed092,30703,7.6356,302
6a39d4af,30603,7.6356,302
207c3855,19650,7.6356,212
7832ca3b,21713,7.6356,206
74678682,26800,7.6329,206
3452d2d9,19098,7.6329,206
33979df9,13419,7.6329,150
70a50337,28348,7.6301,206
74128b34,24805,7.6329,257
35edab73,29202,7.6356,206
5b60dce7,27227,7.6329,206
5497ea27,22632,7.6356,206
343c80aa,27216,7.6356,206
6cd2136d,23838,7.6356,206
31886df4,29310,7.6356,206
5aa57f30,20799,7.6356,206
acc8d1e,23158,7.6356,206
76f9ae51,27675,7.6356,206
46c9ab7,24982,7.6356,206
75c129f5,19569,7.6274,206
1b8bfe2e,23702,7.6356,206
203b4028,23766,7.6274,206
4062cfba,19026,7.6356,206
3c90c8c2,23761,7.6356,206
782e3bf0,22853,7.6356,206
3437224f,26131,7.6356,206
26e1edd,19939,7.6329,206
54270e35,26744,7.6329,206
6e4b1aab,23965,7.6356,206
67335d29,22017,7.6301,206
15592fe4,19942,7.6329,206
79e3dddc,22196,7.6356,206
4f4b1e09,29978,7.6329,299
32ecc8dc,19542,7.6356,206
175c95d6,26426,7.6356,206
4b97e39c,26639,7.6356,206
6e16f76a,29635,7.6247,206
5798f2cc,23757,7.6384,206
9fcca49,23414,7.6384,206
1ed03629,30081,7.6384,299
4aaeb707,20417,7.6384,206
13daa49f,27469,7.6384,206
7c1b8a2f,27407,7.6384,206
63e59afb,24586,7.6356,206
5c4c1f0f,21387,7.6384,206
1a74b645,22401,7.6384,206
3a9e1dd6,27358,7.6384,206
75636a3c,28483,7.6356,206
49eba7f8,26740,7.6384,206
1884b176,21976,7.6384,206
7612e61e,28163,7.6384,206
3ca825a7,24147,7.6384,206
52749a84,26227,7.6356,206
1567f1f2,26580,7.6384,206
660bf371,20723,7.6384,206
46343355,20583,7.6384,206
1e622a45,21563,7.6247,206
54ce80f1,25436,7.6356,206
27770f9b,27934,7.6384,206
40f1857a,29152,7.6384,206
5a8f93cf,21407,7.6384,206
2c5982a0,28767,7.6384,206
4b10b2e5,29834,7.6384,206
548477cb,26010,7.6356,206
72b3877f,29880,7.6329,206
121f470b,18957,7.6329,206
71650a36,27729,7.6384,206
36d14497,23945,7.6384,206
658376dd,28178,7.6329,206
5cd64837,22637,7.6384,206
12d845d6,25080,7.6384,206
2b9b4649,30040,7.6384,299
b841f83,23937,7.6384,206
45fda43a,27089,7.6384,206
2db29491,22082,7.6384,206
434bf6e0,24514,7.6384,206
329359ce,27719,7.6356,206
1ae7f7d2,26129,7.6384,206
5c5815e4,20985,7.6384,206
2348ee03,22797,7.6384,206
6f173b26,19557,7.6384,206
3fa8e07c,29208,7.6411,206
175d936e,27547,7.6411,206
32a1bf30,22157,7.6411,206
56fd7791,19949,7.6384,214
aaaf6a9,19950,7.6384,214
2e2ed632,26363,7.6301,206
5593f67a,28028,7.6411,206
6af49bc7,27073,7.6411,206
570828f7,23521,7.6356,206
fcfeb62,26127,7.6411,206
4525fcc7,19439,7.6411,206
bc17d07,27068,7.6384,206
1d18b318,19357,7.6411,210
6d7cdf22,26833,7.6411,206
14d1e1c8,20169,7.6411,206
7d5c58e,29544,7.6384,206
77cb936,25997,7.6411,206
5f244ab2,29648,7.6411,206
54aa1bbb,27093,7.6411,206
7d7a4d15,23962,7.6384,206
1f2dee85,23837,7.6356,206
62a14608,28019,7.6411,206
6652ee24,27393,7.6384,206
540bde34,28986,7.6411,206
496f151e,19717,7.6411,206
3396a782,29684,7.6411,206
39468370,19966,7.6411,214
513f1356,28779,7.6384,206
20ede49b,20097,7.6411,206
111bc27d,27979,7.6411,206
1c4b9e2d,20487,7.6411,206
35c79b51,22537,7.6384,206
35b86152,26777,7.6411,206
7a41684e,20184,7.6356,206
35864551,23434,7.6411,206
757c1f3a,27024,7.6384,206
796dc09f,21417,7.6384,206
7c680fd7,20147,7.6411,206
d1a0b0c,29687,7.6411,206
2cf0765,28729,7.6411,206
a317b33,22476,7.6384,206
20ee9404,19925,7.6356,206
b52fa28,22381,7.6411,206
1fa13080,28271,7.6411,206
230b9214,27537,7.6384,206
7e14af12,27996,7.6384,206
7f7dbb00,19528,7.6411,206
694ea15f,26123,7.6411,206
162a0550,30545,7.6411,206
4d1d44b8,23078,7.6411,206
5f2a43a0,28576,7.6411,206
548b306d,19433,7.6384,206
43725543,27033,7.6411,206
205e3ea5,19034,7.6411,206
6745a62d,29445,7.6411,206
5b4d8f8,27733,7.6384,206
22ab7472,18338,7.6411,1
2f9114c4,28183,7.6411,206
7e989438,29900,7.6356,206
5dc8f00b,22850,7.6411,206
24391724,26425,7.6438,206
3290053,20701,7.6438,206
39aa7d5a,21564,7.6438,206
23f89acc,19359,7.6438,210
4f1429a0,22366,7.6438,206
4f49389,22420,7.6438,206
6ede6ee0,18999,7.6411,206
917a70d,23295,7.6356,206
7ac13deb,29860,7.6438,206
67a0d6a6,22294,7.6438,206
47e87900,26477,7.6438,206
5a5ca673,29171,7.6411,206
620195c,21528,7.6438,206
1785617a,27465,7.6438,206
4a3c790a,28963,7.6438,206
6ec75dfa,21230,7.6438,206
f33a362,23772,7.6438,206
b97ebfd,22796,7.6438,206
6e234e1c,29888,7.6438,206
34c7bbc2,27390,7.6438,206
60bb182d,29771,7.6438,206
72818feb,29237,7.6438,206
77946b9f,28190,7.6411,206
46fd4a45,29618,7.6438,206
4fede0f3,28336,7.6438,206
772ff353,22740,7.6438,206
9afd48a,23687,7.6438,206
252c1898,21231,7.6438,206
5668eb6,22948,7.6438,206
15db8fa,22643,7.6438,206
ddb4022,22833,7.6438,206
7aa7de97,30732,7.6438,302
3f0af183,27067,7.6411,206
5925404d,18688,7.6411,206
1db27e98,25494,7.6411,206
75dc0244,26369,7.6438,206
3d63608e,24553,7.6411,206
4e376847,30760,7.6438,302
3050ea98,25694,7.6438,206
3829fe32,29685,7.6438,206
407f99a7,20333,7.6438,206
55247dce,19975,7.6466,214
2101a499,22916,7.6466,206
736510f4,26304,7.6466,206
6e52b8f,27029,7.6466,206
1e88092a,22011,7.6466,206
11f3e170,27732,7.6438,206
3aeb3855,22535,7.6466,206
4cd7e8cb,29589,7.6411,206
17eeb315,30092,7.6466,299
38784b34,24913,7.6466,206
5bb2e5fe,19543,7.6466,206
5a061aa9,18725,7.6466,206
28d0cff3,28151,7.6466,206
4a44b7e7,29250,7.6466,206
3acdd636,28773,7.6466,206
301f7470,22798,7.6438,206
7c4efa98,25138,7.6438,206
1675a20d,19232,7.6438,206
52cf1db5,28977,7.6466,206
3d5b7384,18680,7.6466,206
762c2cab,21164,7.6466,206
1ce9533,19508,7.6466,211
7d3d82cc,21093,7.6466,206
57b50a6b,22167,7.6466,206
3114944a,28135,7.6466,206
264aafb7,30175,7.6466,299
37706250,22888,7.6466,206
4869d087,28094,7.6411,206
19100ada,29848,7.6438,206
5d4abb04,18972,7.6466,206
2e0e900d,27713,7.6466,206
226bf1d8,28597,7.6466,206
1ad8157e,26299,7.6438,206
1cb3034a,18329,7.6466,1
3a8bb8ee,27364,7.6466,206
14290943,31016,7.6466,302
222f593,22147,7.6466,206
4efd7d33,19806,7.6466,206
14d4e277,28727,7.6466,206
10f91af4,20774,7.6466,206
4cc67ab9,21546,7.6466,206
697792f7,27867,7.6411,206
5a0302f4,26578,7.6438,206
2758dfa,22878,7.6466,206
38f90149,23769,7.6466,206
7d993cbf,22926,7.6466,206
28acf9d1,30708,7.6466,302
6a7a5a92,28964,7.6466,206
444e107a,28020,7.6438,206
7086a088,28013,7.6438,206
3f2bad38,26813,7.6438,206
73dce85,27779,7.6466,206
33c4d3d8,20782,7.6438,206
7683a7c8,29212,7.6493,206
14a3864d,27824,7.6493,206
7d832bba,19558,7.6466,206
684c6dc1,29123,7.6466,206
4e058e20,28162,7.6493,206
39a2ae7,23432,7.6466,206
b034537,24867,7.6466,206
78a92241,30208,7.6466,299
116b021c,29836,7.6493,206
6fb97116,19443,7.6493,206
64102b45,26564,7.6329,206
834fe66,23922,7.6493,206
368ff832,21887,7.6493,206
27342929,27868,7.6493,206
321cd18,22652,7.6493,206
4ce2ed02,28293,7.6493,206
668e943a,26581,7.6493,206
2f89beb1,21533,7.6493,206
29f2a708,23018,7.6438,206
2436e623,28345,7.6493,206
15def968,24609,7.6493,254
360b99db,29905,7.6493,206
5415c59d,20504,7.6493,206
6863f2f0,29526,7.6493,206
7b770621,22085,7.6438,206
11588dd5,22419,7.6493,206
6b1b8b4e,23570,7.6411,206
5f1d4b13,25461,7.6493,206
a7e5300,31009,7.6493,302
60535174,24616,7.6493,206
3d08e8fa,29238,7.6493,206
61499a9c,21597,7.6493,206
54b90075,24915,7.6466,206
2ca7afb1,30619,7.6493,302
3fa36778,23749,7.6493,206
7efc78eb,22428,7.6493,206
5692dde7,27982,7.6493,206
7b2230d3,22763,7.6493,206
67842d6a,22793,7.6493,206
764fdc0c,22704,7.6493,206
36f24ac7,28063,7.6466,206
2b1db17a,25239,7.6493,206
5c3c5062,24875,7.6493,206
1a95d9f2,23097,7.6493,206
3255a8a4,22996,7.6466,206
1232d910,22468,7.6466,206
36b21de3,30605,7.6493,302
833f417,25559,7.6493,206
3c5df6aa,23568,7.6493,206
38a34268,30088,7.6493,299
1ed80d9a,24508,7.6493,206
95cc11a,18744,7.6466,206
30495e69,22995,7.6466,206
5ae79e3d,23167,7.6411,241
78f5370b,24156,7.6493,206
261f5152,27454,7.6493,206
4bab4f40,29632,7.6521,206
4924109a,26316,7.6521,206
2fd479f5,28476,7.6493,206
7e484e6b,26371,7.6493,206
22011531,24963,7.6521,206
4bc8612b,21921,7.6521,206
47dfb276,23506,7.6521,206
7bd887f0,19164,7.6521,206
51daad27,24802,7.6521,257
59935f0e,25556,7.6521,206
4c50bfd4,30276,7.6521,299
63e50a48,23539,7.6521,206
5c3df6c3,20787,7.6521,206
580acbf6,21930,7.6493,206
8508b99,22716,7.6521,206
1b2284d6,23871,7.6521,206
505e7ab0,29165,7.6521,206
63e60596,29402,7.6521,206
6dbd3767,30791,7.6521,302
62b61a32,21106,7.6466,206
411e772e,30816,7.6493,302
1207102e,21622,7.6493,206
16051b06,27577,7.6493,206
4430f47e,25034,7.6521,260
76a55cd1,29312,7.6521,206
5c09b44b,19572,7.6521,206
62ea49e7,28699,7.6521,206
40f83410,30539,7.6521,206
21bad2c0,21978,7.6521,206
7ab4d3dd,21913,7.6521,206
7da551f2,27156,7.6493,206
6c1f09e1,21136,7.6493,206
5c8ac0f4,30812,7.6521,302
2bd12577,30090,7.6521,299
7c2cdb3e,29159,7.6493,206
6868855b,29140,7.6521,206
745cc0d1,26101,7.6521,206
626f65c2,22935,7.6521,206
40b71e65,20584,7.6521,206
5a58d866,24599,7.6521,206
7636dc2b,27042,7.6493,206
6feef65a,26325,7.6521,206
17d289f4,27443,7.6521,206
b55f880,21433,7.6521,206
4bc2aa45,26579,7.6521,206
179c70b,28798,7.6521,291
5d68729b,19314,7.6466,206
5386d941,28732,7.6466,206
509867ec,26775,7.6521,206
74ad1487,27072,7.6548,206
2aba5a4d,26338,7.6548,206
2a6308d5,28152,7.6548,206
4f4a9009,19791,7.6493,206
5cfe390b,27806,7.6521,283
40eb173f,19871,7.6548,206
72fc9a57,29661,7.6493,206
52232480,21736,7.6548,206
692d86d9,22629,7.6548,206
44b6dc96,24959,7.6521,206
5cfc79d0,28154,7.6548,206
4a446e3a,29124,7.6521,206
4f5a32e5,27864,7.6548,206
3d7a05f4,30085,7.6521,299
ef9603b,21422,7.6521,206
277c972,28373,7.6548,206
6b2b42b8,27039,7.6548,206
75789822,26918,7.6521,206
18c076dc,13374,7.6548,150
244010ef,30084,7.6548,299
41f622e5,19230,7.6548,206
58da081b,27365,7.6548,206
2d1d4a38,29161,7.6548,206
154fb85d,28474,7.6548,206
24c79b5e,22936,7.6548,206
75bdf959,21527,7.6548,206
3faa6f8c,23764,7.6548,206
56859376,22558,7.6548,206
4e7d5f79,25439,7.6548,206
1bc9d7fe,28073,7.6548,206
73ac098a,24962,7.6493,206
6b2961ca,26139,7.6548,206
660970e3,30247,7.6521,299
713b52c,20052,7.6548,206
5230f417,29446,7.6548,206
41435782,24787,7.6521,206
61444951,23716,7.6548,206
7be42a80,30221,7.6548,299
2d55baea,20419,7.6548,206
2e21f9a7,29754,7.6548,206
758544a6,24000,7.6548,206
71ddecd,27578,7.6548,206
46abca19,25256,7.6548,206
47ab2fa6,26721,7.6521,206
36c88586,27046,7.6548,206
6c2219f5,29099,7.6521,206
85d2d35,30544,7.6548,206
4def3917,27059,7.6521,206
1210e478,30692,7.6548,302
6086b709,26417,7.6521,206
1c17e75d,20756,7.6438,206
28044249,26713,7.6575,206
3da25015,21186,7.6575,206
68c98657,28014,7.6575,206
4b47b91c,20707,7.6575,206
415bac37,23830,7.6548,206
6ed67ef1,30266,7.6575,299
4a89a642,28497,7.6521,206
3c707956,28807,7.6575,206
465c05,19435,7.6575,206
20d650fb,23786,7.6575,206
7daa93e6,30546,7.6575,206
7a1681a7,28043,7.6575,206
4513ed7a,23308,7.6575,206
57503cab,28568,7.6575,206
6cab563a,26741,7.6521,206
7ecca004,21974,7.6575,206
4e7c7f4a,21036,7.6575,206
6cec2496,29821,7.6575,206
76701ddd,26962,7.6548,206
6a3b4e97,21457,7.6575,206
3c58921f,19536,7.6575,206
4d1e0aa3,28689,7.6575,206
270fc910,22101,7.6548,206
28f55de1,30173,7.6575,299
5f00bf37,21928,7.6575,206
6fff0db6,25277,7.6548,206
174fb23c,26020,7.6575,206
4e51ae8c,23768,7.6548,206
a7ca4f,26570,7.6575,206
14f24976,22168,7.6575,206
67aebfa3,21264,7.6548,206
1694fbe7,24960,7.6575,206
37774e3,30037,7.6575,299
373e2c30,26655,7.6575,206
7750f7d5,26969,7.6575,206
2caebdc0,20983,7.6575,206
64d2c9e,25560,7.6575,206
6943e8e3,21449,7.6575,206
2a250e89,20260,7.6575,206
5f9d6cfd,21150,7.6575,206
2c9a4b42,23388,7.6575,206
9e4da62,29252,7.6603,206
1472f25e,23980,7.6548,206
440e72bd,23921,7.6603,206
620004c3,28565,7.6603,206
60531f4c,26673,7.6603,275
155f477f,26649,7.6603,206
1d0e79ce,26609,7.6603,206
7f4a40b0,29567,7.6603,206
392adf62,21261,7.6575,206
71b996a,24948,7.6603,206
75c6d6a6,29889,7.6603,206
1b6811d9,28979,7.6603,206
360a9dc4,30105,7.6575,299
6d8182a6,30117,7.6603,299
2eb11a56,30289,7.6603,299
750c2080,18747,7.6548,206
178a7758,20310,7.6603,206
767f53bd,18328,7.6603,1
3b6fa741,27376,7.6548,206
50ba948e,21278,7.6603,206
44a6a639,29566,7.6603,206
d23942,19450,7.6603,206
cbc705e,29130,7.6603,206
6bd2fbc6,19838,7.6603,206
8a68ba3,22050,7.6603,206
79c073e0,21547,7.6603,206
68c95db3,30856,7.6603,302
718fe74,23042,7.6603,206
3bdf96a7,29262,7.6603,206
417abd4f,28506,7.6603,206
1afd964d,30082,7.6575,299
63fc4416,26019,7.6603,206
23d7fd43,30206,7.6603,299
647a2d30,23472,7.6575,206
5be8d597,25438,7.6603,206
70fe7435,27340,7.6603,206
71a352c8,21609,7.6575,206
9935a03,23938,7.663,206
6d82945a,22109,7.6575,206
58243777,28052,7.663,206
5bf8bf9a,28203,7.663,206
3026833f,28015,7.663,206
49ffe125,22156,7.6603,206
5ac17126,30268,7.663,299
3019e8e2,19249,7.663,206
22e76c7d,28552,7.663,206
1307df0,28690,7.663,206
2e039514,21629,7.6603,206
2a38c490,26868,7.663,206
1cf8ee3b,22646,7.663,206
63d95bbe,18717,7.663,206
51c0d9e4,20312,7.663,206
3db08b08,29180,7.663,206
4c94feeb,26364,7.6548,206
666233b3,26447,7.663,206
4f4f906a,27062,7.6603,206
18176f9e,26490,7.6603,206
21464f5f,25862,7.6575,206
56ce0f6f,18716,7.663,206
6531191c,28072,7.663,206
65a28dd3,19362,7.6603,210
7e05a130,22467,7.663,206
46f9f1bb,21739,7.6603,206
5556728c,22715,7.663,206
7345aa3e,22177,7.6603,206
1ed1a4b3,20789,7.6603,206
5a5bb966,26001,7.663,206
172cfafb,23482,7.663,206
71883880,22529,7.663,206
2fc268d5,21595,7.6575,206
3ca5b5a2,24405,7.663,206
4cae6bef,23826,7.663,206
7c5206c2,21932,7.663,206
27942cea,27326,7.6603,206
406a4d5d,21312,7.663,206
5173f857,23134,7.6603,206
6a8a353e,26418,7.6603,206
6e3d0085,22134,7.6575,206
2b57f96,21435,7.663,206
16a0c98a,21305,7.6603,206
1027ca38,19431,7.6603,206
5ed8392b,23052,7.663,206
5867235d,25647,7.663,206
7107be08,23152,7.663,206
5f5fdc1a,24282,7.6603,206
40d1b7bb,30693,7.6658,302
214d0937,27539,7.6658,206
5d8db762,29852,7.6658,206
6d7614e8,23125,7.6658,206
4ce8aa50,19427,7.6603,206
149a019,22608,7.663,206
488405b6,22487,7.663,206
1588891a,30098,7.6658,299
1c3b0bd1,24966,7.6658,206
50be3927,26835,7.6658,206
4a811237,24015,7.6658,206
387f2f33,26809,7.6658,206
696eb17f,29415,7.6658,206
2d4f4a00,27520,7.6658,206
c99298f,28068,7.6658,206
4d5e9998,28353,7.6658,206
51272c05,26834,7.6658,206
6ef736b,21716,7.6658,206
43ffe768,29724,7.6658,206
7a5424d6,22603,7.663,206
127b689d,14136,7.6658,150
6ff23592,29645,7.6658,206
538a4ba3,23050,7.663,206
823a790,26743,7.6658,206
1156c639,28910,7.6658,206
41d50989,28029,7.6658,206
3ff5fa84,18997,7.6658,206
3e23798a,25475,7.663,206
2ba946f9,29896,7.6658,206
42d98b44,28696,7.6658,289
52687841,29688,7.6658,206
77a2a4af,24977,7.6658,206
16ddaa2c,25035,7.6658,260
18d08018,27076,7.6658,206
3569c603,24126,7.663,206
1cfab84,21553,7.6658,206
9eb4933,20927,7.6658,206
6b8e137d,28133,7.6658,206
10f948ea,20763,7.6658,206
7f55b62d,29142,7.663,206
5e9f813f,21468,7.6658,206
c35daad,26784,7.6658,206
5fc4a8c9,27534,7.6658,206
444a4db7,25648,7.663,206
1e2ef3cc,27139,7.663,206
3c6ca216,21881,7.6658,206
4694d7b2,26005,7.6658,206
50251d22,22224,7.6685,206
39fc3479,24650,7.663,206
60595d42,22559,7.6658,206
102fbc,26576,7.6685,206
78a4fe91,26571,7.6658,206
20234200,21565,7.6685,206
abab80b,19901,7.663,206
bd61b2f,23778,7.6658,206
54593cb2,28570,7.6685,206
6e50577b,22448,7.6658,206
743acf0d,23709,7.6658,206
31f5d05a,29413,7.6685,206
239dc433,21287,7.6685,206
a41ba28,25747,7.6685,206
23c05b90,27328,7.6685,206
17e0bb7e,19350,7.6685,210
7b67cd76,19647,7.6685,212
648fa540,30279,7.6685,299
6398c303,18689,7.6685,206
7131af45,27754,7.6685,206
2b39293d,30817,7.6685,302
611599e8,28177,7.6685,206
34f8d068,21446,7.663,206
2d44c612,27444,7.6685,206
8e18862,21554,7.6685,206
5f56bbb7,19633,7.6658,206
745655bc,23218,7.6685,241
7d56652d,27795,7.6685,206
65fb0ce,29762,7.6658,206
da09241,26687,7.6685,275
986b90f,29713,7.6685,206
4fbbf636,29893,7.6685,206
3499f6cf,20608,7.6685,206
3d225887,29245,7.6685,206
281c64d8,26619,7.6685,206
150c0ed,30532,7.6658,206
114a9cb7,26650,7.663,206
6a9e2fdf,23130,7.6685,206
45d7a46b,22416,7.6685,206
42874394,22611,7.6685,206
7edd057,22657,7.6658,206
1c96e7a2,30280,7.6712,299
641afca7,22764,7.6658,206
1c799853,26033,7.6712,206
757f9ce3,23233,7.6712,241
5effce19,23209,7.6685,241
6d33fea5,28101,7.6712,206
1b6cd797,28199,7.6712,206
3d584850,28021,7.6712,206
3449439c,20728,7.6712,206
6f00f42f,26601,7.6712,206
1466cc0a,26662,7.6685,206
6652cef5,22417,7.6712,206
193710a7,22645,7.6658,206
671ce5be,26546,7.6712,206
45b873cb,28566,7.6685,206
356d28ef,27413,7.6712,206
147eb4cd,26799,7.6712,206
14cf82e9,24077,7.6712,206
2c50dc32,26030,7.6685,206
12ef8d90,19651,7.6685,212
4e99f572,23106,7.6685,206
1d1bf105,27601,7.6712,206
2f20f8b0,28325,7.6712,206
4790ef77,27865,7.6685,206
297d6918,23968,7.6712,206
58fdeceb,22283,7.6712,237
28ce3b20,26867,7.6712,206
3b3f1,29547,7.6685,206
240c98dd,26419,7.6712,206
40281fd1,19375,7.6603,210
2df8b65,28598,7.6658,206
5b11b725,25692,7.6712,206
46101b8d,20296,7.6712,206
46c64209,20960,7.6685,206
383c7d17,21447,7.6712,206
6e425daa,28653,7.6712,206
28c8ef9c,27493,7.6685,206
5cea3686,22335,7.6712,206
7653cc9,28413,7.6712,206
7bb68e82,26602,7.6712,206
146d2a67,21914,7.6712,206
19be606a,29074,7.6712,206
379394e0,26836,7.6712,206
781ede0e,23109,7.6712,206
29ed8f47,24148,7.6712,206
5dded78,26394,7.6685,206
26b2e905,19504,7.6712,211
3f6e6ee4,27504,7.6712,206
6f8a6099,27467,7.6712,206
4495dd1c,28929,7.6712,206
4a75852e,28459,7.6712,287
20290735,26166,7.674,206
25d7f323,22944,7.674,206
1c1b2501,14128,7.6712,150
760c76a3,23115,7.674,206
54ea65cb,30618,7.6712,302
1036c1b9,25592,7.6712,206
784e6c25,28046,7.674,206
3d386d00,29856,7.674,206
2814ad6a,23126,7.674,206
6638335b,26693,7.6685,275
5c25d4f5,21529,7.674,206
e099ad8,19792,7.674,206
5adf078,22790,7.674,206
7b83dda0,19436,7.6712,206
76714047,22688,7.6712,206
34eccb0b,29662,7.6712,206
5e28d3de,26734,7.674,206
3ba37b66,27091,7.674,206
50a8ea5d,26588,7.6658,206
472c772d,26094,7.674,206
1db81739,20075,7.6685,206
15ca4850,19575,7.6712,206
de4cf14,22115,7.674,206
7235d18f,28936,7.674,206
61db0200,23225,7.674,241
2dbcfd85,22686,7.674,206
98d7200,27097,7.674,206
4ec223a9,27711,7.674,206
6575d90a,19274,7.674,206
2a7570ae,27857,7.674,206
45eaa954,28059,7.6712,206
2fef50f4,21555,7.674,206
6091a221,22141,7.674,206
4d102a7b,28851,7.674,292
5b3c5d19,22653,7.674,206
1290971b,27188,7.674,206
6719f517,24264,7.674,206
54e9f5b9,21310,7.6712,206
59e6a1ca,27808,7.674,283
c5b22f2,21526,7.674,206
40d492f0,19559,7.674,206
566aedbe,26714,7.674,206
7d11c915,25476,7.674,206
5a0ceb3f,30246,7.674,299
3a6efe48,25073,7.674,206
6ff71745,27531,7.674,206
bd04b59,29261,7.674,206
ad65080,30762,7.6767,302
4787732c,26599,7.6767,206
101d19a6,18985,7.6767,206
191e127f,26667,7.6658,206
21f4038c,22174,7.6767,206
5d160a8d,29898,7.6767,206
253ee8a0,21118,7.6767,206
4cda8b92,30694,7.6767,302
4db309e6,30281,7.6767,299
209c30bf,26678,7.6767,275
7235b7e4,28277,7.6767,206
6a2b242b,20792,7.6767,206
3f82fcb1,27843,7.6767,206
7eda3a36,23770,7.6767,206
218f389e,30309,7.6767,299
55559b09,23746,7.6767,206
12364af8,29787,7.6767,206
3af94b7b,28379,7.674,206
c7e7092,19315,7.674,206
18f47ffd,21607,7.6767,206
15ddcd98,22930,7.674,206
4dce4c75,24925,7.674,206
6d8faebe,29768,7.6767,206
1ddd92e7,28626,7.674,206
2050efb6,25693,7.674,206
c7423f4,24973,7.6767,206
66973dc9,27735,7.6767,206
e42cfd6,26600,7.6767,206
357beff8,25166,7.674,206
5905788a,26031,7.674,206
49efd74a,30277,7.6767,299
1d513cc9,22178,7.674,206
38d43e3a,20750,7.674,206
58f83cff,27473,7.6767,206
71dbcc72,18760,7.6767,206
6772359c,26711,7.6767,206
15c1c0d0,27545,7.6767,206
22a300a5,29106,7.6767,206
3b1fdf25,23653,7.674,246
4db7d30f,21966,7.674,206
56eb5d29,25893,7.6767,206
6cf7c979,26135,7.6767,206
29d4d535,22425,7.674,206
5a0844ab,21601,7.6767,206
568658d6,20431,7.6767,206
48d291a4,24914,7.6767,206
3a53a946,27027,7.674,206
4e8ff7e,23029,7.6795,206
b9affab,22752,7.6795,206
13afcf6f,19370,7.6795,210
770b6524,21260,7.6795,206
345b67b4,30093,7.6795,299
68e0b133,23470,7.6795,206
23b150a9,19442,7.6767,206
559dff7,19537,7.6795,206
29d7b83d,24712,7.6767,206
191a50ad,21037,7.6795,206
46de0c74,23089,7.6795,206
2bda54b5,28130,7.6767,206
39409ddf,29160,7.6795,206
60b7805e,27197,7.6795,206
74b5ca25,22932,7.6795,206
423ed56b,26093,7.6795,206
3b385e65,29796,7.6795,206
67519c2c,27734,7.6795,206
3d6f8601,22836,7.6767,206
94e994a,28193,7.6795,206
707c3570,29575,7.674,206
1ba777af,19661,7.6795,206
5ab9a554,27198,7.6795,206
2b7b24b2,29797,7.6795,206
27c0e380,22654,7.6795,206
368695bd,30733,7.6795,302
1b8124b,30475,7.6795,299
21c43d1f,29235,7.6767,206
4c567f05,19275,7.6822,206
23ed6fe7,26288,7.6795,206
51950fb9,27538,7.6822,206
5b9be038,22924,7.6822,206
10fe758a,21525,7.6822,206
2f18de24,21825,7.6822,206
2f4290ea,24789,7.6767,206
57602ff5,22800,7.6795,206
530d9e2b,30118,7.6822,299
10d28e4f,28935,7.6822,206
1984e879,23852,7.6767,206
580859e5,19429,7.6822,206
21996d9a,29717,7.6822,206
59e73438,28455,7.6795,206
42a80e06,29861,7.6822,206
460c40ea,19490,7.6822,206
9339e6,26603,7.6822,206
5c51eebf,20722,7.6822,206
38e6b343,25743,7.6822,206
36cead12,21251,7.6822,206
34944df3,29897,7.6822,206
103b409b,31230,7.6795,302
43cc7035,23016,7.6822,206
29f363,29649,7.6822,206
16c4cd40,19503,7.6822,211
5c31789b,22046,7.6822,206
7cdce6f0,21683,7.6822,206
78892522,30100,7.6822,299
33a1a0e3,21658,7.6795,206
3bfc51a,22647,7.6795,206
50e6ab07,21737,7.6822,206
549d8056,19518,7.6795,211
4f6d0753,28053,7.6822,206
71f510e5,18998,7.6822,206
c1f9cd4,28725,7.6822,206
34383231,26095,7.6822,206
1348ec7a,28075,7.6822,206
4ae3b4ce,23202,7.6822,241
65ba5924,22720,7.6795,206
34296f6f,27074,7.6849,206
3aea787a,25523,7.6822,206
4f367cac,22714,7.6849,206
1bc9720c,29155,7.6849,206
4cdbf07f,22450,7.6849,206
251b7836,21452,7.6849,206
59b4a325,30170,7.6822,299
9bdf30d,26321,7.6849,206
1a76b24d,19227,7.6822,206
64d2a3fd,30606,7.6849,302
180389c9,25569,7.6849,206
7e40345f,29150,7.6849,206
5d47f00b,19722,7.6849,206
510b0500,28022,7.6849,206
20379997,25483,7.6767,206
247e1199,27421,7.6849,206
62010fcd,22805,7.6795,206
5be33b85,26776,7.6849,206
524916fc,25474,7.6849,206
4e2ed603,23436,7.6849,206
1a08f486,21933,7.6849,206
5875cb51,30684,7.6849,302
5299487d,29168,7.6849,206
4211d855,26355,7.6849,206
48118cfc,23127,7.6849,206
7ab780da,27494,7.6822,206
1d6a6ac0,25507,7.6822,206
27c6e7ce,21259,7.6849,206
3de58f18,31366,7.6849,302
519f9f24,22736,7.6849,206
4efa9cd0,27114,7.6849,206
1d802632,22741,7.6822,206
43207812,27527,7.6849,206
5bf7c408,29996,7.6822,299
4b9fb02f,21883,7.6849,206
66d460c7,30531,7.6849,206
7a796b99,30038,7.6849,299
72c6c484,19379,7.6849,210
1fcb375a,24158,7.6849,206
2963e244,20777,7.6849,206
89f632,20176,7.6849,206
6c747df7,28417,7.6822,206
5de0f643,26376,7.6849,206
1bd77b42,29646,7.6822,206
2d10dbbe,27077,7.6795,206
6244802e,29487,7.6795,206
38cc20cb,26970,7.6849,206
18e141fb,18327,7.6822,1
1d6a937a,20764,7.6877,206
7d8c8da3,24404,7.6877,206
3387a472,18681,7.6877,206
7e80c17e,24946,7.6849,206
750407dc,22225,7.6877,206
2c97bbcf,23471,7.6822,206
3e6bc93f,25362,7.6877,206
30415eb4,29272,7.6877,206
652e9587,22931,7.6877,206
74f6032e,25889,7.6877,206
14b41ebe,23417,7.6877,206
2eba5662,25129,7.6849,206
45054f31,24135,7.6877,206
32b8304,28498,7.6877,206
3fa96c9f,30857,7.6877,302
7b82f737,26985,7.6877,206
4f774717,23760,7.6849,206
330201dd,29906,7.6877,206
47bb5eb6,20793,7.6877,206
2b6c2239,21942,7.6877,206
5ed687bc,23182,7.6849,241
7df96952,25748,7.6877,206
602ac6b5,29558,7.6849,206
2a9d4d63,20508,7.6877,222
409cc4eb,25531,7.6877,206
76999653,22356,7.6767,206
16e3c28f,28697,7.6877,289
4030e95b,21531,7.6849,206
6526b,22426,7.6877,206
269b751c,28149,7.6849,206
1c0a5492,30480,7.6904,299
5b370c79,21515,7.6904,206
58d86184,30734,7.6904,302
6990887e,22197,7.6904,206
145e33c5,22721,7.6904,206
5a3e5b18,29725,7.6877,206
3909d0e2,30205,7.6904,299
3192ad8d,25477,7.6904,206
798d3ca4,29868,7.6904,206
18c5974b,22119,7.6904,206
195cd63c,30094,7.6904,299
6e259b35,28582,7.6904,206
19b1370,26561,7.6904,206
25c1380b,23823,7.6904,206
7fbd4d67,25282,7.6904,206
5ad3e7b9,19448,7.6877,206
18ed33e5,23901,7.6904,206
41b4a31b,23113,7.6904,206
6d99ca46,30248,7.6904,299
3165b9b5,18714,7.6904,206
28320663,26749,7.6904,206
59316a9b,30312,7.6904,299
3d79b6dd,29562,7.6904,206
1e1190ce,28507,7.6904,206
26a88c71,21116,7.6904,206
741f4f8d,29569,7.6904,206
4a0d08d,26963,7.6795,206
2df81087,25695,7.6877,206
16a5a737,21618,7.6904,206
5c84c091,25998,7.6904,206
748c7a96,30174,7.6904,299
7a6130ad,26362,7.6877,206
62917fc1,25450,7.6904,206
7847b3d4,23544,7.6904,206
3019cffe,30039,7.6904,299
43602ff4,19708,7.6877,206
15151ac0,26949,7.6932,206
542fb5c4,23641,7.6849,206
273803b4,26130,7.6932,206
6224dd94,28571,7.6932,206
207941ab,30761,7.6932,302
9d151f5,25593,7.6932,206
6e93d6d8,21458,7.6904,206
1547def3,29665,7.6932,298
2a1f6ee3,20300,7.6932,206
4afbe7c3,28623,7.6932,206
40810612,27612,7.6932,206
7a274b3f,22644,7.6932,206
435cb90e,28942,7.6932,206
338982ab,27415,7.6932,206
62308a4f,29723,7.6932,206
68a7811f,26026,7.6904,206
2a49a18d,21467,7.6904,206
c7be903,29765,7.6849,206
7318aefd,21436,7.6932,206
159c2023,31351,7.6932,302
6f906c5c,19451,7.6932,206
723eaed4,20796,7.6932,206
21de7261,27087,7.6932,206
17875fe1,21453,7.6932,206
3c0dbe3a,27855,7.6932,206
63eef80a,27853,7.6932,206
64a1a2ad,29156,7.6932,206
363e8922,20771,7.6904,206
1b6ba053,29103,7.6932,206
fd1259c,22549,7.6904,206
668c4a01,28291,7.6877,206
2439a86b,23222,7.6904,241
323f9d67,30091,7.6904,299
6216ed87,24954,7.6932,258
64edc99c,21594,7.6932,206
5b140308,27532,7.6932,206
55dc62fe,23373,7.6904,206
60354b42,30259,7.6932,299
926dddf,25859,7.6932,206
6f802a9,27196,7.6932,206
5c0963a9,20790,7.6932,206
5622f09d,29640,7.6959,206
1c07ce40,24316,7.6959,206
2370203a,30820,7.6959,302
34f30bd6,28456,7.6959,287
7514b3cd,27206,7.6959,206
574306e1,25513,7.6959,206
75108dc3,24565,7.6959,206
5911950c,26610,7.6959,206
94bdf38,26760,7.6959,206
4670a4fe,29113,7.6959,206
37ff4766,22175,7.6959,206
62131d60,26958,7.6959,206
35f6ac05,30730,7.6959,302
7662b911,28656,7.6959,206
3beb04cc,28102,7.6904,206
4169e6cc,23310,7.6959,206
7bfea59e,29468,7.6959,206
41fffc60,23230,7.6959,241
1b82e584,30576,7.6959,206
22366f7f,30585,7.6959,302
4198c291,22807,7.6959,206
4fc913e8,27194,7.6932,206
716bfa8d,27445,7.6932,206
60b73e48,21295,7.6959,206
6af949dd,29853,7.6932,206
7635d86c,19529,7.6959,206
7256d067,26356,7.6959,206
67bcf485,21608,7.6877,206
60ededc9,28796,7.6959,206
4efcdccb,29969,7.6959,299
1760ee22,30254,7.6932,299
17783897,26562,7.6959,206
18740c14,26982,7.6959,206
30c69155,24983,7.6959,206
20476891,27205,7.6959,206
76ad508e,23372,7.6932,206
4e01e6e3,20193,7.6959,206
4ac98a4f,27501,7.6932,206
36fe8c2e,22561,7.6959,206
7493945,23234,7.6959,241
51d16067,21418,7.6986,206
4de463f3,27602,7.6959,206
c13a252,21146,7.6986,206
a8eda6d,22554,7.6986,206
1da10596,29917,7.6986,206
50864103,25442,7.6986,206
77b49160,28079,7.6986,206
3e134b1b,29118,7.6986,206
62337b0b,29963,7.6986,299
64e6980b,21623,7.6986,206
2f037fb9,30476,7.6959,299
53a29586,26745,7.6959,206
314e58a8,23085,7.6986,206
15a19609,19233,7.6986,206
216bddb3,23468,7.6986,206
4a42ee61,26096,7.6986,206
66a272bd,29718,7.6959,206
25eafdd9,29552,7.6986,206
3ce236b3,23389,7.6986,206
431bf2d9,21469,7.6986,206
762667a9,25649,7.6986,206
36d9579d,22849,7.6986,206
44af70aa,23039,7.6986,206
69d59122,21866,7.6986,206
75c43bfb,19963,7.6986,214
9ddef61,20159,7.6986,206
3648e4d0,28150,7.6986,206
3fe1cd48,22700,7.6986,206
73512fba,19635,7.6986,206
271ec9c8,29260,7.6986,206
415e9cad,26786,7.6986,206
30c19e32,26128,7.6986,206
12242a44,31017,7.6959,302
4a975b6f,30518,7.6986,299
1b969b7c,29205,7.6986,206
2e98c757,26689,7.6932,276
1214fcb8,26171,7.6986,206
622881b6,30086,7.6986,299
4d4aabf4,20133,7.6986,206
87e25aa,29206,7.6986,206
25006f75,23168,7.6986,241
10c4a651,29870,7.6986,206
6a540fb0,24423,7.6986,253
3647b0ce,29114,7.6986,206
2ecab8f9,30477,7.7014,299
8970192,26895,7.7014,206
6e1325b8,23053,7.7014,206
3d54d8ff,28510,7.6959,206
361ede5b,24870,7.6986,206
4d68b511,22589,7.7014,206
7d43a6bf,19344,7.7014,210
664b1ac8,27861,7.6986,206
26e7ec5c,19441,7.7014,206
32d4b6b2,23933,7.7014,206
2eaf05ac,26732,7.6986,206
232640d4,27095,7.7014,206
4eb92898,30695,7.7014,302
709ae6dd,30617,7.7014,302
6986719e,26172,7.7014,206
3f529b67,29997,7.7014,299
382889fd,22094,7.7014,206
19deb790,26778,7.7014,206
1fa33c2b,28088,7.6959,206
45f3a4c0,26715,7.7014,206
6ed196ba,22591,7.7014,206
195c8ce4,27852,7.6986,206
124a9dfc,30793,7.7014,302
148ea9fa,27232,7.7014,206
4c03da0f,21038,7.6986,206
4e6624cb,29667,7.7014,298
2e85f173,22122,7.7014,206
68e63c22,29611,7.7014,206
94689bd,29210,7.7014,206
76b9ee67,24872,7.7014,206
5bc7f938,29257,7.7014,206
5a48955a,20772,7.7014,206
316a51d,21140,7.7014,206
c8ce113,29253,7.7014,206
3e20dfa3,22123,7.7014,206
5a4aff66,26607,7.7014,206
44364330,29141,7.6986,206
723e38e6,22071,7.7014,206
4a5b2cc5,25515,7.7014,206
47674b27,22524,7.7041,206
31beaf38,26865,7.7041,206
32c448e1,27140,7.7041,206
21ea7778,22777,7.7041,206
5ca93e11,27128,7.7041,206
182a9dd3,28657,7.7041,206
8b95d77,28701,7.7041,206
4b5e6390,28060,7.7041,206
7a9abaaf,27871,7.7041,206
6fd65a5b,18761,7.7041,206
2d24674f,28201,7.7041,206
235e9677,22989,7.7041,206
61ce258e,21298,7.7041,206
4e2eb4da,24803,7.7014,257
13f73bc6,26825,7.7041,206
44cdeae1,28294,7.7041,206
39d4b708,30794,7.7041,302
54bf55a3,27804,7.7041,283
6f0ca38a,26605,7.7041,206
450f9ca6,26547,7.7041,206
6ebefc04,28700,7.7041,206
7c985b3a,26642,7.7014,206
4082be3d,26175,7.7041,206
4a184554,25462,7.7014,206
734b0a1d,29690,7.7041,206
6a0c96ac,22925,7.7014,206
3faaae86,22937,7.7014,206
3269dd2a,19083,7.7014,206
37107ec2,23079,7.7041,206
1ca091df,26988,7.7014,206
1297dd11,23948,7.7041,206
78238f5b,22035,7.7041,206
c0243b9,26812,7.7041,206
4cf118f3,29219,7.7041,206
54c746db,21189,7.6932,206
326959d7,26124,7.7014,206
78947607,23212,7.6986,241
1c296719,29239,7.6959,206
585bd2ef,22909,7.7041,206
3644b6a1,25352,7.7041,262
79456ce4,30095,7.7041,299
6d3bca20,26674,7.7041,275
3a7d6931,28251,7.7041,206
dfaaf13,22722,7.7041,206
3c37183b,24016,7.7041,206
2f5550a2,30496,7.7041,299
1c0ce5a2,21395,7.7068,206
4d6923f3,25908,7.7068,206
1a054ca,26746,7.7068,206
491b0ca5,28418,7.7041,206
5de9cf26,19620,7.7068,206
4788b9cf,28089,7.7068,206
4cce9564,27995,7.7068,206
371448aa,27343,7.7068,206
428bf1d5,29269,7.7014,206
33e69300,25888,7.7068,206
2209cffd,22166,7.7068,206
1a540b6d,29073,7.7068,206
3156cc77,29851,7.7068,206
f105195,21316,7.7068,206
2d9680b0,21182,7.7041,206
869ade4,29785,7.7068,206
64f3ed33,18337,7.6959,1
874e1b8,28206,7.7041,206
4b9856b9,21726,7.7068,206
643a4fef,24346,7.7068,206
5ec68da3,26479,7.7068,206
5357e317,28828,7.7068,206
16946214,21032,7.7068,206
63236c,22834,7.7068,206
6df59f80,26964,7.7068,206
f6c6396,27014,7.7068,206
734ac08,29144,7.7068,206
6b97b8a2,23077,7.7068,206
5e26e306,30709,7.7041,302
47184bf4,30257,7.7068,299
2d0b0997,26025,7.7041,206
1fee6edd,22655,7.7068,206
3d18d5c4,19551,7.7068,206
34dceebe,30314,7.7068,299
6b1c386d,23181,7.7068,241
2cbc8db,29172,7.7068,206
5fa6e8a7,30041,7.7068,299
6e3fd6d9,28992,7.7014,206
15f2982f,22837,7.7068,206
1f2715ac,27575,7.7096,206
7082019f,29116,7.7068,206
43f68b83,28211,7.7096,206
2e8be316,23418,7.7068,206
53ef143a,24978,7.7096,206
525ddd88,19640,7.7068,206
75f0281a,25864,7.7068,206
2ad1fb4,21745,7.7096,206
2948851f,29607,7.7096,206
1545ac23,22742,7.7096,206
55a6b095,27980,7.7096,206
6101f669,30432,7.7068,299
52d059b,27851,7.7096,206
5b1ec5a,18748,7.7096,206
bbb1542,26838,7.7096,206
5d6ed5ff,29612,7.7041,206
66b61957,21852,7.7068,232
5e2a9516,20098,7.7096,206
30f69204,21604,7.7096,206
63b4805d,27736,7.7096,206
4b0ab5fd,30069,7.7068,299
359e51dd,23853,7.7041,206
3f16f05d,29275,7.7096,206
3bf42309,22854,7.7096,206
7c85ea42,19355,7.7123,210
3b524cb6,21033,7.7096,206
334ed799,29314,7.7123,206
29b85692,21931,7.7123,206
7a3c7e1d,29570,7.7123,206
5322ba10,27065,7.7123,206
5a33b57,21104,7.7123,206
750d25a5,23047,7.7068,206
16955df2,21621,7.7123,206
7d729574,25308,7.7123,206
6427d051,24984,7.7123,206
229314ff,26572,7.7123,206
1e55a792,20439,7.7123,206
77e55819,28096,7.7123,206
2d1abbec,29259,7.7123,206
1794765c,28194,7.7123,206
65f8efcf,28688,7.7123,206
24ce2a0b,22633,7.7123,206
18b9a0a,23040,7.7123,206
35193af1,22885,7.7123,206
60d2d02b,27344,7.7096,206
2d717169,29184,7.7123,206
70f7e507,30705,7.7123,302
cc5875a,26620,7.7123,206
7a605d61,25055,7.7096,206
5c3c817d,22105,7.7123,206
13ac8820,20170,7.7123,206
33732258,21948,7.7096,206
2840d89e,27845,7.7096,206
4b00fa02,27125,7.7096,206
738fbd76,21973,7.7096,206
415d6af,27098,7.7068,206
4f975ca4,22687,7.7096,206
2ede5597,28080,7.7123,206
62c27aa4,25570,7.7123,206
6ca81f87,22765,7.7096,206
46a21c13,30537,7.7123,206
1a8c9bbd,27345,7.7068,206
6beac512,22697,7.7123,206
4792abcf,27495,7.7151,206
110675aa,23394,7.7151,206
6fa95544,23213,7.7151,241
5f9fefab,22938,7.7151,206
52d6dff6,24143,7.7123,206
2ae3b4c6,28210,7.7151,206
48cab0,30255,7.7151,299
22c14436,29656,7.7151,206
ea516e1,23276,7.7151,206
767365f,19634,7.7151,206
63aa602a,26147,7.7123,206
25f13ba5,22943,7.7151,206
d392bd9,28624,7.7151,206
795a8c72,19579,7.7151,206
335231ef,21947,7.7151,206
3c9bc9f,22053,7.7151,206
2f499350,26707,7.7151,206
4b643bf,27035,7.7151,206
6bea1283,21430,7.7123,206
2444298a,21943,7.7151,206
49159b58,21147,7.7151,206
7f6eba1,25917,7.7151,206
64462b1c,22304,7.7151,206
5f83531d,23805,7.7151,206
3a29dcee,26651,7.7151,206
a3283e9,22910,7.7151,206
5f795778,27034,7.7151,206
1aa7fc31,24928,7.7123,206
6e9d8d27,27228,7.7151,206
702e66d6,22104,7.7151,206
38d83185,27063,7.7151,206
65792d3c,28502,7.7151,206
409a13d6,25479,7.7151,206
42ec4a57,22997,7.7151,206
41778c0a,23574,7.7151,206
6dcb49d5,29655,7.7151,206
7ddfe319,25295,7.7151,206
5d41a007,30744,7.7151,302
202b6079,22905,7.7151,206
7cd1fab0,22228,7.7178,206
586d4ba2,30042,7.7178,299
17990048,30610,7.7178,302
45cd25ad,27117,7.7178,206
3e9ebdc5,30691,7.7151,302
61da711e,18719,7.7151,206
1300730a,24856,7.7151,206
6065e8,26694,7.7178,275
3f4cdc8a,20299,7.7178,206
922f19f,25999,7.7178,206
121cf7c1,30571,7.7178,206
74772e33,29411,7.7178,206
4697e322,25281,7.7178,206
4cc8cbf1,27453,7.7178,206
561f50d9,21151,7.7178,206
f6e7e1c,29294,7.7178,206
201b907a,26790,7.7178,206
327f51c3,25580,7.7151,206
4225df74,21081,7.7178,206
3b52bae1,20462,7.7151,206
26083805,25562,7.7178,206
1767bcca,30620,7.7178,302
6b05aea4,26289,7.7151,206
3c608321,21975,7.7178,206
73702cf,19381,7.7178,210
291c257a,31358,7.7151,302
73120769,28461,7.7178,287
872652d,28723,7.7178,206
3374d7f,21188,7.7178,206
4501a333,21918,7.7151,206
7a1fe026,21742,7.7151,206
32e03dea,24965,7.7151,206
b85d27c,22998,7.7178,206
4355f004,26608,7.7178,206
197ce226,26658,7.7151,206
464e2698,29955,7.7178,299
3a1468f0,30195,7.7151,299
75725cd6,21254,7.7205,206
50416636,26726,7.7205,206
3cf879ea,29268,7.7205,206
b35f20b,21863,7.7205,206
6cc68b57,30188,7.7205,299
64771198,30706,7.7205,302
376d202f,27057,7.7178,206
48252801,27796,7.7178,206
6c243ea4,24600,7.7205,206
34e09c44,30685,7.7205,302
6a52aeaf,29213,7.7178,206
bd6f6c4,25588,7.7205,206
464a3804,28953,7.7205,206
76788e35,31258,7.7205,302
2aa15232,25594,7.7178,206
9207183,25414,7.7151,206
35fcc6b5,28611,7.7178,206
22614216,20469,7.7205,206
10da7949,27130,7.7178,206
1a7cbeb8,24153,7.7205,206
5041d6c6,26718,7.7205,206
49e61a2c,28735,7.7205,206
613f90f4,21281,7.7178,206
22ecadab,29442,7.7205,206
5d9a5e30,25426,7.7205,206
7abde107,27533,7.7205,206
24d408d5,23420,7.7205,206
3971948b,28891,7.7205,206
7eb7f7fb,21592,7.7233,206
71d35dc3,26779,7.7205,206
7545718c,26164,7.7233,206
4cf70c67,19662,7.7233,206
40a57663,25709,7.7233,206
1ec49a3,25443,7.7233,206
6aba2118,26876,7.7233,206
34ade4d2,21437,7.7233,206
5f509a4a,22672,7.7205,206
3c127152,26716,7.7233,206
79b2529,18336,7.7233,1
5c4bda7c,19353,7.7233,210
7929975,22919,7.7233,206
1e5542bd,29266,7.7233,206
28a5e034,27136,7.7233,206
46e15a39,29214,7.7233,206
76c92a64,31236,7.7205,302
162a7bb4,20794,7.7178,206
745386fb,30017,7.7233,299
6799e035,22120,7.7233,206
60ba18b2,26404,7.7205,206
5f1f84cb,21722,7.7205,206
3793b58d,29395,7.7205,206
1f237302,28940,7.7205,206
2fec97dc,23137,7.7233,206
c767736,19656,7.7233,206
266384e8,24783,7.7233,206
5aee0d9,28549,7.7233,206
225c4845,20986,7.7205,206
694569a5,22142,7.7205,206
56b56c7c,28209,7.7205,206
6c4be686,28208,7.7233,206
2c95852a,26750,7.7233,206
6edfc95c,28503,7.7178,206
76d96711,23469,7.7233,206
13f49e77,23051,7.7233,206
20382559,29979,7.7233,299
200448a1,19927,7.7233,206
3001e0d4,28956,7.7233,206
731c785,26866,7.7233,206
66c238d7,30434,7.7205,299
640125ee,31422,7.7233,302
5b396efa,30945,7.7233,302
1469d326,30198,7.7205,299
52bd87f7,24929,7.726,206
254e19f7,31226,7.726,302
480d66e5,23751,7.726,206
58d39fa0,21534,7.726,206
6164393a,26021,7.726,206
666f3972,25266,7.7233,206
33bb05e9,22804,7.726,206
10a26735,31256,7.726,302
54c8c41e,22673,7.726,206
4bf3d35c,25894,7.726,206
200c0386,29795,7.726,206
2314537d,26752,7.726,206
5087ff24,20586,7.726,206
e30b009,27536,7.726,206
316e9b35,28724,7.7233,206
64d2c777,22840,7.726,206
7b59da78,23748,7.726,206
2482f858,29404,7.726,206
250cd80e,26815,7.726,206
60fe48a9,21117,7.7233,206
1265c2be,22768,7.7178,206
2196a892,25309,7.726,206
6299c806,23128,7.7233,206
17af5663,21727,7.726,206
70306ffc,26105,7.726,206
4cfc3376,21764,7.726,206
58bad043,27785,7.726,206
76d73004,28938,7.726,206
744feaaa,24145,7.726,206
7733450,24987,7.726,206
2ab9c04b,28993,7.726,206
41b67fc1,26264,7.7233,206
248f3597,29443,7.726,206
2f1e9116,29247,7.726,206
31d1e111,19657,7.726,206
558ed4f8,23063,7.7288,206
8f07053,30577,7.7288,206
535c7356,27391,7.726,206
4628d372,21605,7.726,206
533dc67a,28292,7.7288,206
6dda7c65,28191,7.7178,206
1a4fe8e9,31421,7.7288,302
4ed04c32,23779,7.7288,206
4529df53,22281,7.7288,237
789adf9a,26708,7.7288,206
461dbdb8,29637,7.7288,206
a60c895,26990,7.7288,206
1385dcd,30316,7.726,299
2ff0247f,29072,7.7288,206
42bac44,22857,7.7288,206
803e834,30519,7.7288,299
4b960acc,21419,7.7288,206
aa82af6,20776,7.7288,206
65eb0c1d,19385,7.7288,210
3cfbd568,22953,7.7288,206
2baec88b,30715,7.7288,302
50957758,30067,7.7288,299
6da312b3,21235,7.7288,206
f91cafa,22748,7.7288,206
52a6a113,19530,7.7288,206
297233a8,20703,7.7288,206
5cb19abf,29784,7.7288,206
5d764dc9,23098,7.7288,206
3abfd14d,28495,7.7288,206
2684ac1,14127,7.7288,150
52dc4c51,29063,7.726,206
3d2b4bc6,24398,7.7288,206
79dac097,21252,7.7288,206
39a4a32f,23655,7.7233,246
92ace8e,26410,7.726,206
6e38d116,30823,7.7288,302
41c96a3e,29263,7.7288,206
5de814f3,18697,7.7288,206
269ff7e,21141,7.7288,206
2af13e44,30811,7.7288,302
20e329be,23729,7.726,206
3db1eedd,24615,7.7288,206
70ee741a,26032,7.726,206
13269d8c,30640,7.7288,302
6588f443,19371,7.7288,210
6538e34f,27408,7.7288,206
2268bc4b,25257,7.7315,206
19d6b13c,19474,7.7315,206
53ce775d,30222,7.7315,299
4ffa2c2,30321,7.7315,299
6a591a43,29209,7.7315,206
3f04e6d1,21612,7.7315,206
582cc6d3,22072,7.7288,206
5be12768,23163,7.7315,241
5fa52eed,19316,7.7315,206
7b35d7d6,21524,7.7315,206
599c51f1,22949,7.7288,206
67b81e4f,30533,7.7288,206
35b0afb7,21659,7.7315,206
60ee55b0,29220,7.7315,206
389a2289,28213,7.7315,206
5b469385,25480,7.7315,206
7caba4c4,30729,7.7315,302
4c5671f1,22305,7.7288,206
5e07ee1e,22148,7.7315,206
313284e0,26548,7.7315,206
109e9b86,27984,7.7315,206
2971ba1c,22830,7.7315,206
6fb8a99d,27455,7.726,206
32e983e4,26343,7.7288,206
eaecd6a,28967,7.7315,206
1f5964be,22176,7.7315,206
4f23e982,27476,7.7315,206
75e2cba5,22444,7.7288,206
2b9e5ddb,21429,7.7315,206
4fb8b185,26814,7.7288,206
65e60dae,23728,7.7342,206
1d5b49e5,21717,7.7342,206
44f2af10,27737,7.7315,206
50cf1c8c,31257,7.7342,302
38205ddb,25586,7.7342,206
4e4c0a92,22898,7.7342,206
2a4301d2,30217,7.7342,299
1b12e588,28487,7.7315,206
700deb36,30290,7.7342,299
5c41936e,29117,7.7342,206
d1a3dd9,22578,7.7288,238
1291a236,18974,7.7342,206
23acae72,20778,7.7342,206
1cb9a4eb,27805,7.7342,283
2f1e312a,25280,7.7342,206
7144fb7f,23433,7.7342,206
78bea511,30113,7.7288,299
48565edd,29980,7.7315,299
7f941d44,28207,7.7342,206
233c039a,27070,7.7342,206
52414714,19538,7.7342,206
65a5f6b1,29539,7.7342,206
3b6c1c4e,28155,7.7342,206
4fd290f4,30586,7.7342,302
3450ba9,29153,7.7315,206
644d485a,27036,7.7342,206
272ea79a,25512,7.7315,206
43729e67,19234,7.7342,206
6df4ddb0,26036,7.7342,206
14a4eda1,29157,7.7342,295
36a1322c,31554,7.7342,302
3820b33a,24930,7.7315,206
6ae0d1d3,28153,7.7342,206
21328862,28814,7.7315,206
37934ce7,27115,7.7342,206
1ebdee3a,22083,7.7342,206
233927b4,21695,7.7315,206
4fbb1449,26872,7.7342,206
7a7ff444,26140,7.737,206
61ac8b44,21253,7.737,206
9cd0b6b,22826,7.737,206
21925fac,28982,7.737,206
7622d264,27543,7.737,206
73fad530,26478,7.737,206
686bb021,30191,7.737,299
6d18f0c3,25609,7.737,206
dc9bef6,27846,7.737,206
283fb92a,30483,7.7342,299
1d60feb4,22563,7.737,206
37548b33,29382,7.737,206
33ea6b40,29857,7.737,206
772aad21,30190,7.7342,299
1a9f6fdd,22811,7.737,206
2289ac07,30218,7.737,299
380673bc,28668,7.737,206
7dfa2b9e,21606,7.737,206
2b187a9c,20451,7.737,206
9f9897b,21556,7.737,206
66fff5d7,27075,7.7315,206
e8edff0,27151,7.7288,206
6defe127,24162,7.737,206
54bba9c,22598,7.737,206
403c591f,30478,7.737,299
529482b2,22118,7.737,206
4fc33442,29901,7.737,206
59745d82,22648,7.7342,206
4b807952,30644,7.7315,302
1347a5e4,27133,7.7397,206
3191e232,29712,7.7397,206
4a7221cf,19535,7.7397,206
296716ca,29119,7.7397,206
2f09b3a,31555,7.7397,302
2c367605,21686,7.737,206
128891c3,25710,7.7397,206
49afa604,26727,7.7397,206
4f00dd40,30481,7.737,299
50990cfb,21886,7.737,206
64989a2,29207,7.7397,206
326280e9,25395,7.7397,206
2976f0a8,29246,7.7397,206
7bc1b138,30322,7.7397,299
63a7946f,21569,7.7397,206
29691520,30484,7.7397,299
f2abd2c,26606,7.737,206
79148580,26751,7.7397,206
26cf6221,26169,7.7397,206
476ea3cd,28091,7.7397,206
14d5ffd,22669,7.7342,206
1df7a5d1,30065,7.7397,299
40120b6a,25892,7.7397,206
1d11b723,22808,7.7397,206
2fd31f87,28446,7.7397,206
f2aee81,24163,7.737,206
5fb3fd55,20346,7.7397,219
4f0be12f,23573,7.737,206
7893f06e,23660,7.7397,246
2095471b,21743,7.7397,206
5a9ccc02,22121,7.737,206
608c4f09,28951,7.7397,206
701ed8ae,29899,7.7315,206
17e95643,22488,7.737,206
1dce663a,22051,7.7397,206
1f38868d,22092,7.7397,206
19e5e66c,21657,7.7342,206
44e3e05d,25595,7.7397,206
2af2b14d,22106,7.7397,206
71a55670,25619,7.7425,206
47c508ae,26748,7.7397,206
1cfff903,22551,7.7397,206
23385b08,29907,7.7425,206
78758fc9,22897,7.7425,206
171a6811,20798,7.7397,206
74cebc10,21460,7.7425,206
154f599a,27548,7.737,206
4110873d,21945,7.7397,206
58e25ee,25511,7.7397,206
4213773,22824,7.7425,206
6b4d2de4,26717,7.7425,206
2e2166df,25508,7.7425,206
35910f01,26636,7.7425,206
5af497a0,29410,7.7397,206
28a91143,22734,7.7397,206
57e3a922,21670,7.7397,206
55c39c37,24606,7.7397,206
58f70c29,29132,7.7425,206
13a4e637,26592,7.737,206
70f10fce,21234,7.7425,206
70659a68,26125,7.7425,206
e46cfe7,24230,7.7425,206
4426ddb4,26243,7.7425,206
47921f55,22987,7.7397,206
6ea08020,22099,7.7425,235
dcdc323,28799,7.7425,291
753a322b,29775,7.7425,206
325d7a45,23210,7.7397,241
4d3bf29c,20791,7.7425,206
49ab3e66,30364,7.7425,299
3f024df2,31228,7.737,302
5cb555ea,26885,7.7425,206
78ba8f3d,29788,7.7425,206
7bdcb045,19659,7.7397,206
6a873da4,22124,7.7425,206
459aff79,25528,7.7425,206
474790db,27862,7.7452,206
af1126e,29918,7.7452,206
7b101d73,28494,7.7452,206
3f001dfa,27126,7.7452,206
312b87dc,27142,7.7452,206
1d4425a3,20365,7.7452,206
48614e60,28168,7.7452,206
4efd41b2,23654,7.7452,246
3547c1fe,28930,7.7452,206
583fb5ed,30547,7.7397,206
64eaea74,29638,7.7452,206
6610d7c2,20297,7.7452,206
40bed78a,28980,7.7425,206
4bfda652,26819,7.7452,206
6ec8e21d,22929,7.7452,206
5dc20cfa,22825,7.7452,206
6b76824f,27069,7.7452,206
4d1f6645,26109,7.7452,206
646ebdf1,29858,7.7452,206
2986d85a,29871,7.7452,206
76bd53df,29215,7.7452,206
40262e03,21459,7.7425,206
74b6a106,21450,7.7452,206
32e15d53,21225,7.7452,206
513692c3,22855,7.7452,206
4eedc4b7,30646,7.7452,302
37b8f314,26869,7.7452,206
52d2451e,23223,7.7425,241
23f52f71,21888,7.7425,206
46300146,29204,7.7452,206
66d8bd4b,29301,7.7425,206
26e2fe3b,23054,7.7452,206
2ce6c331,24164,7.7425,206
6a1acdda,23138,7.7452,206
1845065d,20177,7.7479,206
6e52fd82,30795,7.7397,302
498b0737,29064,7.7479,206
78293b1b,28954,7.7452,206
62cc9064,21890,7.7479,206
5e84e5fa,30813,7.7452,302
4f27f3a2,22402,7.7479,206
7e67f8be,22814,7.7479,206
78ae08a6,30645,7.7479,302
1fc897c,30799,7.7479,302
71b6d002,27099,7.7479,206
d56ae73,22810,7.7479,206
57bd9599,29875,7.7479,206
30556482,26736,7.7479,206
3836a116,28500,7.7479,206
5463c5c2,21561,7.7479,206
5d647805,26965,7.7479,206
1a15956b,30227,7.7452,299
3515e7b4,30052,7.7479,299
669c565d,25711,7.7479,206
17f83df,22117,7.7452,206
cccbcf7,27236,7.7479,206
7296493b,29803,7.7479,206
441e24cf,28296,7.7479,206
5c6ab144,28204,7.7479,206
390226e8,23421,7.7479,206
50401e3b,30728,7.7479,302
10df4a99,21220,7.7479,206
25d23c11,22110,7.7452,206
49202786,26991,7.7479,206
d4f7b25,21725,7.7479,206
5d2e0d71,27802,7.7479,283
37cf1fcf,28448,7.7452,206
2fe85bc1,30497,7.7479,299
c361529,26108,7.7479,206
3c98f93,28957,7.7479,206
75295a9c,26150,7.7507,206
58c184cd,21653,7.7507,206
7430c632,30718,7.7507,302
173fd97d,23219,7.7507,241
4d531b19,28100,7.7397,206
5845691e,27137,7.7507,206
7a8d184e,27460,7.7507,206
67072530,28994,7.7507,206
33b432f1,30215,7.7507,299
62d0ef6c,30223,7.7507,299
5a29e1cb,21782,7.7507,206
29576e09,22054,7.7507,206
77a7f0b6,27551,7.7507,206
61d2bed,26228,7.7479,206
65966709,26593,7.7507,206
7024f5c9,29186,7.7507,206
7639bb6b,22140,7.7507,206
1f73d354,25267,7.7507,206
6211eae2,21255,7.7507,206
28bf00f1,30370,7.7507,299
2a7b9456,21110,7.7479,206
57a7974a,27164,7.7507,206
7c03003f,29674,7.7507,298
169b33e9,30521,7.7507,299
23c0fb4f,22572,7.7507,206
2b5e38cb,21949,7.7452,206
467591b8,26679,7.7479,275
30da7404,20361,7.7452,206
54bc98d8,21461,7.7479,206
e7e7ae4,25258,7.7507,206
64ecc2c2,20529,7.7534,206
7f5f00f,23235,7.7534,241
37bfc271,26014,7.7534,206
4a6b2738,28615,7.7534,206
48131665,29234,7.7479,206
604ee2e0,27965,7.7507,206
29ab08d2,30323,7.7507,299
3a6ab838,30652,7.7534,302
6a1a312e,28064,7.7534,206
7d54876f,28050,7.7534,206
cc8fd8f,28355,7.7534,206
638c2f56,30534,7.7534,206
339d703e,24150,7.7534,206
58a4e148,29864,7.7534,206
1127acc,30630,7.7534,302
4a7dcbe4,18762,7.7534,206
4809bb62,28274,7.7534,206
37d8bd8a,18698,7.7534,206
250e65a7,26314,7.7534,206
6dd4602a,26837,7.7534,206
108a809,26978,7.7534,206
13133b9e,21619,7.7534,206
4dfd1e1,29315,7.7534,206
5da7238a,24601,7.7534,206
7619081d,30797,7.7534,302
206c6824,30548,7.7534,206
6460d4c0,20490,7.7534,206
1eca4174,26163,7.7534,206
20adfb50,21137,7.7534,206
63439a29,19967,7.7534,214
1679455,26725,7.7534,206
4deab4ec,30209,7.7534,299
2d2b17a,23773,7.7562,206
48418d23,26871,7.7562,206
7dbff1db,25650,7.7534,206
40471705,21148,7.7562,206
58129635,29707,7.7562,206
13457e2c,23056,7.7562,206
4fdcb52c,20775,7.7534,206
4defa425,21152,7.7562,206
35e86da2,29383,7.7562,206
7907e614,25529,7.7534,206
6caff1a4,20972,7.7562,206
2a8bcba7,25415,7.7562,206
53d859cd,26641,7.7562,206
6326111f,23220,7.7562,241
2db5c8be,29801,7.7562,206
1555e5a4,21740,7.7562,206
53a4865c,20347,7.7562,206
4223abd4,27047,7.7562,206
11def466,28492,7.7534,206
2b9c5b3c,27199,7.7562,206
5c7dbe75,19519,7.7562,211
3dfd325,20739,7.7534,224
65c46afc,21224,7.7534,206
2cc898c3,29183,7.7562,206
1d770539,29169,7.7534,206
60ccbb49,25427,7.7562,206
2619be26,22732,7.7562,206
4e7f24a6,30512,7.7534,299
6b84ae9d,21216,7.7562,206
6e174657,30482,7.7562,299
5943d3d,27872,7.7562,206
f87418,22153,7.7562,206
32f9633d,21314,7.7562,206
7c47c3b9,21632,7.7534,206
59268154,24017,7.7562,206
5d8486b3,21516,7.7562,206
28360798,28430,7.7534,206
7359b6b4,30522,7.7562,299
c6fba76,21946,7.7534,206
75f6c04d,30535,7.7534,206
1a1c6a18,20827,7.7562,206
376e8f41,27869,7.7534,206
2f7c44f3,29173,7.7562,206
5e31f760,30710,7.7562,302
1d86b043,22179,7.7562,206
6966434a,26165,7.7562,206
5ed13035,30433,7.7562,299
1347acc0,26753,7.7589,206
6e1e0e21,22075,7.7589,234
429cd33f,20758,7.7589,206
1d9506ca,21476,7.7589,206
6a307787,21532,7.7562,206
3d37a26c,22256,7.7534,206
77ddf395,19449,7.7589,206
1f154bee,28337,7.7589,206
133838a6,31229,7.7589,302
379904d5,29097,7.7589,206
5e7cc1ee,20826,7.7562,206
4d450ebe,22838,7.7589,206
5e582c8f,23243,7.7589,241
cf7d2ea,26729,7.7589,206
3220f9a2,31227,7.7589,302
61f65f88,19079,7.7589,206
73b7c00d,23374,7.7589,206
4b7c1c24,21385,7.7562,206
54df7d90,31259,7.7562,302
660d8563,19382,7.7589,210
5cfb8a6a,26643,7.7589,206
2bf79607,19383,7.7507,210
c13261,26886,7.7589,206
2fddec14,25440,7.7589,206
25f14211,28074,7.7589,206
384e2e4d,28625,7.7534,206
62d70e65,21728,7.7562,206
3221bf06,22477,7.7589,206
5220da4b,26735,7.7616,206
3bfad119,27217,7.7616,206
7b07373e,24884,7.7616,206
54c90385,23410,7.7616,206
6b2f4f95,30627,7.7616,302
63039f0,21746,7.7616,206
444c50cf,28504,7.7616,206
5805a6e8,22036,7.7616,206
5519c6ca,22445,7.7616,206
49c7099a,22634,7.7616,206
38bf4938,21317,7.7616,206
4e3f46eb,22594,7.7589,206
6b30c54e,23750,7.7616,206
68d3adcb,30371,7.7589,299
1d1474df,22180,7.7616,206
68c5120c,27032,7.7589,206
6cee353e,22920,7.7616,206
58523e56,22635,7.7616,206
10381817,24183,7.7616,206
2d1a7d62,30754,7.7589,302
70e2a8b8,26992,7.7616,206
13965692,30249,7.7616,301
e4cc61b,28703,7.7616,290
4725e90a,22912,7.7589,206
39aa6de1,21153,7.7616,206
18a99e80,21282,7.7616,206
70bdef90,30131,7.7616,299
18382534,21730,7.7616,206
721786b7,27866,7.7589,206
4773cae8,31231,7.7616,302
43534806,21570,7.7616,206
269e5beb,30687,7.7534,302
1c07a2e5,22552,7.7616,206
3940f1c7,25573,7.7616,206
6088625e,22257,7.7616,206
2ee462c6,21518,7.7616,206
7a7135f2,30686,7.7616,302
44813db2,30858,7.7616,302
67b83dee,22724,7.7616,206
307368e9,22211,7.7616,206
6ac7818d,30201,7.7616,299
19eaf782,26877,7.7616,206
54cb25a0,30707,7.7616,302
72ba259a,22604,7.7644,206
242719a9,26565,7.7644,206
6abfbc48,21535,7.7644,206
67d4729a,26136,7.7644,206
44610d0f,20800,7.7644,206
2bdc44a4,26615,7.7644,206
5817ae7b,24979,7.7589,206
4fdd04cd,25325,7.7644,206
77f87818,27261,7.7644,206
bd9ff0e,23116,7.7644,206
471c920f,28092,7.7589,206
229d88e1,29619,7.7644,206
5410b13,30418,7.7644,299
4124b53a,30087,7.7644,299
620bcbfb,22595,7.7644,206
2c9f9ddb,26826,7.7644,206
210b12c8,25716,7.7589,206
4562eeb6,22746,7.7644,206
790aa1f2,26120,7.7644,206
29ab9a4d,30735,7.7644,302
50cf40e2,20587,7.7644,206
28a0313,19658,7.7644,206
2ea33781,29447,7.7644,206
5b2fb9ea,24844,7.7644,206
71cd3a3d,26977,7.7616,206
230d2d8c,22229,7.7644,206
14251953,27239,7.7562,206
326302d4,26015,7.7616,206
2ae7ca77,22683,7.7644,206
604cf3ea,20488,7.7671,206
5c1f9131,27456,7.7671,206
76405dc4,30745,7.7644,302
67ca410f,27471,7.7644,206
62608509,28736,7.7671,206
65b4f90c,26492,7.7671,206
4f93d164,25918,7.7671,206
45027a92,22169,7.7671,206
a672379,26785,7.7671,206
8349957,29995,7.7616,299
7066d2cf,27080,7.7671,206
3158a18b,29872,7.7671,206
57763264,21882,7.7671,206
6cfa5dae,25910,7.7671,206
15c8cd1f,23575,7.7671,206
9cfd46b,21610,7.7671,206
4348f3de,22678,7.7671,206
376856c5,30896,7.7671,302
22c8d67c,29568,7.7644,206
51eba75e,26611,7.7671,206
2145b416,24885,7.7644,206
2183849,22954,7.7671,206
6caedd7,31010,7.7671,302
30422b2f,30313,7.7671,299
17cbd612,30001,7.7644,299
73614db5,21738,7.7616,206
7fbcc5d0,27004,7.7671,206
3ca5601e,24916,7.7671,206
6d508608,28599,7.7616,206
142572f2,24136,7.7671,206
d2eb7e3,23227,7.7699,241
1a1c83c8,21149,7.7699,206
73153645,29964,7.7699,299
4634b673,19356,7.7699,210
4c187837,22756,7.7699,206
34f14ff8,22950,7.7699,206
4a8d886d,30895,7.7699,302
10703867,20973,7.7699,206
1f26239e,27798,7.7671,206
2116310d,29191,7.7699,206
7fe1ba2,26133,7.7699,206
16dca83a,30688,7.7644,302
384853ac,22161,7.7699,206
3ff8510f,29095,7.7671,206
1f850da8,27050,7.7671,206
284693f1,20362,7.7699,206
5f92ae50,30714,7.7699,302
2c7c40e0,28214,7.7699,206
56d3a3f0,30523,7.7644,299
4a966bc0,30590,7.7699,302
bcbcec,29778,7.7699,206
4e09875b,29555,7.7699,206
50e7149,27759,7.7699,206
7cbfd243,21256,7.7699,206
65996b47,21425,7.7699,206
19015ae4,28499,7.7699,206
1bb025c0,24605,7.7699,206
6d429bc6,21311,7.7699,206
6fed71e7,27449,7.7699,206
7ca8c084,30119,7.7699,299
76ba7f7,26377,7.7699,206
2cc404e1,27392,7.7699,206
66ac74f4,26723,7.7644,206
4ffaeef5,23782,7.7699,206
1f495f4c,25726,7.7699,206
1baf670b,26724,7.7699,206
2139281a,26811,7.7699,206
24b7f31d,21142,7.7671,206
71d16bf8,21134,7.7699,206
61627578,21403,7.7726,206
21190c0,30409,7.7699,299
1126cdf6,24144,7.7671,206
79b74e30,27477,7.7726,206
62836500,22729,7.7726,206
18f75c03,28017,7.7699,206
3f996b96,27966,7.7726,206
7c1c649b,21299,7.7726,206
54ea57d,28508,7.7726,206
29994d53,24746,7.7699,206
27fbe693,29676,7.7671,298
53cafc21,20301,7.7726,206
4c6d627f,22577,7.7699,206
272385f5,26034,7.7726,206
3cf843c2,26862,7.7699,206
6ae8b04b,30408,7.7726,299
3b12cb3a,29862,7.7726,206
44cfe5b0,22435,7.7726,206
1903d5ce,26787,7.7699,206
406032fc,26616,7.7726,206
6739ce15,29799,7.7726,206
db9f607,22717,7.7699,206
19a16763,25912,7.7726,206
580688d3,20366,7.7726,206
2278f382,26691,7.7726,276
634ec2e3,26901,7.7753,206
4a2ee1f9,21620,7.7753,206
58260da0,21143,7.7753,206
3da711c5,31423,7.7753,302
28eb8548,30258,7.7726,299
370cb488,28943,7.7753,206
15f79885,30870,7.7726,302
7d54cc96,22851,7.7753,206
78f8d3c0,22172,7.7753,206
ccdc852,30212,7.7753,299
25d74afe,28103,7.7753,206
7e3c02ae,22999,7.7726,206
5cfe9109,22232,7.7753,206
4064a87a,20452,7.7699,206
2289677c,27410,7.7753,206
7f88778e,28509,7.7753,206
3d964969,22392,7.7726,206
23a11507,25481,7.7753,206
46634e71,31582,7.7726,302
2f386346,29187,7.7753,206
206abac9,23008,7.7671,206
cef82d3,31443,7.7753,302
431000ac,26756,7.7753,206
b488aee,27552,7.7753,206
61e39906,23139,7.7753,206
57844d30,23752,7.7726,206
3b4a36d5,29469,7.7753,206
4e036f87,30948,7.7753,302
1d38353,27354,7.7753,206
744bb394,26754,7.7726,206
1e5dcf56,28496,7.7753,206
4b77e44d,22860,7.7753,206
77df2b33,24988,7.7753,206
6dc69e2d,24184,7.7753,206
56a33f6b,30196,7.7753,299
7fddf138,22284,7.7726,237
f0ab6ea,20464,7.7753,206
51d14e27,25589,7.7753,206
7bab6eca,25715,7.7753,267
34bc4eb3,29203,7.7726,206
303f00ec,30755,7.7781,302
24f83d2d,28617,7.7781,206
7e1f72be,30199,7.7781,299
5e628e89,25074,7.7781,206
d7ba1ff,30104,7.7781,299
8fd9a20,25744,7.7781,206
6d89df47,20961,7.7781,206
6806daca,21580,7.7781,206
31e45b6a,27437,7.7753,206
225a0785,24617,7.7726,206
4692b574,22154,7.7781,206
65c23906,26003,7.7781,206
3b4c7ffe,22449,7.7726,206
49d8213d,30860,7.7781,302
1ab20467,30607,7.7781,302
6e4c043e,28931,7.7726,206
36272586,21470,7.7781,206
3e7e3bb6,26589,7.7753,206
34658122,27840,7.7726,206
517cb0ab,25498,7.7781,206
3a861e64,14134,7.7781,150
358217a7,18864,7.7753,206
7a6e292a,28968,7.7781,206
621acbd4,21944,7.7671,206
3d22300f,23231,7.7781,241
68e59ccd,22052,7.7781,206
4d7f8159,19636,7.7781,206
46d3c6a5,20448,7.7781,206
72a3e1c0,26503,7.7781,206
36e418ad,26722,7.7808,206
7a02261,20742,7.7808,224
5f9e2ade,30830,7.7808,302
325e7d0c,29188,7.7808,206
24693a9a,14137,7.7753,150
67774149,21624,7.7808,206
22dcb75c,30736,7.7808,302
5e1c0902,27249,7.7808,206
c3ab103,29774,7.7753,206
46490cab,27810,7.7808,283
631b2ccd,23651,7.7808,246
4dcd0b95,22737,7.7808,206
44f5b79e,30479,7.7808,299
209d455c,19372,7.7808,210
3a0853f1,27143,7.7808,206
67bc7044,22991,7.7781,206
3e576719,24771,7.7808,206
1b6352e5,26656,7.7808,206
511e5370,21582,7.7808,206
55a43747,27524,7.7808,206
504eed45,26134,7.7808,206
513b69d3,26845,7.7808,206
169dcc77,28704,7.7808,290
721d2557,26632,7.7781,206
6f73a5c,22103,7.7808,206
21f4cb02,20801,7.7808,206
2a08f685,31519,7.7808,302
2b8b5b1e,22723,7.7808,206
3027e4a5,30407,7.7808,299
f3d1d27,27124,7.7808,206
8966b19,23186,7.7808,241
793492be,30256,7.7808,299
763943f1,23783,7.7808,206
4f69aef7,19654,7.7808,212
110aac34,30722,7.7808,302
2a7fc3af,29240,7.7808,206
7783153c,26682,7.7726,275
4b99e6f6,25478,7.7808,206
fb698bd,26086,7.7808,206
5b80505f,22819,7.7808,206
344594e6,30699,7.7781,302
93859cd,21462,7.7836,206
30ef6ace,23663,7.7836,246
ba76f1e,25668,7.7808,206
527cc49d,29998,7.7808,299
4a869890,21439,7.7836,206
1742214,30050,7.7836,299
319b72bb,25557,7.7808,206
5f71039,21463,7.7753,206
7b4b5a0f,26709,7.7836,206
5b0fb3f0,30628,7.7836,302
316b1c80,28969,7.7836,206
c20b44c,23422,7.7836,206
2d9a0ce5,22958,7.7808,206
4c214a6f,20797,7.7836,206
b2caa95,28937,7.7808,206
62ca386c,30250,7.7836,301
6b4162ad,30068,7.7836,299
1641b604,29254,7.7836,206
7857de5b,26648,7.7836,206
1d107e4f,28950,7.7836,206
4b6d9065,19002,7.7836,206
2b59d7af,30053,7.7836,299
a84a3dd,21776,7.7836,206
3033a556,30437,7.7836,299
76d0000d,29766,7.7836,206
5199580a,27459,7.7836,206
34180939,30043,7.7726,299
19ac13f9,23664,7.7781,246
5aed4bfe,28705,7.7726,206
6f8aa8a9,30711,7.7836,302
6ea6fc59,20811,7.7836,206
ed6a3b,21777,7.7836,206
79a79204,27841,7.7808,206
43d2a279,22162,7.7863,206
708b746d,30066,7.7863,299
642a91d,28618,7.7863,206
1bdc64f5,26170,7.7863,206
5e2ee238,26846,7.7863,206
83952ee,22158,7.7836,206
23ba6798,30907,7.7753,302
5bb944d6,26054,7.7863,206
722f52bb,31367,7.7863,302
66cfc13c,24165,7.7863,206
3043c032,31011,7.7863,302
14b37b6d,21668,7.7808,206
40b5e705,25530,7.7863,206
51bb8431,26870,7.7863,206
5989ae37,24937,7.7863,206
77e5b764,25623,7.7863,206
1887fb52,27134,7.7863,206
15107e7f,21548,7.7863,206
1fc82fc,27144,7.7863,206
1fd79f16,20834,7.7863,206
5bf85b30,21557,7.7863,206
7c027676,21733,7.7836,206
6af71c0f,22889,7.7863,206
6eec7c9,21765,7.7863,206
f7998cf,28981,7.7863,206
648a224,22921,7.7863,206
39e162f3,26637,7.7863,206
164163cb,24922,7.7863,206
799f16b3,20440,7.7836,206
2b5a6aeb,31237,7.7836,302
69832911,19266,7.7808,206
682620af,29316,7.7863,206
7564495b,28205,7.7836,206
74cfe3ca,27540,7.7863,206
1ce2283e,24900,7.7863,206
cbac28a,21423,7.7863,206
55c0a8ea,21107,7.7808,206
2b90d98,25554,7.7863,206
2529ebda,25897,7.7836,206
9e37fb6,29313,7.7863,206
1d68b077,26617,7.789,206
a81320d,29283,7.7808,206
42c0aa43,28212,7.7863,206
3988f92b,21878,7.789,206
53174292,28631,7.789,206
cf4cb77,23839,7.789,206
34037e2,21611,7.789,206
38f7cca1,26305,7.789,206
49df3fdf,30866,7.789,302
5bd3f79d,30800,7.789,302
32393da7,22230,7.7836,206
3044e325,31401,7.7836,302
551335,30828,7.7863,302
447e73bd,21318,7.7836,206
3f51ba90,22841,7.7863,206
6271a149,29189,7.789,206
289b2b94,29216,7.789,206
7f4909,26683,7.789,275
37ab2120,26690,7.789,276
59c887f,25717,7.789,206
742ac4d3,22159,7.7863,206
e67fc5e,29174,7.789,206
602b7e93,30872,7.789,302
4f4c7755,26621,7.789,206
1ba4fcce,23659,7.789,246
115cd99,28744,7.789,206
233b9d34,20160,7.789,206
42ffaea4,29075,7.7863,206
128f1001,26675,7.7836,275
29eb2b25,22662,7.7918,206
63d4284,22550,7.7863,206
7910ad4a,25890,7.7918,206
4f2c7f8a,28481,7.7918,206
1375a571,22749,7.7918,206
70bc4477,30004,7.7918,299
63370639,21079,7.7918,206
46f06d88,29217,7.7918,206
3b749199,23187,7.789,241
ff241b9,27396,7.7918,206
182bf94d,28093,7.7918,206
73f4d7f0,26612,7.7918,206
4d94bad2,29786,7.7918,206
16496b97,23184,7.7918,241
bab1f6e,20808,7.7918,206
5eb502bc,26493,7.7918,206
369f6192,25463,7.7918,206
6bd7a105,25396,7.7918,206
38d4937e,30003,7.7918,299
30bb3b70,30435,7.7918,299
5047acf2,28745,7.7918,206
4e82d63a,28505,7.7918,206
ae9ae34,26618,7.7918,206
3dcad89,28944,7.7918,206
58c81307,25473,7.7918,206
55d5fb7e,24772,7.7918,206
81fa9a8,29865,7.7918,206
4906cdd9,28097,7.7918,206
11edf1c5,30679,7.7918,302
32c5c00a,26622,7.7918,206
4a3df6ad,23114,7.7918,206
77bbb694,30520,7.7863,299
dcfbd16,28333,7.7863,206
72d8d173,23642,7.789,206
c456534,26644,7.7918,206
26e06d3e,23107,7.7918,206
56b743f9,29295,7.7945,206
62505315,20809,7.7945,206
459be6ae,26483,7.789,274
6037fabe,27448,7.7945,206
c73d5ca,30595,7.7918,302
6cdbf7aa,30587,7.7945,302
76efd209,20828,7.7945,206
29d23460,22728,7.7945,206
3b1d7915,30141,7.7945,299
5d453116,28460,7.789,287
848af7b,20489,7.7945,206
685fe490,26791,7.7918,206
dbd3e75,25571,7.7945,206
7ab5758,25631,7.7945,206
3f5be1,21542,7.7945,206
38760eb2,27553,7.789,206
68f31d78,23467,7.789,206
250d446a,22831,7.7945,206
5f97f379,22809,7.7945,206
579c65a7,30747,7.7945,302
27f4aaf1,27447,7.7945,206
68959471,28691,7.7945,206
879ae21,30947,7.7945,302
3c7c53d4,25011,7.7973,259
3e5dd588,27330,7.7973,206
7aafe82e,25746,7.7973,206
3fe249fc,21192,7.7945,206
61de5f27,25931,7.7945,206
5a75b9c2,31590,7.7973,302
317f2701,28512,7.7973,206
34944798,30624,7.789,302
1914555f,27166,7.7973,206
a20063d,23009,7.7973,206
422f7f57,24151,7.7973,206
5491480d,25499,7.7973,206
3f72b3b4,25576,7.7973,206
7b4b5609,22990,7.7973,206
6f14416d,29675,7.7973,298
2d314be8,21613,7.7973,206
658fa35c,25868,7.7973,206
5ce3bd7d,22815,7.7973,206
26c57cc,23189,7.7973,241
30d06d01,20367,7.7945,206
6c4adac,22434,7.7973,206
4f3e71c5,25561,7.7973,206
57b3be3d,28447,7.7973,206
623b3578,22951,7.7973,206
167af9e3,21128,7.7945,206
76481ed7,23437,7.7945,206
4ac4e982,25563,7.7945,206
cce4b1,26761,7.7918,206
6f8aa563,27873,7.7973,206
41b8a0aa,21724,7.8,206
77b0b0ec,25509,7.7973,206
1ad5df61,25453,7.8,206
2857ae48,29910,7.7973,206
7ddb59e6,22607,7.8,206
79e20b07,29800,7.8,206
ba7e307,28431,7.8,206
3f3d1bc5,20759,7.8,206
180e71ad,27238,7.8,206
71ddeb98,19660,7.8,206
4556917f,25674,7.7945,206
12e25923,26037,7.8,206
798ad1cb,23214,7.8,241
3d9073ff,22858,7.8,206
67157449,27535,7.7973,206
16b9ccbd,27154,7.7973,206
1612a408,22730,7.8,206
39393b88,22684,7.8,206
7542a7da,23832,7.8,206
66ee365e,30278,7.8,299
2d4651eb,26374,7.8,206
2e7792af,30271,7.7973,299
5ee21992,27250,7.8,206
3efe09e3,31360,7.8,302
21a8dede,29185,7.8,206
3358d2ae,25506,7.8,206
7bceee32,21454,7.8,206
7db873de,22745,7.8,206
14f282e7,30062,7.8,299
3347cc9b,18595,7.8,206
547eaa03,27262,7.8,206
2146df80,26375,7.7973,206
1f5e7ef5,27263,7.8,206
12f04a91,23950,7.8,206
33ffc47e,22451,7.8027,206
3962670f,27078,7.8,206
2452b75e,30211,7.8027,299
4817dcf7,22651,7.8027,206
58a3b3a6,27251,7.8027,206
153250f8,30634,7.8027,302
38b25c4b,25620,7.8027,206
24ebfd47,27446,7.8027,206
69afe8c1,22163,7.8027,206
52ed6d49,23188,7.8027,241
1796ca31,30827,7.8027,302
10a4fdab,21135,7.8027,206
6bde3b3d,28932,7.8027,206
52e0942a,30252,7.8027,299
54781567,27863,7.8027,206
73060b05,23108,7.8027,206
4478f96b,23236,7.7918,241
5ee5350a,26168,7.8027,206
48942b93,31265,7.8027,302
5008a5cf,29145,7.8027,206
872bb38,29120,7.8027,206
23d24778,30070,7.8027,299
27e707a1,28972,7.8055,206
4befd710,28939,7.8055,206
485fcca7,21477,7.8,206
3f65edc3,26878,7.8027,206
22d33a6c,22820,7.8055,206
17b13e71,22747,7.8027,206
213df2d4,22149,7.8055,206
312618c5,29326,7.8027,206
a9d54d7,29098,7.8027,206
1441a143,27874,7.8055,206
5aa44a4d,20807,7.8055,206
5bc581ec,26883,7.8055,206
3b1e5daf,27210,7.8055,206
22ccb836,29129,7.8027,206
516f9374,23174,7.8027,241
5ac26800,22573,7.8055,206
2d7f5855,29273,7.8027,206
3f45d94a,26652,7.8055,206
64c59b70,28081,7.8055,206
238f82d6,23232,7.8,241
6ac47ccf,22918,7.8055,206
3d2e3c32,22839,7.8055,206
75f83efc,30902,7.8055,302
48566257,28781,7.8055,206
2abe8ba7,25911,7.8055,206
63d5a83b,27480,7.8055,206
2f56c7df,30108,7.8027,299
297e24b1,24903,7.8055,206
1b6d1317,24166,7.8055,206
57d96be5,28739,7.8055,206
4550406e,29678,7.8082,298
4505510e,21760,7.8082,206
b0abc8f,22827,7.8027,206
12fbea0e,21671,7.8082,206
4745b512,21263,7.8082,206
617da6ed,30330,7.8082,299
2669d99c,30674,7.8082,302
78d9e71a,29255,7.8055,206
353fc995,28636,7.8055,206
39795b11,23211,7.8082,241
585881ce,25891,7.8082,206
452f0bef,21967,7.8082,206
5134d09b,22670,7.8082,206
66e20c90,21202,7.8082,206
383cd3f3,31784,7.8082,302
2dda12b8,23004,7.8082,206
5e0865c1,30213,7.8055,299
294fd693,29264,7.8082,206
5fbfc9a6,28082,7.8082,206
625c93f3,25909,7.8082,206
220d4f3b,27157,7.8055,206
3f3600d6,21236,7.8082,206
681ab2ed,22617,7.8082,206
49c9a4b1,27226,7.8082,206
1f55e24,23059,7.8082,206
e4ace7c,26106,7.8082,206
76df34d1,22757,7.8082,206
33fa9882,29436,7.8082,206
37925e60,30818,7.8082,302
3359ce12,24806,7.8082,257
1cbd32c8,30763,7.8082,302
44dc360d,28941,7.8082,206
2305989c,30009,7.8082,299
641a3c2,31346,7.8082,302
731ffab0,20477,7.8082,206
5656c680,25707,7.8082,206
599875ae,24154,7.8055,206
52cc92ec,30899,7.8027,302
5e8a287f,28595,7.8082,206
3e0897e8,27165,7.8082,206
24a7a082,19363,7.8082,210
12ca1d08,29241,7.8082,206
1d8c16fe,25572,7.8055,206
67417570,26167,7.8082,206
7e7b6aaa,29839,7.8082,206
3c9b0a30,25454,7.811,206
41ddd0bb,27450,7.8082,206
5e195e51,22967,7.8055,206
2d5bc705,26149,7.811,206
850d63e,22285,7.811,237
6c7e978e,30649,7.811,302
4389dab2,28706,7.811,206
30195e29,26660,7.811,206
3e768f32,22778,7.811,206
2a9c9e08,19384,7.811,210
26acad95,22233,7.811,206
54d71df5,30867,7.811,302
2bfdbfb8,30654,7.811,302
516f44f8,29639,7.811,206
17c14e1,18720,7.8082,206
5bea5ef8,21581,7.8082,206
18698015,26038,7.811,206
5eafecdf,30120,7.811,299
143297a2,30061,7.8082,299
893a085,21455,7.8055,206
1198ac22,22663,7.811,206
75cc2b76,23031,7.811,206
7c58a6a9,25943,7.811,206
28e5f81f,27474,7.811,206
90d20c8,21675,7.8082,206
1d8e2d04,30450,7.811,299
24daadf2,25428,7.811,206
23f88c76,29276,7.8137,206
37240765,30216,7.8137,299
4393e3a1,26684,7.8137,275
27390fb7,23576,7.8137,206
2f1900da,22143,7.8137,206
5e5d8df6,26004,7.8137,206
39213177,31700,7.8137,302
65735319,26902,7.8082,206
28b80bd,27105,7.8137,206
308b8f27,29911,7.811,206
11aac8,27092,7.8137,206
7f85da48,20740,7.811,224
2155336d,27200,7.8137,206
3ba8a6a,22609,7.8082,206
4dcb72d7,29789,7.8137,206
7b8927cf,26180,7.8137,206
33ef6ee7,26874,7.8137,206
1d9bc828,20137,7.8137,206
4001d64c,26498,7.8137,206
7d1ec62,27271,7.8164,206
1107039e,29322,7.8164,206
1a8cbbe6,26663,7.8164,206
43a46564,29790,7.8164,206
19418488,30132,7.8164,299
f0a10bd,31245,7.8164,302
35e757a9,21756,7.8164,206
417714a6,28933,7.8137,206
68c5e4e5,26178,7.8137,206
22653042,21154,7.8164,206
5bcec28c,31171,7.8137,302
1c6be7dc,27048,7.8164,206
4b4cd420,26839,7.8164,206
77ab927f,30315,7.8164,299
40a00a2b,24932,7.8164,206
6d576a11,31012,7.8164,302
2e412560,25719,7.8164,206
3cb6958d,30798,7.8164,302
5fb0730f,22779,7.8137,206
301095c,27141,7.8137,206
4330aa45,26488,7.8164,206
156157d0,26873,7.8164,206
32ac0a39,29297,7.8164,206
39ecaed9,25930,7.8164,206
7fc84923,30653,7.8164,302
60884edd,19444,7.8164,206
32276d37,19582,7.8164,206
6ee187cc,31576,7.8164,302
535d4a62,29218,7.8164,206
71010872,30269,7.8164,299
78c69db0,26853,7.8164,206
1afbba83,21473,7.8137,206
34fc66ff,21672,7.8192,206
23ccede4,29666,7.8192,298
5af73377,26097,7.8164,206
125fe5cb,29767,7.8192,206
16100e84,30224,7.8192,299
51f89167,27508,7.8164,206
151ff571,27554,7.8164,206
32286b45,30832,7.8192,302
7690102e,23435,7.8164,206
60e24456,30647,7.8192,302
75048284,30045,7.8192,299
1f5a4528,31144,7.8192,302
5c9f87d0,24967,7.8192,206
6df1eec,26495,7.8192,206
693d278d,25520,7.8192,206
1b0f0e08,28734,7.8192,206
248a5849,31114,7.8192,302
4a4ebf4f,26055,7.8192,206
770c02b,21633,7.8192,206
397dc46b,21689,7.8164,206
7fb8aa21,27394,7.8164,206
18ab6dad,24933,7.8192,206
7718e07,31353,7.8164,302
329813a4,29763,7.8192,206
646dbfaf,28171,7.8192,206
28c23e31,26623,7.8192,206
1ab4ee7,23183,7.8192,241
5be6c0aa,31368,7.8219,302
5a162265,30426,7.8219,299
519c8e96,22963,7.8219,206
5805d3cd,30777,7.8219,302
358babf7,23665,7.8219,246
5ee5a229,30650,7.8219,302
6bb87f5d,23385,7.8219,206
1d55425c,19581,7.8192,206
75e99612,30253,7.8192,299
66e966c,30324,7.8219,299
520d832c,20743,7.8219,224
2e04536b,31006,7.8192,302
62fc341,25696,7.8219,206
1974a355,21155,7.8219,206
2094ef6f,31362,7.8219,302
52bbc0e7,20702,7.8219,206
5ea84ed0,26056,7.8219,206
62fa205b,31381,7.8219,302
659254fc,28511,7.8192,206
69220c51,29143,7.8164,206
16a0fa29,30147,7.8192,299
75e0016b,25932,7.8219,206
46ab1f74,29779,7.8192,206
31e996e9,27546,7.8082,206
48505401,24968,7.8219,206
3d4eff39,31007,7.8219,302
2300175b,31458,7.8219,302
5e23930c,20479,7.8219,206
14993495,23666,7.8219,246
5e64b608,25745,7.8219,206
7dfdc850,23244,7.8192,241
3f048f10,29387,7.8219,296
62e429f9,26747,7.8219,206
194b175b,23829,7.8219,206
a67f36a,28738,7.8219,206
11008139,29194,7.8219,206
5268c901,22130,7.8219,206
1358edd8,23303,7.8247,206
2691b07a,26058,7.8247,206
338df4d8,27003,7.8247,206
27391369,19632,7.8247,206
3fa51c9,30916,7.8247,302
73db1c7b,28172,7.8247,206
5862601a,21780,7.8247,206
41564fa,26590,7.8219,206
6bd88d4a,31591,7.8247,302
2b253b9b,30137,7.8247,299
404b6c8e,20470,7.8247,206
19e01df8,24566,7.8247,206
be2b62d,29244,7.8247,206
60e6c1ca,30740,7.8247,302
24ff211f,29193,7.8247,206
b625a17,21424,7.8247,206
105678e9,30200,7.8247,299
7850ca94,29663,7.8247,206
622926a9,30270,7.8247,299
e9be710,26504,7.8247,206
595a01e8,23656,7.8164,246
5331c805,22835,7.8219,206
4a1a9296,27557,7.8247,206
69a82a0c,21676,7.8247,206
1f36fe81,25866,7.8247,206
38daf34e,23252,7.8247,241
657665b0,28170,7.8219,206
7be6d5aa,21472,7.8247,206
6dcf3d1e,13294,7.8247,150
53b67890,22308,7.8219,206
3c19b12b,23840,7.8247,206
6a1418fd,22939,7.8247,206
2792cb90,30044,7.8192,299
4700450a,27509,7.8247,206
6472b357,31120,7.8247,302
36e12428,21562,7.8247,206
7c7811f9,31347,7.8219,302
4d078bad,22852,7.8274,206
8eabf12,31348,7.8247,302
37950a43,29296,7.8274,206
b5e2291,25630,7.8274,206
7a759ab4,20812,7.8274,206
18ab71de,25451,7.8247,206
27baa8c7,26481,7.8274,206
38e26961,28098,7.8247,206
42528e46,28733,7.8274,206
14240c82,22969,7.8247,206
66aa6251,21471,7.8274,206
15ce7d7,29798,7.8247,206
117d395b,22666,7.8274,206
4d28a684,26398,7.8247,206
128e8b3f,26661,7.8274,206
38373b59,21138,7.8274,206
1b5e31d9,26827,7.8274,206
2f2a6e2c,22676,7.8274,206
1aa73972,25629,7.8274,206
4bd7140f,30868,7.8274,302
12b3a024,21543,7.8274,206
37d90923,29791,7.8274,206
78898b52,23110,7.8274,206
27e1142f,19386,7.8247,210
28dc3277,31031,7.8274,302
1cbbff25,28164,7.8247,206
210e0bb7,29134,7.8247,206
104d6ec3,27451,7.8274,206
6eec801a,18574,7.8247,206
4f674ab9,30226,7.8274,299
4103a184,29668,7.8274,298
8857c59,30861,7.8219,302
4b84e8bb,26645,7.8301,206
41625d81,21763,7.8301,206
1db1dba8,21731,7.8301,206
3ef51bf3,30869,7.8301,302
5258fda6,26884,7.8301,206
2debc432,21673,7.8301,206
1853c39,22307,7.8301,206
12fadb3a,30142,7.8301,299
156f47bd,22055,7.8301,206
4c66015,19437,7.8301,206
116608e6,27223,7.8274,206
48c65924,26053,7.8301,206
39aa8a07,31113,7.8301,302
7dcda503,28737,7.8301,206
4abca467,30915,7.8301,302
6b3ca4ee,19086,7.8301,206
6abe13c,30225,7.8301,299
9269da4,30228,7.8301,299
165eb957,26936,7.8301,206
27224818,26686,7.8301,275
39eeb867,30824,7.8274,302
6e30dcc,23256,7.8301,241
3350cc46,29577,7.8301,206
377b7060,25704,7.8274,206
229be60a,14138,7.8301,150
6e80c5b2,26854,7.8301,206
df74d34,32045,7.8301,309
4196e16d,21442,7.8301,206
2d02614f,29265,7.8274,206
45479c08,30486,7.8301,299
1f238e34,31277,7.8274,302
726ef779,21889,7.8301,206
3a33ec06,26855,7.8301,277
dc29b6d,26173,7.8329,206
436d8094,23171,7.8329,241
46bd62bf,25929,7.8329,206
ac54602,22562,7.8329,206
6d7d6cd5,21630,7.8329,206
480bfea0,26378,7.8301,206
674dae15,25923,7.8329,206
21249f39,23190,7.8301,241
4a4880d9,29281,7.8329,206
4c555681,31359,7.8329,302
5b3c5f55,25578,7.8329,206
1d082be2,19452,7.8329,206
518b7f21,23249,7.8329,241
5fcb7381,29641,7.8274,206
39ccc7a7,26090,7.8329,206
2d3ddf19,30236,7.8329,299
33e13c,20478,7.8301,206
a4bf46c,23175,7.8329,241
e18c9df,21729,7.8329,206
5136d644,26066,7.8301,206
7812fff9,28076,7.8301,206
4e13e75f,31800,7.8274,302
1b2e9265,22685,7.8274,206
50243947,30819,7.8329,302
6274c8f4,24146,7.8329,206
5330e6ee,30366,7.8301,299
34538e3a,24927,7.8329,206
65abbef0,31239,7.8301,302
af9a59a,30351,7.8329,299
7a3688e6,26506,7.8329,206
713fcdc6,31084,7.8329,302
5eaa35bd,22961,7.8356,206
7620420c,28669,7.8356,206
4ec43e06,25452,7.8356,206
9d69731,31402,7.8356,302
2accf300,25469,7.8356,206
2e4435c6,22758,7.8356,206
6de5c6b,29065,7.8356,206
765260d9,20471,7.8356,206
328c7622,25602,7.8356,206
721a5e9e,21718,7.8356,206
1d416ad5,22890,7.8356,206
20131953,23007,7.8329,206
545a243e,27229,7.8356,206
74146e85,21744,7.8329,206
72fa1c15,28966,7.8356,206
6215a510,27395,7.8356,206
5a74e180,30114,7.8356,299
5f8a4524,27135,7.8356,206
8bd7816,22861,7.8301,206
47cf7134,21156,7.8329,206
63268c5b,21237,7.8356,206
3a4af0ac,30203,7.8356,299
1d5a088d,25522,7.8356,206
376431a4,27875,7.8356,284
610d7529,22806,7.8356,206
547a9296,22817,7.8356,206
68801ffc,30354,7.8356,299
5224dd0,30207,7.8356,299
7a046c7c,20368,7.8384,220
6dd2a631,28632,7.8384,206
20808713,19510,7.8384,211
135db5c1,30439,7.8384,299
6223f68d,30189,7.8384,299
7ba4f96b,18763,7.8384,206
4497b642,21684,7.8356,206
4e4808b6,19583,7.8384,206
6cff6702,22677,7.8356,206
127234e1,29192,7.8384,206
1a91562a,20813,7.8384,206
46228bb2,30267,7.8384,299
51f23303,21687,7.8384,206
5224d0e0,22021,7.8384,206
21a43d5e,30865,7.8384,302
4214fc88,29842,7.8356,206
52ce3317,32044,7.8384,309
10399063,23005,7.8384,206
5093d34c,25968,7.8384,269
2444ba6e,29302,7.8384,206
4151e2d2,21441,7.8356,206
1d37d813,30485,7.8384,299
7eae8e94,23438,7.8384,206
5370714a,21226,7.8384,206
52663680,30358,7.8384,299
1cef096c,30260,7.8384,299
3f3bada2,25615,7.8411,206
6f91612e,24936,7.8329,206
c20986a,29840,7.8411,206
686044eb,27462,7.8411,206
a54a2f8,25587,7.8384,206
6ea82a8d,20588,7.8329,206
4de489a6,21108,7.8411,206
66c30cfa,26039,7.8384,206
cee4bd5,29076,7.8384,206
23027bd2,30109,7.8411,299
cd1c17d,30349,7.8411,299
728bb8c1,30427,7.8411,299
cc5f5a6,28633,7.8411,206
f284ddf,30876,7.8384,302
3c29c307,28061,7.8411,206
d95c3f7,22564,7.8411,206
3e7137d6,28671,7.8411,206
1193dd69,28965,7.8411,206
32d87238,30008,7.8411,299
409bbe9f,20810,7.8411,206
7763fedd,26059,7.8411,206
78941dcd,29195,7.8411,206
92cf955,22610,7.8411,206
14ded1a9,26755,7.8384,206
7c2340f9,21474,7.8411,206
240150c5,29388,7.8356,206
4a89f341,30738,7.8411,302
28b82020,30524,7.8411,299
4e7a9946,30648,7.8411,302
60536f34,25718,7.8411,206
65c59b84,21778,7.8411,206
c150e3c,30013,7.8411,299
163f1651,23055,7.8411,206
243e5eff,30952,7.8411,302
786347da,20201,7.8411,206
203a678,30608,7.8411,302
fec0aa,29286,7.8411,206
6e1dd37a,29136,7.8438,206
252fd6c3,30591,7.8438,302
74e2325d,31382,7.8438,302
227d4398,20741,7.8438,224
54703ced,21583,7.8411,206
5476b31a,30859,7.8438,302
31e30313,20453,7.8438,206
79cae734,30138,7.8438,299
2c882bb4,25574,7.8438,206
12a1e0c4,30010,7.8438,299
160687fd,30801,7.8411,302
bc6b491,31255,7.8438,302
4d07b35c,30746,7.8438,302
64d5ca74,30796,7.8438,302
4a08629d,25898,7.8438,206
5d49c4fd,29579,7.8438,206
449deba5,24185,7.8438,206
273025e3,27461,7.8438,206
575def0a,26887,7.8438,206
11bdd7b0,25521,7.8438,206
1d9119ff,25924,7.8411,206
14049c5a,25670,7.8438,206
32bdbc04,30436,7.8411,299
4f6c12d7,30292,7.8438,299
aa030e6,23090,7.8438,206
1feb9eac,30055,7.8466,299
2f3d2747,29236,7.8466,206
662af4fa,19228,7.8466,206
703ff338,30005,7.8466,299
6857f693,20795,7.8438,206
7b93cad9,29902,7.8466,206
384e25f9,26022,7.8466,206
7e0f2aa8,23248,7.8466,241
71a6a062,26379,7.8438,206
1486798d,25488,7.8466,206
5d2ef709,25524,7.8466,264
5af3dc6e,26591,7.8438,206
1e92c2e2,30489,7.8466,299
39ff8aac,31384,7.8466,302
387f3957,30712,7.8466,302
4696238b,23652,7.8466,246
13c3b425,31115,7.8438,302
57170a9f,22565,7.8438,206
5f9a474d,23658,7.8466,246
1a751cf8,20992,7.8466,206
1419f10f,23647,7.8438,245
7b3552e1,30953,7.8466,302
7698c2e5,28513,7.8493,206
44389212,31141,7.8466,302
1ff29213,25860,7.8493,206
4e017956,26685,7.8466,275
41a5c523,27842,7.8466,206
eb5b308,27153,7.8493,206
7ebe0599,26875,7.8493,206
7e16b05e,20589,7.8466,206
6956cc60,23185,7.8493,241
757fc785,30862,7.8493,302
3071dbb5,27555,7.8493,206
3eed82ef,26174,7.8493,206
7532512c,26112,7.8493,206
7e7af3e0,20466,7.8493,206
406823e9,30737,7.8493,302
12c03bf1,27541,7.8493,206
759ca3b4,22754,7.8493,206
5cd0bb14,30657,7.8493,302
5d26bc0c,21257,7.8493,206
9094f2c,29578,7.8493,206
6a0af115,28071,7.8493,206
4eaa1bea,31453,7.8493,302
5ebb8088,27278,7.8493,206
7ea9850,28104,7.8493,206
6f44827d,30180,7.8493,299
5e727b54,20731,7.8493,224
7c980b5c,30121,7.8493,299
71afb134,25900,7.8493,206
7392d049,22769,7.8466,206
47c8b428,30449,7.8493,299
3eb57b7,27525,7.8466,206
7d59eb00,31392,7.8493,302
266ddaa6,30588,7.8521,302
20e9ee73,20829,7.8521,206
18508591,26035,7.8521,206
36b0a9b8,27558,7.8521,206
6bf5d779,30331,7.8521,299
675fed22,25468,7.8521,206
2aa7918,21475,7.8466,206
6d5f9548,22114,7.8521,206
28d4c985,29133,7.8493,206
30fa1740,27274,7.8521,206
5b3b2ac1,23162,7.8493,241
61c9dafe,30006,7.8521,299
70ade65a,29802,7.8438,206
7e3b912b,24902,7.8521,206
3e732016,26848,7.8521,206
1e1bc9bb,21741,7.8466,206
31aafeac,31477,7.8521,302
70821390,27149,7.8521,206
54484126,31146,7.8521,302
2e2a41f5,21662,7.8521,206
439c308e,27081,7.8521,206
5fc03e61,31278,7.8521,302
c3a2fd2,26489,7.8521,206
32cb6ec7,25749,7.8521,206
59cb94de,22959,7.8521,206
4cac69ff,25575,7.8521,206
2a15b158,25577,7.8521,206
53e9ded0,31500,7.8521,302
56cc7806,31032,7.8466,302
b5599b2,26027,7.8493,206
2419eab6,21884,7.8548,206
2301101c,23000,7.8548,206
16b85032,22770,7.8548,206
29f1d63f,21440,7.8548,206
3187d35e,22801,7.8548,206
78b4ed9e,29279,7.8548,206
5aa0c382,21732,7.8493,206
710ab93a,22592,7.8548,206
25674ee9,27807,7.8548,283
1d99d904,29277,7.8548,206
2a757438,30325,7.8548,299
76951e27,25919,7.8548,206
5272baa6,26820,7.8548,206
2961284b,25632,7.8548,206
41c8b222,31991,7.8548,309
24fc5df4,21434,7.8548,206
4d7da607,31047,7.8493,302
4c28cf24,22970,7.8548,206
129294a0,32017,7.8548,309
55f2bbde,21456,7.8548,206
6a4dafcb,26624,7.8548,206
751f72f9,26801,7.8548,206
7fc4c291,26091,7.8548,206
79757e5d,27273,7.8521,206
44f71f78,24990,7.8521,206
391916e6,28670,7.8548,206
6e16afbe,30641,7.8548,302
6ff72fd1,29841,7.8521,206
3c43b3b7,23205,7.8548,241
4d1c2cff,21201,7.8575,206
35135c9,27481,7.8575,206
58e10142,21119,7.8521,206
799ecfe2,31279,7.8575,302
55496ffa,26757,7.8521,206
5f3cf7e7,30011,7.8548,299
f070653,30511,7.8575,299
69298e,22952,7.8575,206
1ec1a0c6,26695,7.8575,275
26faff36,25458,7.8575,263
11785024,29318,7.8575,206
58143edc,27809,7.8548,283
57dfaa0c,25456,7.8575,206
4b407288,23386,7.8493,206
3ab23799,27559,7.8575,206
1c831c60,19665,7.8575,206
6918a99b,24938,7.8521,206
108388ba,20472,7.8575,206
581f7c10,30831,7.8575,302
733a9675,31195,7.8575,302
5f42adf8,29001,7.8575,206
530828f2,31024,7.8575,302
5268ceec,30635,7.8575,302
6ca486aa,28298,7.8575,206
5e1d0ea5,26688,7.8548,275
70d4217f,31355,7.8575,302
577a982e,30310,7.8575,299
1d9dd254,31094,7.8575,302
fc036ad,31816,7.8575,302
5ece21f3,22733,7.8603,206
5df679ec,28627,7.8548,206
2e8a1f74,30900,7.8575,302
20712156,21968,7.8603,206
f62c160,27127,7.8603,206
f9f5d12,21265,7.8603,206
570f334b,25525,7.8603,264
61c87c14,30756,7.8575,302
1f47bee6,27079,7.8603,206
591a1d79,22679,7.8603,206
369547c9,30181,7.8603,299
4317fbc4,20303,7.8603,218
611d176e,22667,7.8603,206
5f389982,31592,7.8603,302
1d8562e,21443,7.8575,206
c52759e,25713,7.8603,206
238d907a,20855,7.8575,206
2a224502,25867,7.8603,206
10beeb7e,23057,7.8575,206
34e99ae4,26496,7.8603,206
b518462,31459,7.8603,302
1b12c9b,21766,7.8603,206
4490db32,20302,7.8603,206
4f2e2713,25712,7.8603,206
7c228cf7,31388,7.8575,302
1ba06d16,21438,7.8603,206
1cd59894,20844,7.8603,206
2665ac08,22968,7.863,206
4a2fe467,20454,7.8603,206
75bd8db0,20804,7.863,206
5e5e8977,27814,7.863,283
36f3f37f,20481,7.8603,206
7d9bf7a1,25484,7.8575,206
2ea3f06a,31199,7.863,302
1e82dc12,20505,7.863,206
265e2b0d,31495,7.8603,302
19d6eb67,22680,7.863,206
343dfb84,21663,7.863,206
1d7c8e77,26076,7.863,206
2c6d1d12,26119,7.863,206
240726c1,31142,7.863,302
7fbd081e,27208,7.8548,206
6cb2ea8,20830,7.863,206
428a36ee,30144,7.8603,299
5f262150,28070,7.863,206
48cc3f52,31092,7.8603,302
17adf68d,27106,7.863,206
4838fd0,31008,7.8603,302
6a4102b1,21082,7.863,206
43de8604,29211,7.863,206
3bbf096c,31446,7.863,302
1b5d11b1,30230,7.863,299
235afcc4,26699,7.863,275
41ec2694,20704,7.863,206
76b5760b,30491,7.863,299
740b2a8e,23257,7.863,241
3582e5d8,29305,7.863,206
10187215,31447,7.863,302
3734b7e2,30655,7.863,302
41ca9370,30837,7.8603,302
2d2e2854,30125,7.863,299
61b2c55b,25865,7.863,206
3c6af248,24901,7.863,206
72e30c8f,31502,7.863,302
1e647c38,27158,7.863,206
b202d97,27071,7.863,206
7ccfb9b5,24935,7.863,206
62707acf,27096,7.863,206
175cecd6,26011,7.863,206
2a64c7b9,22781,7.8658,206
4aa2b3f5,30054,7.8658,299
3b6fbf86,21479,7.8658,206
20a21bf7,30007,7.8658,299
21211c47,27146,7.8658,206
516b7ee9,28974,7.8658,206
db131d1,30697,7.8603,302
5d3e2272,22160,7.8658,206
6df3f781,19453,7.8658,206
44190d5c,21631,7.8658,206
4e8fbf00,31908,7.8658,302
620e3911,28945,7.8658,206
1033852e,30155,7.8658,299
1a6cc5bd,21674,7.8658,206
1c4c1999,30596,7.8658,302
2f88d2af,25656,7.8658,206
5098e157,30720,7.8658,302
3c5db0fe,30741,7.8658,302
94f970f,28450,7.8658,206
30cb48ae,31585,7.8658,302
4c371fff,29669,7.8658,298
25c3a17c,22973,7.863,206
74482f7a,26114,7.863,206
1eac8765,31990,7.863,309
6a90bba8,20845,7.863,206
52e03fc7,26767,7.8658,206
6766e91e,21322,7.8575,206
1d0bdd38,31594,7.8685,302
72a978ca,27836,7.8685,206
21646f5f,25566,7.8685,206
711a4c74,25677,7.8685,206
323bad72,27556,7.8685,206
19f33b4e,31496,7.8658,302
7571ef16,30757,7.8685,302
b6decd7,26063,7.8685,206
9f16472,25579,7.8685,206
69857486,23787,7.8685,206
2aabe0d4,28099,7.8685,206
451498ce,30625,7.8685,302
217bcfef,28952,7.8685,206
23abed46,22596,7.8685,206
56f304a7,20832,7.8685,206
37c0245f,27811,7.8685,283
483b91ff,23191,7.8685,241
34869463,30272,7.863,299
7a1e6868,29135,7.8685,206
4cca49a8,26879,7.8658,206
586a8da7,24964,7.863,206
58cf3f45,30074,7.8685,299
519b411c,26802,7.8685,206
33e2c875,32046,7.8685,309
4f82c58e,30774,7.8685,302
43096e6c,18708,7.863,206
621d445f,31021,7.8685,302
69057aa1,31473,7.863,302
30727cba,23206,7.863,241
38000ed6,22964,7.8658,206
30b78a35,23091,7.8685,206
72a53ef0,28628,7.863,206
51910bb2,22731,7.863,206
69dfd9e8,22181,7.8685,206
653500c4,26932,7.8685,206
43015c00,31380,7.8685,302
3e3cf02c,30376,7.8685,299
67a9b0c2,30134,7.8712,299
4cc55815,25837,7.8712,206
70ae2546,20820,7.8712,206
3dd028b7,19621,7.8712,206
643412b1,30713,7.8712,302
4eb18155,30462,7.8685,299
4fb419d0,29317,7.8712,206
731d0501,23255,7.8712,241
89699f3,21478,7.8712,206
78354ca2,30901,7.8712,302
37f82049,28501,7.8685,206
7581a4ca,22753,7.8685,206
1d0f307b,27138,7.8685,206
34da9c33,30291,7.8712,299
1a944933,27010,7.8712,206
1ba726d,22309,7.8712,206
7736e07b,27052,7.8685,206
6005b100,28976,7.8712,206
429cf96a,28173,7.8712,206
b16ea5,31522,7.8712,302
fe9bda3,27100,7.8685,206
378cb0bc,26176,7.8685,206
6577953a,26626,7.8712,206
258294d7,25565,7.8712,206
67c42161,27145,7.8712,206
351f6475,25497,7.8658,206
6c18f9a9,22856,7.8712,206
5d8decd1,28451,7.8712,206
1b840128,27264,7.8712,206
3c45b81a,26016,7.8685,206
5576e2e1,26137,7.8712,206
7e888c57,21109,7.874,206
4c510c33,30160,7.874,299
27bacee7,28987,7.874,206
7767c9d0,28449,7.8712,206
264fa17a,26045,7.874,206
15e45c37,27277,7.874,206
5cb5d341,26888,7.874,206
2f3480e8,28975,7.8685,206
7f9c4bec,31373,7.8712,302
6bc021a9,30513,7.874,299
22205c48,21779,7.874,206
1512b9df,25486,7.874,206
47f66e52,25925,7.874,206
5c3d995f,31393,7.8712,302
1eaa4855,30178,7.874,299
748dff40,20480,7.874,206
30c0989,30339,7.8712,299
6b0b4497,31272,7.874,302
6298e81f,31501,7.874,302
546f2f85,28637,7.874,206
5433b896,31020,7.874,302
1817aaa5,31486,7.874,302
55cdb4fe,22664,7.874,206
37b2118,25600,7.874,206
2e4535f5,27561,7.874,206
67fbcfa3,27813,7.874,283
5dd04df9,30075,7.874,299
421c037b,23831,7.8712,206
18b589c1,30204,7.874,299
1f58fdbf,30012,7.874,299
ef16d1c,29307,7.874,206
2667af20,20833,7.874,206
442674c,25702,7.8685,206
300d0d84,23169,7.874,241
6860bb3f,30273,7.874,299
85b4eff,30229,7.874,299
73e517bc,20814,7.8767,206
640a668b,26117,7.874,206
3c3336a3,28746,7.8767,206
5167db59,26933,7.874,206
a647e3e,22818,7.8767,206
3ded7fc7,25397,7.8767,206
64d0850,25519,7.874,206
184ec0f7,22960,7.8767,206
779c7db4,21487,7.8767,206
5e2078f7,27526,7.874,206
8e537b3,26116,7.8767,206
ffbf6f0,31095,7.8767,302
66420720,25669,7.8767,206
7227b781,25861,7.8767,206
31019f03,21284,7.8767,206
2f1d8ef2,27331,7.8712,206
e647c0d,31025,7.8767,302
50cf6de0,31386,7.8767,302
78e901e6,28973,7.8767,206
37bd3ac5,28600,7.8767,206
2ecfe3f1,23951,7.8767,206
741448de,26057,7.874,206
59bdc645,30829,7.874,302
69eb0aa5,21691,7.8767,206
375e7e4f,20822,7.8767,206
615a82c2,23657,7.8712,246
56e2ff42,29298,7.874,206
72bb7063,25581,7.8767,206
676d7919,26816,7.8767,206
76f64571,26077,7.8767,206
2385cfbd,30656,7.8767,302
16fc059d,31403,7.8767,302
5725e0ef,23006,7.8767,206
5b0cfea3,19663,7.8795,206
56793a58,26696,7.8795,275
20df0de7,22844,7.8795,206
5885b38b,32047,7.8767,309
64c0a7de,30873,7.874,302
7bf4eae4,26080,7.8795,206
239c6048,30642,7.8767,302
56f0865b,25667,7.8795,206
37ef350c,31383,7.8795,302
6bd67964,29323,7.8795,206
6b905adf,21198,7.8795,206
2b4ef9c5,30629,7.8795,302
15e751d0,31684,7.8795,302
79de70a9,23002,7.874,206
776846ec,29919,7.8795,206
257932a6,27218,7.8795,206
4b3bcdfe,31022,7.8767,302
f4ff51,21238,7.8795,206
37d77dcb,27150,7.8767,206
5ef88f4c,30251,7.8795,299
2a4c587,22593,7.8795,206
8f5a642,24934,7.8795,206
120a2554,26903,7.8795,206
4c0bbb2,29280,7.8767,206
1e58d689,21757,7.8767,206
3af4a038,29324,7.8795,206
1f96d692,31026,7.8795,302
e6eceb2,30863,7.8767,302
2526f6c9,30903,7.8822,302
1e8af3f9,30202,7.8822,299
46be923f,28553,7.8822,206
59d40fb0,30804,7.8822,302
70df705e,21444,7.8822,206
39034087,31586,7.8822,302
4101d89,30723,7.8822,302
4e28c9fe,24807,7.8822,257
b9e02f2,21660,7.8822,206
724e35be,31430,7.8822,302
7918f629,30864,7.8822,302
5a3c96f5,23949,7.8795,206
17265059,26781,7.8795,206
21ce96d2,25789,7.8822,206
2e55d4ff,20805,7.8795,206
22aea490,31394,7.8822,302
1c39b752,29914,7.8822,206
228c011e,29221,7.8822,206
6176c1b9,24329,7.8822,206
77217b9b,26625,7.8822,206
20fccbcb,28995,7.8822,206
71ae7ba1,29299,7.8822,206
3368007b,30719,7.8822,302
4f69582e,25526,7.8822,206
98d709b,26110,7.8822,206
bfc6178,27876,7.8822,284
7c4c5b4,25590,7.8822,206
78e4c3a4,26482,7.8822,274
488d10d8,30623,7.8822,302
7dc95cbe,30360,7.8822,299
1f22f234,24939,7.8822,206
686a3b9e,20585,7.8767,206
77bdb709,25455,7.8795,206
299ab3b9,20670,7.8822,206
2256a62a,21784,7.8795,206
1e813698,22771,7.8795,206
16bad42e,31577,7.8822,302
4881064b,25485,7.8822,206
ca53c0f,30622,7.8822,302
705e5159,30675,7.8795,302
677c9c3c,18691,7.8822,206
5be783e9,30592,7.8822,302
2c72af6,26012,7.8767,206
329d2577,30022,7.8822,299
91776e,30015,7.8849,299
38f963c,25676,7.8849,206
7628f5ec,25679,7.8849,206
1adaf47a,26098,7.8849,206
1dcc3cf3,26764,7.8822,206
26e72526,31785,7.8849,302
2d460c93,31993,7.8849,309
3d2fc7db,23170,7.8849,241
1e69c600,30946,7.8822,302
52875171,29913,7.8849,206
5abce8e6,26062,7.8849,206
2e50d476,25899,7.8849,206
31811a8f,31143,7.8822,302
76958698,22842,7.874,206
2c3ebab8,26079,7.8849,206
445a6a97,30014,7.8849,299
4940a8c1,21699,7.8795,206
7667910c,29288,7.8849,206
6c81f50e,20473,7.8849,206
45a251ae,30514,7.8849,299
556dcf73,31817,7.8849,302
47fee7e9,30192,7.8849,299
c5f441c,22802,7.8822,206
1bc699d2,23494,7.8849,206
41fe3b42,22774,7.8822,206
788c2621,32259,7.8849,309
43217814,21196,7.8822,206
35a8abc8,28978,7.8849,206
1a0fbca6,30071,7.8822,299
32b2ce8,21719,7.8849,206
4b820541,21481,7.8849,206
3b840112,31539,7.8822,302
579730b3,21720,7.8822,206
5c096048,31429,7.8849,302
69f4b4d,21664,7.8822,206
5decfed2,31595,7.8849,302
467be8ec,29032,7.8849,206
73280ce8,31262,7.8849,302
5167cb4b,30051,7.8849,299
2dde2709,25933,7.8849,206
17fe560e,26762,7.8849,206
31fd6201,31992,7.8849,309
e5be095,25605,7.8877,206
61095f86,26627,7.8877,206
3d33cac1,31556,7.8822,302
5898a54f,31424,7.8877,302
996a981,30631,7.8877,302
2d6faf8c,22859,7.8849,206
22c8225a,14135,7.8877,150
27663b18,30748,7.8877,302
10e8100,29677,7.8877,298
1ca1feb3,31033,7.8877,302
20479607,26138,7.8877,206
43feaaa7,27159,7.8877,206
360d3559,29580,7.8877,206
25ca014d,27457,7.8877,206
5e668217,18360,7.8877,1
39a14c5d,21195,7.8877,206
f3c725c,30764,7.8877,302
7e0d2279,20369,7.8822,220
50c4291f,29804,7.8877,206
25f18a23,30343,7.8849,299
1601f964,26821,7.8877,206
7a43d76a,30636,7.8877,302
66050e6d,25597,7.8877,206
2a1b0500,21781,7.8877,206
619d7f04,24331,7.8904,252
bbe85ec,31018,7.8904,302
2237b62a,21190,7.8904,206
3b64a1d1,26157,7.8877,206
5ff8c950,25947,7.8904,206
2096a6a6,26006,7.8904,206
3f8fc278,21693,7.8849,206
217b9671,19445,7.8849,206
38d06947,14129,7.8904,150
2de65b6d,30019,7.8904,299
1ab7defa,26099,7.8877,206
6cbbd0ab,21488,7.8904,206
775d943c,30352,7.8877,299
6d8cb0b1,21786,7.8904,206
118e0b53,25920,7.8904,206
4c861ae4,31116,7.8904,302
2aafd274,31435,7.8904,302
5dcb1b2f,21323,7.8904,206
350dd97f,20506,7.8904,206
607df798,30446,7.8904,299
1e8788a8,29912,7.8849,206
78179fd,31497,7.8904,302
786fb53b,31019,7.8904,302
66b43ecd,31407,7.8904,302
32dc6c1d,25655,7.8904,206
69c19d18,29077,7.8904,206
65834f4c,27458,7.8932,206
22865767,23058,7.8904,206
736b6bae,30696,7.8904,302
16271186,22735,7.8932,206
69a1c521,26499,7.8932,206
798c9a1d,30447,7.8932,299
5192b899,21614,7.8932,206
7f17380c,30294,7.8932,299
18f87202,28602,7.8932,206
5b95f72,30319,7.8932,299
412b792c,26934,7.8932,206
73aee5d,29389,7.8904,206
5c89e4da,18709,7.8932,206
130472f6,29328,7.8932,206
7deb3853,32049,7.8932,309
97c8ba3,29680,7.8932,298
59e4d4d7,32008,7.8904,309
4ad84405,21698,7.8904,206
7a7b0c6a,25935,7.8904,206
1737a115,21319,7.8932,206
680a9d48,29300,7.8932,206
60fa1420,30802,7.8932,302
42c04c09,20509,7.8932,222
465376e,21677,7.8959,206
68d5624d,21222,7.8959,206
548942c2,31745,7.8959,302
64e20767,27542,7.8877,206
2482aff6,26792,7.8932,206
67067621,26154,7.8959,206
35b315bf,25927,7.8959,206
7987a751,25657,7.8959,206
99eab85,30377,7.8959,299
d2a5e39,24424,7.8959,253
3c66ad75,31369,7.8959,302
365dc8e1,24886,7.8932,206
680563a6,31412,7.8959,302
2c7cecd8,31145,7.8959,302
7378a4f8,20202,7.8959,206
7a7cb2e7,21879,7.8904,206
39a7e65d,29002,7.8959,206
7276d79d,26737,7.8904,206
441ff24f,22674,7.8959,206
5beb8ba1,27272,7.8959,206
5d780b8f,31405,7.8959,302
19f6e582,30161,7.8932,299
2240f179,31680,7.8959,302
2571d013,30658,7.8959,302
38488341,30814,7.8932,302
16bcab3f,30487,7.8986,299
33d25ba8,23473,7.8959,206
1888f489,21758,7.8986,206
64a62e52,31085,7.8986,302
670960e1,30879,7.8986,302
17b094aa,28970,7.8986,206
369e92ef,31694,7.8986,302
69ed1409,31596,7.8986,302
3fe43775,21747,7.8986,206
3c6c63d8,19580,7.8986,206
690d6d78,31455,7.8986,302
2f6aa53b,21767,7.8986,206
6d2153d3,27265,7.8932,206
6ced5f22,31398,7.8959,302
334083c4,28959,7.8986,206
49f9abea,25876,7.8904,206
2ea1d6cd,30063,7.8959,299
28b39874,25675,7.8959,206
1f5a7005,27844,7.8986,206
1c3ebccd,30871,7.8986,302
1b782eff,25796,7.8986,206
3bcf94e3,21626,7.8904,206
f8bdbd6,30515,7.8986,299
439d587a,32090,7.8959,309
19c89920,25697,7.8986,206
5ee76e76,25954,7.8986,206
fe34b17,30905,7.8986,302
26948c19,30237,7.8986,299
3c4b7a9d,28634,7.8986,206
7b480072,26008,7.8986,206
34714a9d,30410,7.8959,299
1e3945b3,26078,7.8959,206
6a340234,27812,7.8986,283
b171e90,24330,7.8986,206
9e1afaf,23841,7.9014,206
564d0c99,26763,7.9014,206
32917571,30018,7.8986,299
66d1ba4d,32097,7.9014,309
5581cb99,22780,7.8986,206
5f1a62a1,23253,7.9014,241
51199a51,27212,7.9014,206
1bf35e39,29033,7.9014,206
689a47fe,23204,7.9014,241
3729b72,25945,7.9014,206
58745586,20848,7.9014,206
4c964e19,21285,7.8986,206
45a287cb,29679,7.9014,298
7fbd9d36,21783,7.9014,206
680320b8,29274,7.9014,206
81fd05d,25582,7.8986,206
1221805b,27209,7.9014,206
43ecc10b,25714,7.8877,206
50abb06d,22107,7.9014,206
1d85caaf,29981,7.8986,299
215c5c20,22962,7.8932,206
5f3f5682,30443,7.8959,299
3f613308,30348,7.8986,299
1aa05976,23140,7.9014,206
1785ba97,25953,7.9014,206
547b491b,30621,7.9014,302
6234d9ef,23254,7.9041,241
7ac75736,25643,7.9041,206
2045f615,20803,7.9041,206
402c1bfb,31246,7.9014,302
4e11b174,31593,7.9041,302
43779bb8,29278,7.9014,206
a2ee2f8,30293,7.9014,299
4a906a6c,31124,7.9041,302
1bd25cf7,27528,7.9041,206
6a435306,25761,7.9041,206
291ad52b,25961,7.9014,206
54dedbd2,24607,7.9041,206
1dd4182f,29282,7.9041,206
6d7fb3f0,31363,7.9014,302
12b390f9,30463,7.9014,299
3011c936,25788,7.9041,206
d39ba7b,25633,7.9041,206
1dc9681f,25934,7.9041,206
13f30707,29004,7.9041,206
60643100,24808,7.8986,257
2d152436,25698,7.9041,206
be67ca6,22682,7.9041,206
6d3fb98d,32271,7.9041,309
3be0ada5,29270,7.9041,206
9ea2565,31134,7.9041,302
7944ed99,30365,7.9041,299
30a05ee1,31385,7.9041,302
51072145,28639,7.9041,206
3490e857,29807,7.9041,206
24f3dc99,27483,7.9041,206
1a40d027,29289,7.9041,206
28a5d2d8,25938,7.9041,206
1b4445cb,30925,7.9041,302
21e9552e,21696,7.9068,206
3d3478dc,21692,7.9068,206
47157d61,28707,7.9068,206
3b815eb0,26898,7.9068,206
2523e16,30833,7.9068,302
69795b57,23495,7.9068,206
77153c3c,30721,7.9068,302
46d088b0,25564,7.9068,206
251acc5c,26927,7.9068,206
6d2fe553,30317,7.9068,299
334ab815,23239,7.9068,241
4b2fcc43,25753,7.9068,206
55e1acf2,30803,7.9068,302
76e1f6fa,20482,7.9068,206
11942289,29041,7.9068,206
284bd0c6,23221,7.9068,241
6a1c4877,20507,7.9068,206
3242effa,31354,7.9068,302
2e1e4265,19509,7.9068,211
4b6d996e,22782,7.9041,206
3dd6bd25,30231,7.9068,299
35811518,28990,7.9068,206
1099116d,29922,7.9014,206
37185cf9,32671,7.8986,309
3faff0aa,30122,7.9068,299
2bb1b92,25922,7.9068,206
5a7160d1,28493,7.9068,206
341a221b,25684,7.9068,206
2f7b00f2,26919,7.9068,206
6f919f17,31132,7.9068,302
35ac7efc,26118,7.9096,206
640ae770,20476,7.9096,206
1eb205f8,28105,7.9096,206
32514898,26594,7.9068,206
13011793,31375,7.9096,302
708b4bc3,23842,7.9096,206
268680b0,20475,7.9096,206
1504d277,28083,7.9068,206
e22f2cb,30374,7.9096,299
24dd759f,21755,7.9096,206
364cf2b4,29982,7.9096,299
5680960,31123,7.9096,302
754a3539,27816,7.9096,283
537be826,31387,7.9096,302
189ec68b,25558,7.9096,206
2f369af,30742,7.9096,302
30125ef,26143,7.9096,206
47154398,27211,7.9096,206
44c36048,26044,7.9096,206
7359c4b1,30110,7.9096,299
7fef2824,30503,7.9068,299
66c89867,28726,7.9096,206
5418824,25926,7.9096,206
bac1ea5,26664,7.9096,206
618936a4,25720,7.9096,206
366d2f2d,29671,7.9096,298
30459fcc,28741,7.9096,206
1587855f,26380,7.9096,206
795e5fdd,21111,7.9096,206
2695039c,31147,7.9096,302
3a32537d,30438,7.9096,299
3965962f,26698,7.9096,275
22efb8e6,30193,7.9041,299
49bd9212,30909,7.9123,302
42969c4f,26929,7.9123,206
12d4e821,27147,7.9123,206
5f631e8e,25662,7.9123,206
4c11fe62,26768,7.9123,206
6490e526,25490,7.9096,206
4198c6a4,26851,7.9123,206
61ba3d32,31202,7.9123,302
371a5e3c,23237,7.9123,241
743b4453,30047,7.9123,299
3940c4ea,26914,7.9123,206
17612627,32006,7.9123,309
104b7f89,29306,7.9123,206
14f453b5,31532,7.9123,302
75c52802,31377,7.9123,302
5b72e335,31125,7.9096,302
45bcb662,31235,7.9068,302
45fa50ec,25596,7.9123,206
e403e6b,30126,7.9123,299
54ff479c,25944,7.9123,206
52998299,30422,7.9123,299
68b62158,31148,7.9068,302
1ebea8b4,30821,7.9123,302
3e1102a7,27101,7.9123,206
2085d9d0,26151,7.9096,206
31adc068,18347,7.9123,1
26d697a4,30805,7.9123,302
2fbe118e,20849,7.9123,206
44aee7c5,31364,7.9123,302
729cc1cd,23661,7.9096,246
30510212,22812,7.9096,206
4fc7e81d,26494,7.9151,206
2dedf176,29681,7.9151,298
7200a724,23001,7.9123,206
40a46cf2,25606,7.9151,206
4123e66e,21754,7.9151,206
55a5d52e,21480,7.9151,206
1781f8ad,26937,7.9151,206
604f44fe,32361,7.9151,309
3e01de0f,28638,7.9123,206
767ee5e1,31426,7.9151,302
47a090eb,21584,7.9151,206
45766044,30016,7.9151,299
5d2aacd7,30127,7.9151,299
47d86b38,25658,7.9151,206
7799346a,26491,7.9151,206
19b1e9d,30504,7.9151,299
3630639a,30897,7.9151,302
95f566d,32059,7.9123,309
d5a7dd5,25470,7.9151,206
335e3270,31013,7.9123,302
6a68bd70,25758,7.9151,206
1977726e,21197,7.9178,206
479d1040,27818,7.9178,283
5126771,25700,7.9178,206
171d8476,22116,7.9151,206
2a3ed99e,21194,7.9178,206
9f289bc,28971,7.9178,206
8782ab5,30383,7.9178,299
1cc162f8,30593,7.9151,302
27c824ea,31506,7.9178,302
3177f68d,25661,7.9151,206
6dd92b14,28635,7.9178,206
32f5f74f,31998,7.9151,309
243d8998,21690,7.9178,206
3f0bcbfa,31672,7.9151,302
42340681,21661,7.9178,206
4c7953d4,30440,7.9178,299
685c40c4,26181,7.9178,206
2065751e,30880,7.9178,302
469a6f24,21625,7.9123,206
5734cf,30297,7.9151,299
42877f9d,25752,7.9178,206
446673ea,31507,7.9178,302
72d10c8c,30156,7.9178,299
4eb651c2,31117,7.9178,302
4570108f,30488,7.9178,299
3cf2f42b,31786,7.9178,302
4bfc397c,31406,7.9178,302
37384980,25685,7.9178,206
7209c380,25948,7.9151,206
59713246,32161,7.9151,309
73ecd7cd,20370,7.9151,220
6edf479,31201,7.9178,302
3ac432e7,19454,7.9178,206
6af7c4fb,27230,7.9178,206
7f3024d7,31783,7.9178,302
16974974,21627,7.9178,206
d5f124b,32352,7.9178,309
595bcf07,25699,7.9178,206
27334e67,30148,7.9205,299
62e4fcea,25902,7.9123,206
b437f1c,31805,7.9205,302
7efbe975,31086,7.9205,302
17f9f94c,30353,7.9205,299
52bc5005,27006,7.9205,206
795f225a,30116,7.9151,299
44a21b60,26017,7.9205,206
54892777,25603,7.9205,206
7518dcd2,25703,7.9123,206
75d56dd9,31428,7.9205,302
66564c05,21262,7.9205,206
21781118,31999,7.9205,309
498fac82,31696,7.9178,302
3cd738df,25464,7.9178,206
f9a8ddb,31352,7.9205,302
517f8254,26501,7.9205,206
306eb9b2,30133,7.9178,299
35fa6ea0,26041,7.9151,206
6e55d991,31023,7.9205,302
43158b2d,31349,7.9205,302
6f319d4,29290,7.9205,206
1dbdb39,31782,7.9205,302
601ae8c4,20802,7.9205,206
543b7541,26121,7.9205,206
55562a4,22675,7.9178,206
b1f7888,29196,7.9205,206
3a6ee924,26158,7.9178,206
20c33c07,20203,7.9178,206
51c31a40,27240,7.9205,206
66a89474,24969,7.9178,206
5f32afa2,25936,7.9205,206
39fbf1c4,27877,7.9205,284
deaf864,23376,7.9205,206
42dacc65,30130,7.9205,299
49b7e562,21482,7.9205,206
1427759a,30778,7.9205,302
5dff6c44,22775,7.9233,206
7455c1b8,25567,7.9233,206
7f5658bb,29308,7.9233,206
35d3b74c,31588,7.9233,302
1af79fc9,31137,7.9233,302
734d4b49,24970,7.9233,206
3d418964,25756,7.9233,206
3ccc5d9f,31746,7.9205,302
e3ababa,29078,7.9205,206
7112493d,25487,7.9233,206
59d3f984,31541,7.9205,302
7ffc3ca0,21694,7.9233,206
2182a665,31529,7.9233,302
423a48c9,23092,7.9233,206
46386d3,30240,7.9178,299
1a64a3c3,27234,7.9205,206
2e619f64,26182,7.9233,206
3e8df661,21586,7.9233,206
26c0ba7d,20824,7.9233,206
4ca9804b,20806,7.9233,206
7c6f8aee,20823,7.9233,206
19857fdd,22755,7.9233,206
3bbd5936,29271,7.9233,206
5e6b1174,26505,7.9233,206
6ad28ede,26849,7.9233,206
2e3e5243,26782,7.9233,206
49e2d2ab,23251,7.926,241
137fddb,21688,7.9205,206
7bab27dd,30701,7.926,302
2a8ea577,23250,7.926,241
54546a86,21240,7.926,206
bfc8d2d,30420,7.926,299
29cbd640,21628,7.9205,206
76b17b13,29924,7.926,206
1c62f19,25543,7.926,206
6ebc5fe9,27815,7.926,283
2e8430ec,27281,7.926,206
1932eda8,28297,7.926,206
64a6647e,27529,7.926,206
54282114,23172,7.926,241
13011be9,31149,7.926,302
58676f6f,31097,7.926,302
56b68666,22436,7.926,206
1e49d5a,24931,7.926,206
14512cf3,31163,7.926,302
63153134,26155,7.9288,206
133d1337,21891,7.9288,206
77ae2501,27254,7.926,206
15c90824,31172,7.9288,302
3062498a,32050,7.9288,309
2dc9ddc1,31376,7.9288,302
2bc97354,23833,7.9288,206
761cc621,30681,7.9288,302
5490ef71,30021,7.9288,299
37d417f7,20854,7.926,206
31489cec,25914,7.9288,206
5767918a,21464,7.9288,206
2eda19d3,27155,7.9288,206
475a6889,26484,7.9288,274
1462fc74,27482,7.9288,206
39e3aa0,22821,7.9288,206
689e0098,26144,7.9288,206
7c943322,20815,7.9288,206
7f16e198,28629,7.926,206
3bb9b320,21321,7.9288,206
d2f9fe0,24980,7.9288,206
152dc41d,25545,7.9288,206
48fdf8b9,26064,7.926,206
2fca1f,31491,7.9288,302
718e9565,31273,7.9288,302
a78aa65,26142,7.9288,206
2de7a3a3,26075,7.9288,206
5366fb32,25939,7.9315,206
56c66986,31796,7.9315,302
1922dab9,30643,7.9315,302
53048170,27102,7.9288,206
9489885,26177,7.9315,206
1de7f22b,30779,7.9288,302
6d935df5,27152,7.9315,206
11239331,31177,7.9315,302
8fc9398,25757,7.9315,206
704772c,21734,7.926,206
6f689247,25621,7.9315,206
7c1270ce,31356,7.926,302
4a454bf9,21191,7.9288,206
3d4edbb1,26628,7.9315,206
51c2ffd3,25750,7.9315,206
755b5fd0,31682,7.9315,302
15a1c801,31535,7.9315,302
5ef91a57,27279,7.9288,206
18834a3c,21700,7.9315,206
37893323,27400,7.9315,206
2cf30413,21199,7.9315,206
3a4e8878,30234,7.9315,299
389ee7a7,25671,7.9315,206
5a470459,21793,7.9315,206
4670cbbc,29303,7.9315,206
72178cfd,25601,7.9315,206
3cd4d78f,27053,7.9342,206
7338ac6d,28958,7.9342,206
33d5a49d,20831,7.9342,206
7deba67e,25514,7.9315,206
24bc63af,30988,7.9342,302
67197ee3,20856,7.9315,206
51f4eda9,29908,7.9315,206
4f1b4a46,20732,7.9288,224
6f63dd8d,25598,7.9342,206
432158e4,14133,7.9342,150
7b9e3877,26084,7.9315,206
5076e7ee,25955,7.9342,206
35ce7c8c,26852,7.9315,206
20925909,30139,7.9315,299
516c7723,20825,7.9342,206
1843f392,30232,7.9342,299
4443070c,30493,7.9342,299
5eafc60a,26141,7.9342,206
2b175bbb,19664,7.9342,206
6cc796c7,30676,7.9342,302
7e6632d3,31131,7.9342,302
5ea03113,30333,7.9342,299
59788636,30609,7.9342,302
79478485,27280,7.9342,206
f3287dd,31161,7.9342,302
29e644c4,29670,7.9342,298
7691c042,21701,7.9342,206
7e49c9d0,31947,7.9342,302
6b45b190,30419,7.9315,299
2ee363d1,22772,7.9342,206
3538c2ad,26920,7.9342,206
4d538798,25960,7.9342,206
b5c6693,30157,7.9342,299
3e9471c2,22845,7.9315,206
4d4af117,30464,7.9342,299
1c74c061,31687,7.937,302
74f44582,31918,7.937,302
697330bf,30995,7.937,302
6e3e34dd,21892,7.937,206
732ba6cf,30326,7.937,299
49661703,30318,7.937,299
78cd1268,25616,7.937,206
1f6893f8,27560,7.9342,206
6feebe62,23164,7.937,241
41dd608e,22975,7.937,206
70d583d1,26840,7.937,206
387aa9b9,31478,7.9315,302
63561a1d,27256,7.937,206
79d1a5bb,30123,7.937,299
8d0cddf,21669,7.937,206
5322731f,28960,7.9342,206
3e783fa3,31871,7.9315,302
6d2d5c83,22132,7.937,206
12ee2ad0,27878,7.937,284
7f174609,26939,7.937,206
5e3632f2,25946,7.937,206
19a5d0e0,30767,7.937,302
59dfe240,31479,7.937,302
26255bff,26926,7.9315,206
21ebc2fc,32091,7.937,309
60970dbe,30029,7.937,299
28e1af7a,25538,7.9397,206
16fe24f1,22182,7.937,206
3015198c,26502,7.9397,206
3c6356d2,25873,7.9397,206
21e25266,26511,7.9397,206
43608f80,23245,7.9342,241
5a68b5b1,30962,7.9397,302
24dee2b1,31788,7.9397,302
3c1f56df,26500,7.9397,206
1aec5248,25728,7.9397,206
5d37d21a,31873,7.937,302
4ac95311,25641,7.9397,206
585aa013,30111,7.9342,299
eaf7867,25877,7.9397,206
70708a0b,26048,7.9397,206
c3d6776,30115,7.9397,299
819f67d,30274,7.937,299
48407ec3,31408,7.9397,302
30c61b91,29920,7.9397,206
5382a891,25672,7.9397,206
269b8ec6,25940,7.9397,206
6d665ab0,19505,7.9397,211
6dfcde1e,25771,7.937,206
2b7c2510,31578,7.9397,302
516b6307,22022,7.9397,206
e870040,31378,7.9397,302
58023a0,21665,7.937,206
4f9ed2a5,31520,7.9342,302
45e7f30a,25642,7.9397,206
28c81607,27401,7.9397,206
3a000668,27485,7.9397,206
15a8c3e8,30197,7.9397,299
73547ef6,30881,7.9425,302
16ed664e,22828,7.9397,206
77cdce1f,29038,7.9425,206
4e7f31b9,23177,7.9425,241
347af4df,26115,7.9425,206
64098f68,25651,7.9425,266
2ea2b060,20511,7.937,222
7dad08c0,28749,7.9425,206
4a680c35,31379,7.9397,302
29d7d5ab,28989,7.9397,206
18d6d36,23196,7.9425,241
14738ecf,31371,7.937,302
1e7021d0,23192,7.9425,241
79291eba,25491,7.9397,206
99dd538,25727,7.9425,206
6313fde0,31775,7.9425,302
6b9e12bb,31948,7.9425,302
53d0e1f7,31361,7.9397,302
747fc0b9,27282,7.937,206
132cff1b,29921,7.9425,206
6facec63,26067,7.9425,206
743c30e7,21796,7.9425,206
7e4c4cd1,26179,7.9425,206
1c9bf19,25583,7.9397,206
a6cb024,26697,7.9425,275
22b9afe,31673,7.9425,302
602ad93c,26508,7.9425,206
17052954,21598,7.9425,230
b33d5a1,26904,7.9425,206
6431b973,30898,7.9452,302
3a932361,30877,7.9397,302
462e2ee,22590,7.9452,206
11e9b11e,30492,7.9452,299
78fa7871,22978,7.9425,206
5bd1d424,30958,7.9452,302
48372822,25722,7.9452,206
148a017b,30301,7.9425,299
661f7e31,22955,7.9452,206
3f18da6b,31454,7.9452,302
6a3d5958,30441,7.9452,299
1bba1a05,25546,7.9425,206
5fff51d0,31617,7.9425,302
26cd13c6,21193,7.9452,206
26ba69de,22750,7.937,206
6d9b353e,32126,7.9452,309
484f988c,25533,7.9452,206
6d2f160,27266,7.9452,206
12195f43,26509,7.9342,206
73d39cfd,23060,7.9452,206
4755757c,30637,7.9452,302
736a0ee2,25466,7.9452,206
62a2b81e,21787,7.9452,206
df9f4c3,26907,7.9452,206
61eb9e95,31851,7.9452,302
42558154,27148,7.9397,206
3540a348,21223,7.9452,206
54dd4720,30981,7.9452,302
77dd16cf,30030,7.9425,299
4a7f2197,23662,7.9397,246
24ce56ad,25849,7.9479,206
440b7c93,30149,7.9479,299
14a4fb9f,31869,7.9452,302
bd0ecaa,22783,7.9452,206
381017de,26065,7.9479,206
18ac0042,32092,7.9479,309
2995f45,22846,7.9479,206
61bc235a,30974,7.9479,302
6ebd554f,30238,7.9452,299
43b6e542,30739,7.9452,302
5d763304,30908,7.9479,302
49dc5d9f,30985,7.9479,302
51cf31bc,31138,7.9425,302
18ff1740,26083,7.9479,206
69d972bc,25653,7.9479,266
6dca55e5,31118,7.9479,302
5482cd89,32093,7.9479,309
1c8b54b,30825,7.9452,302
aa8a258,19511,7.9479,211
29a2261f,32331,7.9479,309
bccfd05,22813,7.9479,206
3416e4e4,32060,7.9479,309
49751cdd,30768,7.9452,302
70307dc0,30839,7.9479,302
489a2f07,24618,7.9479,206
24d2c7c4,23648,7.9479,245
27e0267e,28708,7.9452,206
5a901862,25607,7.9507,206
544d913f,21679,7.9397,206
4db67ea6,32048,7.9479,309
7f686c33,32354,7.9507,309
591d7676,30072,7.9507,299
6161d003,25822,7.9507,206
1f5cc1c7,32020,7.9507,309
23e92feb,30179,7.9507,299
18758600,31080,7.9507,302
11f54326,30382,7.9479,299
7efb78d3,20348,7.9479,206
7d0dc32,30332,7.9507,299
6d2c3d54,32018,7.9479,309
56fbafa4,28077,7.9507,206
1287f779,26769,7.9507,206
73637848,25701,7.9479,206
72d31b5a,31979,7.9507,309
7e194ec9,25921,7.9507,206
4f2b5f27,30380,7.9507,299
75144821,32028,7.9507,309
1d5dcff3,25913,7.9452,206
77be0ec9,21489,7.9507,206
7116913,31432,7.9507,302
164e7001,31249,7.9507,302
436579f1,30882,7.9452,302
146764fc,30243,7.9507,299
2b7d0add,27297,7.9507,206
67b613d4,32000,7.9507,309
607981ad,31692,7.9507,302
55f3ec77,28984,7.9507,206
8bbc6a2,30359,7.9507,299
27d413cd,32029,7.9507,309
48e0c5bb,25398,7.9534,206
70ab9c50,22671,7.9534,206
5cf31f01,31768,7.9507,302
a2b5ceb,29909,7.9534,206
d667c18,30220,7.9534,299
218338f8,31078,7.9534,302
261e3eae,25835,7.9534,206
24a87fa4,31073,7.9534,302
65cc20de,25457,7.9507,206
35d0e488,18339,7.9534,1
be8c896,31471,7.9507,302
339475eb,26719,7.9534,206
2df2b121,31599,7.9534,302
375a6997,28742,7.9534,206
73df991b,31136,7.9534,302
59c3f50,25950,7.9534,206
487deb0d,31683,7.9534,302
58d6f4c4,31587,7.9534,302
3c242898,30770,7.9534,302
448bf490,31082,7.9534,302
58a6f6f3,27008,7.9534,206
7f244b69,21268,7.9534,206
103be09d,30210,7.9534,299
d466aea,31525,7.9562,307
62b814df,31681,7.9562,302
729f0b37,25763,7.9534,206
3f9a74e2,31427,7.9562,302
706a5484,26009,7.9562,206
4e457159,23193,7.9562,241
15cbca14,32579,7.9562,309
6c798aa2,27051,7.9562,206
28deab,31570,7.9562,302
22c4645e,25612,7.9562,206
476e16e6,32578,7.9534,309
67e2a833,21645,7.9562,206
2179efe2,31088,7.9479,302
209e8907,21585,7.9562,206
177062d4,30375,7.9562,299
6521e339,30302,7.9562,299
b491680,26113,7.9562,206
5fcb705f,28946,7.9562,206
4bb9dfb0,25977,7.9562,269
21ebc5d5,22773,7.9562,206
7cb212b3,23141,7.9562,206
62552a7e,31877,7.9562,302
6618e7e3,30355,7.9562,299
63d9f0cf,30822,7.9534,302
570e5edb,26847,7.9562,206
6ea921ac,26507,7.9562,206
1c63440c,26793,7.9562,206
57ae8b24,30393,7.9562,299
762859cd,32190,7.9562,309
5a5b904f,28985,7.9534,206
5c9eec2c,25664,7.9562,206
7f4abb30,25489,7.9507,206
4b186325,26841,7.9562,206
4dc74be1,20835,7.9534,206
c0dc4e0,29287,7.9562,206
669321f9,26050,7.9562,206
4c2a8520,23194,7.9562,241
4423c6cb,21267,7.9562,206
334c15ed,31600,7.9589,302
4c2f7694,30632,7.9589,302
53a7dbba,24923,7.9589,206
5434f9b4,21465,7.9589,206
e7b7867,20864,7.9562,206
415643ea,21685,7.9562,206
5d4be738,25527,7.9589,206
6ae7b1d3,30470,7.9589,299
19ed0c62,31399,7.9589,302
4c80f778,31014,7.9589,302
4e70bbf7,21266,7.9589,206
19cef2c3,25821,7.9589,206
68317384,31232,7.9589,302
23c162cd,29780,7.9534,206
68a5ca41,27233,7.9589,206
613657c,27402,7.9589,206
65dd9b69,25471,7.9479,206
4d224a15,32036,7.9589,309
187107ab,31155,7.9589,302
b137632,28747,7.9589,206
16b6daa9,30303,7.9562,299
1f390dc5,28630,7.9562,206
40148ed5,30176,7.9562,299
50a6d203,31444,7.9589,302
7065392c,27298,7.9589,206
5343390d,32577,7.9616,309
55ac2c20,31537,7.9616,302
12dcdf8a,31322,7.9616,306
276545c0,30389,7.9589,299
436305df,25969,7.9616,269
25b3f17a,26183,7.9616,206
7c4610b9,30219,7.9589,299
395275aa,30769,7.9616,302
710001b4,30046,7.9616,299
2a16afb6,22843,7.9616,206
1014a3af,29672,7.9616,298
5c1baacc,25823,7.9616,206
2de70d5a,30846,7.9616,302
6b91531c,30917,7.9616,302
32936c4f,31451,7.9562,302
7afa869,23165,7.9616,241
63145d17,22173,7.9616,206
6633f9a,31559,7.9616,302
7ecc0ede,30282,7.9589,299
137b6fd1,26817,7.9616,206
3aa398e5,30023,7.9616,299
3dfda4ff,31090,7.9616,302
40b58338,30344,7.9616,299
2abdb185,27237,7.9589,206
5f35fb5b,31579,7.9616,302
1778128b,30731,7.9589,302
19687443,20846,7.9589,206
746ad4,26908,7.9589,206
31bac431,29925,7.9616,206
5dfa3d7d,31791,7.9644,302
c6ceb07,27253,7.9644,206
2de5faba,25680,7.9616,206
7ade49c7,32316,7.9644,309
1d2291e1,25735,7.9644,206
11bf56ed,23649,7.9589,245
130d5e4a,25465,7.9644,206
1b15bd9d,26047,7.9616,206
55cc6d3,23176,7.9644,241
12b19a87,20514,7.9644,222
79d2be02,30140,7.9644,299
54507c,32555,7.9644,309
369becbe,31370,7.9644,302
28e03d48,23197,7.9644,241
44aea4f8,30614,7.9644,302
665bdba1,20817,7.9616,206
fcc25c8,21599,7.9616,230
266f4304,31567,7.9644,302
4bc61e8b,25904,7.9616,206
1757aa55,30689,7.9616,302
2fe9edcd,28748,7.9644,206
41e57f9d,25794,7.9644,206
1dce63c6,31372,7.9616,302
37e16728,26051,7.9616,206
5786639c,31448,7.9589,302
3df5f766,31531,7.9644,302
47fb879f,21324,7.9671,206
534b634d,25967,7.9644,206
6faf862b,28616,7.9671,206
bd182c1,31584,7.9671,302
198d0a1a,26938,7.9671,206
1154536d,27015,7.9671,206
25901b2,28619,7.9671,206
448ed5ac,30969,7.9644,302
5194cb2,30749,7.9671,302
74b55bd1,20857,7.9671,206
3eb61001,27109,7.9671,206
4749b111,31787,7.9671,302
2b09bc96,29039,7.9671,206
dd76cdb,29304,7.9671,206
42e4cd0f,31674,7.9671,302
1cd17d51,21239,7.9671,206
169a86e3,30304,7.9671,299
209d915f,30214,7.9616,299
713b039d,26829,7.9671,206
4475acf6,25532,7.9671,206
53d96adc,29915,7.9671,206
113643da,31413,7.9671,302
591690f0,31425,7.9671,302
5ded2fca,32013,7.9671,309
34162a9d,23753,7.9644,206
72a35e12,30177,7.9671,299
2c813949,30411,7.9671,299
46ed5772,25708,7.9671,206
f8a9790,27005,7.9671,206
354d236e,26042,7.9644,206
3b2d6ad4,26930,7.9671,206
3e6afdee,26007,7.9699,206
1b84d01b,26828,7.9699,206
4069f2ec,30283,7.9699,299
10c25bff,23834,7.9699,206
3bbedac3,25903,7.9671,206
79ae5184,31064,7.9699,302
6cc24805,31048,7.9644,302
6ec4fd43,25637,7.9699,206
b1198f2,19666,7.9616,206
7334e0f4,23178,7.9699,241
449742a2,25949,7.9589,206
131a0798,23143,7.9699,206
4be6364e,30394,7.9699,299
7dd4f1b7,32052,7.9699,309
49f9816e,29327,7.9671,206
4250dba4,27118,7.9699,206
15863267,30423,7.9644,299
3cac131e,23195,7.9699,241
46821683,21200,7.9699,206
43f50dcc,31627,7.9699,302
73c73ed,29037,7.9699,206
5bd4a4f7,31874,7.9699,302
d348700,30361,7.9671,299
66447007,22992,7.9699,206
5408b07,26856,7.9671,206
203d439,25957,7.9699,206
7c8e3b92,27119,7.9699,206
552bbf84,29222,7.9671,206
102a296e,32369,7.9699,309
c94954e,29137,7.9699,206
1cb6de5,29805,7.9699,206
99425c7,20816,7.9726,206
4c03cad2,31690,7.9699,302
48b40cc2,22922,7.9726,206
6022ce7f,29003,7.9726,206
3adc23db,28991,7.9726,206
75a0478e,26629,7.9726,206
30a9583b,31530,7.9699,302
99cdbc8,30048,7.9726,299
124e835a,25809,7.9726,206
60e1ebf2,27257,7.9726,206
7af44fcd,18361,7.9726,1
65ba5418,28596,7.9726,206
39cb65c7,31414,7.9726,302
cd327da,26485,7.9726,206
57ca1f60,21789,7.9726,206
31f80290,25536,7.9726,206
69aab945,32591,7.9726,309
f8feed4,23240,7.9726,241
7cd2ae5d,30233,7.9726,299
6698613a,20745,7.9699,224
7b649fb8,31087,7.9726,302
af9fec6,30989,7.9726,302
6bdf5171,30977,7.9726,302
36a50e4d,26023,7.9726,206
3ddac534,20821,7.9726,206
5f6cee82,27306,7.9671,206
aa2388,27283,7.9726,206
4560e295,26512,7.9726,206
6aba1a42,19387,7.9726,210
506248c2,31704,7.9726,302
5ba94b12,25682,7.9753,206
6389b61b,21785,7.9753,206
4a202e95,31750,7.9753,302
326e7f81,21761,7.9753,206
70d85713,28983,7.9753,206
61b873c1,25617,7.9753,206
511729d4,21587,7.9753,206
56d081bb,31288,7.9753,306
752556d1,31909,7.9753,302
4f2f3883,31995,7.9753,309
e7cd490,31350,7.9671,302
3cae6a83,31580,7.9753,302
1eaa30ac,31152,7.9699,302
2877f8da,31597,7.9753,302
40c77110,30182,7.9753,299
f72f1f9,30772,7.9726,302
40128feb,31043,7.9726,302
2c00ba1c,26795,7.9699,206
34656b5c,30978,7.9753,302
16e3fbba,30615,7.9753,302
60dcd7ec,27403,7.9753,206
176fc92a,31855,7.9781,302
3e165181,30473,7.9781,299
1427f292,31051,7.9781,302
3e215014,27160,7.9781,206
30925857,25608,7.9781,206
2136e294,21750,7.9781,206
275332e9,25625,7.9726,206
4e9c89b0,28585,7.9726,288
428a53bb,30594,7.9781,302
4ca71705,30340,7.9781,299
543e3b3c,20375,7.9753,220
6a449f28,31513,7.9781,302
40bf4ad9,31480,7.9753,302
50b8defe,30970,7.9781,302
757ae80e,30056,7.9781,299
3b898456,29291,7.9726,206
1dae87c,32562,7.9781,309
17039997,25800,7.9753,206
359b39e1,22976,7.9781,206
4247b030,30758,7.9753,302
1488390c,27235,7.9753,206
28977e90,29030,7.9781,206
1f4cc52b,30771,7.9753,302
66ec8cb7,30843,7.9753,302
2e4ac256,20491,7.9781,206
7374b312,30345,7.9781,299
2ceb3684,22947,7.9781,206
3d54296e,30780,7.9808,302
c4d5b7c,22847,7.9808,206
11cf2eb,31677,7.9808,302
59d843a0,25604,7.9781,206
2044a02d,30145,7.9808,299
1bdc1a94,25836,7.9808,206
76fe6b14,32009,7.9808,309
5d4fd8ab,31156,7.9808,302
100e480c,26830,7.9808,206
233b6289,28947,7.9808,206
bd0ccee,30490,7.9808,299
e904071,25951,7.9808,206
bb32c7c,26068,7.9808,206
699f5b2e,26152,7.9753,206
6ee8d012,32308,7.9808,309
64a54d4f,32594,7.9808,309
5dd128dc,26794,7.9808,206
68ba1a62,21647,7.9781,206
7a781bc5,20374,7.9808,220
692d698f,25942,7.9808,206
27ac8ed0,30765,7.9808,302
1ffdf94d,25952,7.9808,206
25617f44,21706,7.9808,206
27821b76,27129,7.9781,280
1b820fa0,31856,7.9808,302
649bcb58,31838,7.9781,302
14dc7117,27107,7.9808,206
277249b9,31280,7.9781,302
3ae9a797,30049,7.9781,299
d875217,26184,7.9808,206
377c99f4,20494,7.9836,206
405f02c5,29320,7.9836,206
65eacf2a,26923,7.9836,206
37fdc046,23173,7.9808,241
dd3b44,25665,7.9836,206
53bdb192,21483,7.9836,206
17fe3509,31286,7.9836,306
6b4cc80a,27007,7.9808,206
326acad5,31263,7.9808,302
3327d36d,31761,7.9808,302
5b84c0c7,31487,7.9836,302
658bdb04,31747,7.9836,302
688a4327,31173,7.9836,302
6a227203,26822,7.9836,206
c521081,32318,7.9836,309
71ad7b34,31151,7.9808,302
4ac5cdfe,25482,7.9836,206
706c3cfa,30153,7.9808,299
6ca6ec6e,30356,7.9808,299
76485e15,25848,7.9836,206
1206c71f,32141,7.9836,309
31cb249,30841,7.9836,302
60367570,31036,7.9836,302
5802ebd8,29319,7.9863,206
6c8ebe3b,30472,7.9836,299
4814a28a,30884,7.9863,302
2e7cdf3b,27168,7.9863,206
61efbd07,29682,7.9863,298
21d79c5f,29080,7.9863,206
7afd71de,27484,7.9836,206
7809a867,29079,7.9836,206
15e4451e,30498,7.9863,299
11f1c769,30341,7.9863,299
5d29c59e,30428,7.9808,299
48d6e768,30342,7.9863,299
41324cb9,20733,7.9753,224
745f6a0a,27252,7.9863,206
74cd9e68,30031,7.9863,299
4336f95a,30448,7.9863,299
5020d197,25724,7.9863,206
3a418ae,26701,7.9863,275
bf83907,21635,7.9863,206
1b02f86c,31878,7.9863,302
6f8a3e7f,18340,7.9863,1
6cdf876,31416,7.9863,302
39f0e670,31583,7.9863,302
178f7375,26758,7.9863,206
43b2fb59,31710,7.9863,302
1ab2e888,31870,7.9863,302
16ffb22a,30508,7.9863,299
28381f4c,30659,7.9863,302
1645bf5d,31803,7.9863,302
1b3ef3b5,21571,7.9863,206
11f0947b,31174,7.9863,302
703b7c1a,31049,7.9863,302
26f807af,30469,7.9863,299
1811cf2e,32191,7.9863,309
552c7a53,31790,7.9863,302
23153426,29197,7.9863,206
4f5ac8aa,30651,7.9836,302
67cfc015,22164,7.989,236
642aa6f7,29223,7.989,206
72547de3,30320,7.989,299
786ac38b,31089,7.989,302
616c5bb4,30285,7.989,299
50404470,30716,7.989,302
12a80fe,23147,7.989,206
2ff26dcb,24619,7.989,206
2f0a7d30,29031,7.989,206
2cc0327a,26043,7.9808,206
3e269990,29016,7.989,206
7e719056,26818,7.989,206
17a96e89,26049,7.989,206
3ad7cde4,31327,7.989,306
485609c8,23146,7.989,206
1ee164d3,26935,7.9863,206
2d2aebb6,31504,7.989,302
1e18ced8,31601,7.989,302
712b15bc,25797,7.989,206
75975e90,29866,7.989,206
df711a3,31098,7.989,302
203eb939,21572,7.989,206
77fa2cf0,27299,7.9836,206
4d02af3a,31268,7.989,302
5ed54146,29916,7.989,206
4fdd9f3f,30904,7.989,302
40025224,31705,7.989,302
4a05e9af,32471,7.9781,309
5413a167,25966,7.989,206
2cc873ef,30597,7.989,302
11f9f7d2,31930,7.9863,302
a94ee9e,26909,7.9808,206
6b61fcd4,31287,7.989,306
24b68647,25723,7.989,206
20db38d,25610,7.9863,206
4634b344,31853,7.989,302
76261dfb,25541,7.989,206
28bf238a,25681,7.9918,206
6a04e3e2,21788,7.9918,206
38ab1c64,30454,7.989,299
57554127,30444,7.9918,299
115a57f3,27530,7.989,206
40288521,30158,7.9918,299
7423662e,30971,7.9918,302
2080e97c,30633,7.9918,302
5da1c832,27258,7.989,206
1a0276c6,31509,7.9918,302
3deeb7f3,31493,7.989,302
6e5d0824,20204,7.9918,206
717b3abe,30883,7.9918,302
261f89f9,25810,7.989,206
4f36f66c,30698,7.9918,302
468b1d0a,30759,7.9918,302
e927b07,31712,7.9918,302
8085ed9,30284,7.9918,299
63f40fa8,30372,7.989,299
70f54c22,25721,7.9918,206
50528557,30660,7.989,302
6e086c7b,25622,7.9863,206
2fe8863a,31203,7.9945,302
735f78fe,32586,7.9945,309
39eb0eda,30239,7.989,299
7ec9fdb8,21484,7.9918,206
63a5d199,28672,7.9918,206
4e630222,26765,7.9945,206
66990111,31462,7.9945,302
38d3006d,31789,7.9945,302
46f30b98,30965,7.9918,302
278f5042,31772,7.9945,302
6aeb6433,31178,7.9945,302
3c4f095e,32040,7.9918,309
62be7a84,24620,7.9945,206
3fee2bd1,27103,7.989,206
e150ae3,31618,7.9863,302
4ad4e786,25547,7.9945,206
5bafde02,31044,7.9945,302
15d1c605,31562,7.9945,302
33b5844e,27300,7.9918,206
25d20124,30183,7.9945,299
6b8e23c2,25705,7.9945,206
11a5a4a,31521,7.9945,302
5eb0ad69,32007,7.9945,309
7bca3773,26850,7.9945,206
603037e1,31685,7.9945,302
6e3652c,29005,7.9918,206
7fb8585d,30854,7.9945,302
24b86926,23145,7.9918,206
ee3a36d,20836,7.9973,206
6f8d026f,31238,7.9973,302
524ac573,31396,7.9973,302
7d1428ad,21639,7.9973,206
6ff98670,21640,7.9945,206
35dc7745,26921,7.9973,206
2cfc9359,30350,7.9973,299
26b75258,23144,7.9973,206
212eb29b,31691,7.9945,302
34a7e067,28751,7.9973,206
25cb8a90,25729,7.9973,206
73fba733,30766,7.9945,302
53f36b55,26922,7.9918,206
6f420e86,25824,7.9973,206
3bacd39f,20492,7.9973,206
42ca4170,31658,7.9973,302
5f086247,32163,7.9945,309
6c26a425,22974,7.9945,206
136fb119,30505,7.9918,299
4e02b8c0,31281,7.9973,302
5e53a1b1,26071,7.9973,206
145323db,30261,7.9973,299
70adcdbf,26911,7.9945,206
78d21d2,21643,7.9945,206
6984af43,30682,7.9973,302
66ad23ae,31129,7.9945,302
329bde0b,29138,7.9973,206
a3e2746,31285,8,306
7106bfc0,30392,8,299
3ca13fb3,20862,7.9973,206
1f6b8383,31571,8,302
53d9d99a,31540,8,302
3fde2e6c,28673,7.9973,206
7b627ee8,31076,8,302
38d68d9c,30683,8,302
278184f0,27275,8,206
25de9615,31920,7.9973,302
6b3d718c,21703,7.9945,206
340d73d,29325,8,206
3628fd2a,23788,8,206
f7610a4,25841,7.9973,206
5ec94161,25624,8,206
443a9042,31492,7.9973,302
5ef8fa25,31510,8,302
68a88f2,31549,8,302
4026501,30362,8,299
5b8437f8,21791,8,206
3ed6c5e9,32535,8,309
64c8ef1c,31415,8,302
709e68ad,30964,7.9973,302
5d52702d,21648,8,206
692e8d49,30241,7.9945,299
13ef4c63,31247,8,302
307ce10d,21697,8,206
5917a58e,30724,7.9973,302
33a42caf,31818,7.9973,302
428a3694,31027,7.9973,302
1e741c18,23242,8.0027,241
54e4f223,30430,8,299
2efdbb57,32137,8.0027,309
9f0a9dd,21646,8.0027,206
7cfb3fa2,30954,8,302
5c9c39a0,29983,8.0027,299
479876bf,29321,8.0027,206
f259b01,31283,8.0027,302
10bb83c8,21680,8.0027,206
79c2c02,32588,8.0027,309
79977483,30815,8.0027,302
2e81424,31184,8.0027,302
418c202d,23142,8.0027,206
45259b2d,21759,8.0027,206
94cf582,20376,8.0027,220
2a5b123a,20818,8.0027,206
4bc799bb,32062,8,309
6bea55a6,28752,8.0055,206
6c71522d,23241,8.0055,241
c89dc3f,30932,8.0027,302
1b0c1459,23207,8.0055,241
37e3aadb,29808,8.0055,206
22f235fb,32315,8.0055,309
5acd09cf,21704,8.0055,206
2f45337,32101,8.0055,309
189b985,31806,8.0055,302
28a92427,22965,8.0027,206
3ccbc881,27884,8.0055,284
36cb2bfa,31716,8.0055,302
471ebd9d,20513,8.0055,222
74700568,31039,8.0055,302
42f2eddc,20863,8.0055,206
4641f958,31523,8.0027,302
7613ab4b,31269,8.0055,302
24acaed1,31702,8.0055,302
16ec1d8c,19430,8.0027,206
6243017c,31573,8.0055,302
2b01af55,31054,8.0027,302
6a1a56c2,31040,8.0055,302
1c6c3670,30889,8.0027,302
66de8c60,20372,8.0055,220
4083fce9,30298,8.0055,299
78171e7d,26072,8.0082,206
53578b9,31153,8.0055,302
171a59f3,20474,8.0082,206
48218b4d,26497,8.0082,206
80590c2,25467,8.0082,206
26dbc1cb,25534,8.0082,206
6a07f8f5,31505,8.0082,302
63cbc122,31157,8.0082,302
4dcfc0c7,31266,8.0082,302
5168e4bd,27817,8.0082,283
27f455f5,27397,8.0082,206
3d35249,31695,8.0082,302
5899ae32,30750,8.0082,303
7b7e0e61,26069,8.0082,206
4e973e05,21206,8.0082,229
68d2a77c,30184,8.0027,299
468102fd,23247,8.0082,241
18e3c762,30976,8.0082,302
435fbc25,14139,8.0082,150
5a07ef1d,27084,8.0082,206
5101ef3a,25654,8.0082,266
1f59990d,31725,8.0082,302
61c615a,19584,8.0082,206
37fe38f8,21644,8.0082,206
2159a057,31538,8.0082,302
4443dc66,21702,8.011,206
1a6593eb,22863,8.0082,206
49a7f05b,25825,8.011,206
2510ba20,30979,8.011,302
7feae208,31543,8,302
4926ccd5,31389,8.011,302
84db0bc,31165,8.011,302
79ec2edc,31344,8.011,302
3f75d882,25535,8.0082,206
4eb86ef6,25826,8.011,206
1f94b4f6,30445,8.011,299
37c6ffae,31686,8.011,302
2d154c6d,30911,8.011,302
4879dde7,27121,8.011,206
5421a6b9,31560,8.011,302
59d9bda2,25905,8.011,206
63d0916b,30702,8.011,302
63eb3930,20850,8.011,206
657b564f,26060,8.011,206
3b589d58,31801,8.011,302
715bd3ef,32260,8.011,309
16675f66,29330,8.011,206
2cffd623,30601,8.011,302
41c225d1,26081,8.0082,206
130934dd,22940,8.0082,206
3ce259f8,30073,8.011,299
4889617f,26881,8.011,206
10d2ad6d,31140,8.0082,302
57879384,30525,8.011,299
424e3f9a,31488,8.011,302
18bb44d2,31357,8.011,302
36b8f3a4,25663,8.0082,206
330489db,32019,8.011,309
1736ef06,25706,8.0137,206
85d2ce,32580,8.0137,309
42da9bd8,30996,8.0137,302
330e75f4,27398,8.0137,206
2453681f,31028,8.0137,302
a6eddf9,26924,8.0137,206
1c7c8337,21207,8.0137,229
5c9df499,21749,8.0137,206
63317c85,20746,8.0137,224
1fccf40f,21490,8.0137,206
6751b9fa,26107,8.0055,206
737eac44,27054,8.0137,206
54dbb0b5,31912,8.0137,302
f7635d,27255,8.0137,206
3c662bff,32164,8.011,309
44f2dcf0,26052,8.0137,206
2e8623fd,30124,8.0082,299
9217887,30151,8.0137,299
27d17080,30306,8.0137,299
2a658e56,21588,8.0137,206
78a2c2b6,21634,8.011,206
2118534,23238,8.0137,241
67a48f94,25937,8.0137,206
4bdda690,31931,8.0137,302
4dcc8683,31467,8.0137,302
23954afe,30146,8.0137,299
600ea937,31711,8.0137,302
46417a80,31185,8.0137,302
6f901455,22726,8.0164,239
665b61e3,31305,8.0164,306
42a0b612,19585,8.0164,206
609ed5ed,31557,8.0137,302
cb0323a,31331,8.0137,306
73893b0e,31139,8.0137,302
3e51ca85,26089,8.0164,206
1797190a,31260,8.0164,302
518c53a6,27291,8.011,206
6c65740d,25678,8.0164,206
568e73c4,31106,8.0164,302
36c8cd39,20371,8.0137,220
66bb9e72,30347,8.0164,299
5599e060,31436,8.0137,302
5247f26,28084,8.0164,206
129b33c2,26024,8.0164,206
37ae6206,31561,8.0164,302
d5c328f,32672,8.0164,309
175c49a4,30874,8.0164,302
5c127dae,23208,8.011,241
18688a78,20852,8.0137,206
1e673497,30885,8.0137,302
744c0bb0,30906,8.0137,302
1286df4,20858,8.011,206
4e988f72,25544,8.0164,206
12ffe793,30499,8.0164,299
615a9ba8,30378,8.0164,299
67a6ff7,21678,8.0082,206
44ffe501,27244,8.0164,206
4e1601f3,32162,8.0164,309
23b8a4dd,30963,8.0164,302
16df145d,30413,8.0137,299
7668628a,26082,8.0164,206
429f3725,26905,8.0164,206
4d8456ab,32021,8.0137,309
33e3df71,31304,8.0164,306
59a12259,31565,8.0164,302
6455d1a3,25838,8.0192,206
551b0b9c,28620,8.0192,206
7787dde,32536,8.0192,309
60524f87,32552,8.0192,309
f0c7c28,14130,8.0137,150
4e88746b,31701,8.0164,302
772eaffd,26040,8.0192,206
223932ef,31400,8.0164,302
2ff39adf,31536,8.0192,302
5d2fd6d1,28603,8.0192,206
31ae0c60,31872,8.0192,302
42b528c5,30888,8.0192,302
5aebeef0,30327,8.0164,299
69fdb210,30262,8.0164,299
4a4768a0,25853,8.0192,206
bcbb084,25795,8.0192,206
181d092b,20819,8.0192,206
ed25363,27276,8.0192,206
abb0d9b,30150,8.0192,299
7b486604,22977,8.0164,206
2dd1a679,31547,8.0192,302
cf16954,22776,8.0192,206
62807350,30972,8.0192,302
3104a1eb,31894,8.0164,302
72cdc14a,25839,8.011,206
6301b585,31081,8.0192,305
3934021a,31693,8.0219,302
5bc187a7,30664,8.0219,302
5237deb,25611,8.0219,206
7b8310c8,31624,8.0219,302
525b92ad,27241,8.0164,206
75406566,28961,8.0219,206
6f1cedaa,31967,8.0219,302
1dfc051,31875,8.0219,302
56f49372,32001,8.0219,309
2d2c83e4,30390,8.0219,299
3592cc34,30950,8.0219,302
3b2cd9fa,25906,8.0192,206
1ae0cecc,28601,8.0219,206
3deb0691,30931,8.0219,302
42499435,32559,8.0192,309
5a921b1d,31575,8.0219,302
30d4f00d,25540,8.0219,206
1384794f,32053,8.0219,309
763e2a20,31910,8.0219,302
78d8f0ee,21637,8.0219,206
6b33c27,31057,8.0219,302
6f9b3360,25872,8.0192,206
5fe571dd,31980,8.0219,309
580d3f2b,25652,8.0219,266
67edfb44,32069,8.0219,309
515bc4ea,31763,8.0247,302
25442c85,26796,8.0247,206
1401ab61,30912,8.0247,302
1c3e457e,21705,8.0247,206
129d375b,32368,8.0247,309
134dae87,32324,8.0247,309
17e9886f,31445,8.0247,302
eaa6350,30665,8.0247,302
6d989d8a,26925,8.0219,206
6051d24e,32595,8.0247,309
1e167155,28640,8.0219,206
2fef859d,32340,8.0219,309
45672808,20510,8.0247,222
180a6317,32341,8.0247,309
762701fa,26046,8.0219,206
62f447c2,30999,8.0247,302
7e7ca437,31548,8.0247,302
e7f7f57,25550,8.0247,206
5b165ab2,26160,8.0247,273
27cd1eb0,28085,8.0247,206
6c94c385,31563,8.0247,302
2272273c,30128,8.0247,300
b50c439,30442,8.0247,299
61c6992c,32600,8.0247,309
4b582a0a,20744,8.0192,224
4af954f,31589,8.0247,302
4e6df6b4,26186,8.0247,206
7d957382,30032,8.0219,299
77971e40,20512,8.0219,222
feae810,31101,8.0247,302
2e13770f,28750,8.0247,206
784c082c,31751,8.0274,302
37666c7b,31916,8.0247,302
6f14b8ef,25500,8.0274,206
5a8a110d,31271,8.0274,302
421f7f18,32030,8.0274,309
3f2492ff,31196,8.0274,302
75e27ed0,30466,8.0274,299
469ed694,26880,8.0274,206
c87cd68,21769,8.0274,206
68fa78c,29329,8.0274,206
3f51effa,26156,8.0274,206
fcba4f2,31133,8.0274,302
3d95c4ee,31854,8.0274,302
46dda717,28996,8.0247,206
76c3be09,21494,8.0274,206
247d6817,30421,8.0274,299
37dc6ac2,25618,8.0274,206
1c929631,31679,8.0274,302
77ca405c,25627,8.0274,206
3838b362,20736,8.0274,224
5c8869bd,31213,8.0274,302
6c6644dd,20840,8.0247,206
644d647e,25683,8.0274,206
4120100b,22862,8.0274,206
3c7e18ee,29040,8.0274,206
62e0e310,25542,8.0219,206
6d0115a6,32051,8.0274,309
2ce0e045,32011,8.0301,309
6015245f,31481,8.0301,302
77abfae0,14140,8.0274,150
588a32e,30455,8.0301,299
60c13a1c,30026,8.0301,299
4b881c89,31715,8.0301,302
2f6ee7b,31628,8.0301,302
42a7bcd8,27399,8.0301,206
6c96b6ce,18348,8.0301,1
2bdf7f4a,26803,8.0301,206
203842ec,21666,8.0301,206
1588e5a6,28202,8.0301,206
6ab6cab3,26882,8.0301,206
3a43dd80,31345,8.0301,302
580ed706,30840,8.0301,302
3fbb5381,29023,8.0301,206
a79ac74,31063,8.0301,302
56c60cda,31609,8.0274,302
724d645f,29987,8.0301,299
5cd52bf7,31607,8.0301,302
1b882615,32272,8.0274,309
7dce4962,27304,8.0301,206
6438b518,31919,8.0301,302
11c7b0fb,32170,8.0329,309
6e3ddb0c,30399,8.0329,299
4ba59458,30379,8.0329,299
442f4117,30930,8.0301,302
659eacff,31205,8.0329,302
732ae7c4,30949,8.0329,302
497288df,23179,8.0301,241
6c3facf2,30305,8.0329,299
2e12c2fd,31489,8.0329,302
100b09d1,30033,8.0329,299
5d448aa2,31983,8.0301,309
62b67b,25874,8.0329,206
5d0bf2d8,30920,8.0274,302
6536d6ae,32581,8.0301,309
2dbb1e58,31175,8.0301,302
387fb4fa,32327,8.0329,309
16469f7a,30474,8.0247,299
3ae00c1f,32165,8.0329,309
69b03e4b,29035,8.0329,206
1c8ca4fb,30599,8.0329,302
59111bf4,22727,8.0329,239
7f4d82ed,30135,8.0329,299
632b643d,31764,8.0329,302
b815c75,25659,8.0329,206
72538a82,30602,8.0329,302
234cf187,32201,8.0329,309
1bfe635f,30845,8.0329,302
1a9df6a1,32041,8.0329,309
350bc2cb,31940,8.0329,302
747468ea,32363,8.0301,309
30707f2a,31754,8.0301,302
587c06e0,30826,8.0301,302
6066df60,22816,8.0329,206
2da1cbb0,30381,8.0301,299
7ac5c5d6,21762,8.0329,206
7856c26,31079,8.0329,302
49ff6c8b,25978,8.0247,269
5e257f1b,25673,8.0329,206
718c3852,32138,8.0301,309
52539198,25901,8.0356,206
1031ae35,27292,8.0356,206
6ec1571,31876,8.0356,302
452caf21,31060,8.0356,302
3445aa13,32344,8.0356,309
249b5a61,25686,8.0356,206
6a0ad03b,32184,8.0329,309
cab0796,32012,8.0356,309
15273122,31164,8.0356,302
6b9129b5,25628,8.0356,206
7d11d26c,30162,8.0356,299
5726b7f4,27108,8.0356,206
71e28e0a,21205,8.0329,229
3658d31,32273,8.0356,309
945b2a4,31932,8.0329,302
2fe7025e,31052,8.0356,302
4d595a96,21501,8.0356,206
2f22ddde,30346,8.0301,299
1c10e,31619,8.0329,302
17e3d6a2,29986,8.0356,299
10e9a322,31159,8.0329,302
17930e6e,29673,8.0329,298
299c40cc,32406,8.0356,309
271bed40,25551,8.0356,206
2ec479c7,20497,8.0356,206
73692f8e,31065,8.0356,302
38b88b0f,30242,8.0356,299
403100b5,30395,8.0356,299
4db64335,23010,8.0356,206
77191052,32343,8.0356,309
705b106f,30136,8.0356,299
28a658d5,31029,8.0274,302
b850d4d,32674,8.0356,309
43799020,31629,8.0384,302
3ca9cc91,14141,8.0356,150
224ccd75,26889,8.0384,206
38dc0d6,31431,8.0384,302
20414a8f,29331,8.0384,206
36f34d9a,31397,8.0384,302
2fb62637,21792,8.0384,206
5d89aa14,31208,8.0384,302
306f4a03,25599,8.0384,206
49ff30f9,21751,8.0384,206
1a507bb3,31339,8.0384,306
60d6ce47,32002,8.0384,309
4497150,26891,8.0384,206
37c7d91a,30937,8.0384,302
28c9d3ef,30598,8.0329,302
1400a2c7,32063,8.0384,309
5ef5dd16,30638,8.0384,302
4761b898,31216,8.0384,302
8ed82d5,31181,8.0384,302
196a0f95,31943,8.0356,302
69876cc3,30373,8.0356,299
52d84689,32038,8.0329,309
2368bc13,25666,8.0384,206
335384a5,32024,8.0384,309
47f76981,26842,8.0411,206
e28d04d,29042,8.0411,294
5c9b543f,26915,8.0301,206
2dbf1d4f,21770,8.0411,206
3a75e39b,20493,8.0411,206
46322e35,26702,8.0411,275
37e2f3f1,31404,8.0411,302
e503406,23003,8.0411,206
86cb35f,25828,8.0384,206
1d10f0f2,31630,8.0411,302
4a8426e3,31574,8.0411,302
6e8c954,30024,8.0384,299
72dee5f0,30910,8.0411,302
457bdbb1,30926,8.0411,302
28606e0a,30784,8.0411,302
32ed8c94,31127,8.0411,302
59351714,30775,8.0411,302
5aa8a3b6,30471,8.0411,299
4208f9d0,25956,8.0384,206
69b3dfa5,31240,8.0411,302
37e4672b,32166,8.0411,309
46185b74,27267,8.0384,206
43dbec1e,26159,8.0411,273
5d05d9af,32307,8.0411,309
66eb0c30,19520,8.0411,211
34e25d37,31233,8.0411,302
47c987c7,30295,8.0411,299
202bb9bf,30980,8.0329,302
246c8535,31807,8.0438,302
384b36ba,31623,8.0438,302
1e66df61,32587,8.0438,309
110d3d8b,31180,8.0411,302
63fd7b53,30600,8.0438,302
6b72ff67,31314,8.0411,306
23781f34,31270,8.0438,302
74d5ba6,25915,8.0438,206
42e71307,20837,8.0438,206
6a5241ed,27305,8.0438,206
62fd9817,31823,8.0438,302
11faac3,31499,8.0438,302
7b9afecc,26161,8.0438,273
422b5507,21641,8.0438,206
5ee34e8e,28988,8.0438,206
3bf957b,31524,8.0438,302
d0c983b,30296,8.0438,299
71b962eb,31166,8.0438,302
5df98e8e,31994,8.0411,309
2292cc07,31498,8.0438,302
5b525435,26085,8.0466,206
4b36552e,26028,8.0438,271
739ca748,25687,8.0466,206
71a2d899,27269,8.0466,206
5c4efb,30500,8.0466,299
603eb5dd,31698,8.0466,302
54f8af29,30143,8.0411,299
10d69ca0,20738,8.0466,224
7b42bee,31206,8.0466,302
2d1e0fbd,31811,8.0466,302
4a9f6c97,30367,8.0438,299
5f1aa844,26700,8.0411,275
4e8ac569,21208,8.0466,229
5231bef8,31150,8.0384,302
13b448e2,28621,8.0438,206
22fe65d7,32347,8.0466,309
661a7f1e,30456,8.0466,299
4e82682a,31182,8.0411,302
282ca144,25614,8.0466,265
309588a5,30966,8.0466,302
1d7250d,31824,8.0466,302
5056383d,31248,8.0466,302
1d3d85f2,23258,8.0466,241
171e650,31821,8.0466,302
39b6543e,30509,8.0466,299
61429bae,30363,8.0466,299
584014e5,30955,8.0466,302
2603183,25801,8.0466,206
2923180a,31678,8.0466,302
27ee3818,31973,8.0466,302
316d47f4,25626,8.0466,206
2c729f7f,31901,8.0438,302
74cd4128,29024,8.0493,206
6ea11230,31102,8.0466,302
451fe4f3,30336,8.0493,299
13e73ab0,31045,8.0493,302
2bd6c6d4,18367,8.0493,1
350c0687,32468,8.0493,309
f8e44a9,30919,8.0493,302
2516dd52,26940,8.0493,206
5a0345aa,25634,8.0493,206
69a3b7bd,25549,8.0493,206
2fc66d2d,31160,8.0493,302
386b5f42,27161,8.0493,206
6d064ef6,30235,8.0493,299
1050f4f3,25733,8.0493,206
33f47e6,30782,8.0493,302
614c898c,31274,8.0493,302
3ee20aad,31706,8.0493,302
298286ee,27131,8.0411,206
7fe58a0,25754,8.0493,206
80c49a9,31893,8.0493,302
50fbf44f,30501,8.0493,299
55fe1735,19512,8.0493,211
7be7c845,25459,8.0493,263
466f9421,31598,8.0493,302
49b9592f,25963,8.0493,206
358461b6,26153,8.0521,206
6a5fa7cf,22725,8.0466,239
6c5ba892,32127,8.0521,309
293bf0bc,30855,8.0521,302
134fa726,31323,8.0521,306
10bce441,32128,8.0521,309
2192c1fc,31292,8.0521,306
7790e32f,31395,8.0521,302
5f2da351,31061,8.0521,302
57da6b62,26070,8.0521,206
39429028,27288,8.0521,206
4e2be5ad,32584,8.0521,309
790140b5,32362,8.0521,309
7d84b58c,26510,8.0521,206
506aa9c4,32325,8.0521,309
7a4798f8,31456,8.0521,302
28de44bb,30337,8.0493,299
41fd28e9,30329,8.0521,299
328adc8b,31825,8.0521,302
6afa3783,31474,8.0521,302
6d01bdb2,31748,8.0521,302
6fdb8791,25975,8.0493,269
474940e3,31066,8.0521,302
23c3b205,25516,8.0521,206
18bedfd1,26928,8.0493,206
2b6a3458,31542,8.0521,302
6d482f13,20495,8.0521,206
26a9278e,32200,8.0521,309
18c4fac4,32435,8.0521,309
766afe5a,30959,8.0521,302
cd8cc3b,31104,8.0548,302
3652a95f,25759,8.0548,206
63a20f79,32342,8.0548,309
5c0fdb13,20747,8.0493,224
7db666e6,31121,8.0548,302
37c5c47f,31108,8.0548,302
44efcc39,27169,8.0548,206
661a50f4,32582,8.0521,309
28558b87,29984,8.0548,299
312a44ce,30494,8.0548,299
b9ec8d6,25613,8.0521,206
3fb7a4a1,30878,8.0548,302
3bba0963,32168,8.0548,309
ff8499,31793,8.0548,302
58d526ee,30994,8.0521,302
3bf6e145,25981,8.0548,269
1fd935c5,25829,8.0548,206
25f09d5a,31126,8.0521,302
2760a7e9,30516,8.0548,299
4cfa4377,32777,8.0548,309
3d69fe50,31291,8.0548,306
1cd2aeea,31631,8.0548,302
72d2af15,20737,8.0521,224
3eaf0d76,32313,8.0521,309
20d0002f,27301,8.0548,206
5239e11b,30028,8.0548,299
310a2bcb,21681,8.0548,206
5953c36f,32710,8.0548,309
5b95b048,31091,8.0548,302
1d97c2f1,30918,8.0548,302
3de67814,31708,8.0548,302
204a778a,32054,8.0521,309
56ab843b,30506,8.0548,299
75084455,21491,8.0521,206
52090fc1,26899,8.0521,206
7b20b438,23246,8.0575,241
5f26e46a,31107,8.0493,302
8256af1,32326,8.0575,309
49fa6655,30404,8.0575,299
2a5ad92,32094,8.0575,309
35b87b7f,31797,8.0575,302
5ae9f648,30431,8.0575,299
4b479884,21748,8.0575,206
516e1c95,26900,8.0575,206
7832c7c0,29923,8.0575,206
689611ff,29390,8.0575,206
6e6a4099,30457,8.0575,299
4f4039d6,32345,8.0575,309
d6c0963,31374,8.0575,302
3cd17071,31762,8.0575,302
47f0e842,30773,8.0575,302
31e51040,31058,8.0548,302
46913d40,27110,8.0548,206
1e50c584,30921,8.0575,302
5ea29cf4,30700,8.0575,302
475cf070,27049,8.0548,206
173b536d,32592,8.0575,309
8e8bee6,29806,8.0575,206
108c369a,30416,8.0603,299
5a035d43,32346,8.0575,309
37ae7724,32083,8.0603,309
4667afad,30328,8.0575,299
6ce1b67,25854,8.0603,206
1b675e5c,31755,8.0603,302
5f340d43,27132,8.0575,206
24d5cbcf,31603,8.0575,302
5236f911,31093,8.0603,302
7302c8b5,32545,8.0575,309
c238d83,26893,8.0603,206
622b47b,31688,8.0603,302
63b92bdf,31449,8.0548,302
69b107d,26486,8.0575,206
354ff24b,31773,8.0548,302
16c4dab8,25660,8.0548,206
5d62577,14131,8.0603,150
2f1b11c1,27259,8.0575,206
63827029,25635,8.0603,206
715df4a7,27167,8.0575,206
41fcf12e,32174,8.0575,309
75b589fb,25813,8.0575,206
4427740a,21485,8.0603,206
7c295c92,31719,8.0575,302
75948bd3,31109,8.0603,302
2d70b95,21493,8.0603,206
9510a81,31219,8.0603,302
31cab5d7,25875,8.0603,206
1cb12fa4,26892,8.0603,206
18467b91,30986,8.0603,302
46ccf22,27111,8.0603,279
3ae2d89d,31613,8.0575,302
63c1746b,31186,8.0603,302
59704025,25584,8.0603,206
be65cd0,25814,8.0603,206
4f5d071a,31267,8.063,302
4c2998a0,32148,8.063,309
60238788,27563,8.063,206
8a9c5cb,31297,8.0603,306
5383cd93,25815,8.063,206
536fa3db,30851,8.0575,302
2f0c61f9,20838,8.063,206
7a3ea811,32353,8.0603,309
3333597f,32320,8.0603,309
694d6e4e,31896,8.063,302
246fd9a1,30034,8.063,299
2aa55edd,31055,8.063,302
ab0c78c,31898,8.063,302
467f6c8a,25962,8.063,206
44425515,32177,8.063,309
1e3a3eed,30468,8.0603,299
4e288aff,30933,8.0658,302
588a481b,27293,8.0658,206
123a1601,25870,8.0658,206
565acc12,32623,8.0658,309
2f1c23f0,30089,8.0658,299
792021fb,31934,8.0658,302
2632fde2,32622,8.063,309
3622b564,32055,8.063,309
74ea37bf,30396,8.063,299
3aa78971,31162,8.0493,302
42f04827,32075,8.0658,309
5805be5c,25765,8.0658,206
61da4c88,29020,8.063,206
4428d8c3,31528,8.0658,307
42422d36,27268,8.063,206
2b3e429,29985,8.0658,299
31be56fb,32546,8.0658,309
33d26ecf,31808,8.063,302
60aade1e,31709,8.0658,302
7da5ec8e,27246,8.0658,206
3eef744f,29014,8.0658,206
1eebd14b,31926,8.0685,302
2887a6a6,31433,8.0685,302
7a94fea4,31472,8.0685,302
3f1ca0b5,25883,8.0658,206
7f3d4f94,31625,8.0685,302
6a9a6443,25798,8.0685,206
3e095dd,21667,8.0685,206
37a6d66a,27312,8.0685,206
166b1c14,31572,8.0685,302
4619f07d,26766,8.0658,206
6d65c123,22784,8.0685,206
78b172f4,21320,8.0603,206
41b0b9dd,29867,8.0685,206
40a43207,32319,8.0685,309
6b770402,27284,8.0658,206
30b9fe9,31527,8.0685,307
70de6bae,28999,8.0685,206
34e45a39,31503,8.0685,302
553172a8,30154,8.063,299
341fd236,25755,8.0685,206
a9a5b30,22979,8.0685,206
91ac2d6,31204,8.0712,302
1fb9645e,32037,8.0712,309
710a613b,26029,8.0712,271
41c3e133,30717,8.0685,302
195871e0,29025,8.0712,206
534e6634,32473,8.0712,309
22d26bc6,30429,8.0712,299
468b1c6f,31284,8.0712,302
39037c6c,32534,8.0712,309
12441b74,31564,8.0712,302
48ec9baf,30027,8.0685,299
3cab9ab5,31128,8.0712,302
4cd0aa76,32448,8.0712,309
165d057d,25979,8.0712,269
82b0bbd,25689,8.0712,206
3a862e77,25730,8.0712,206
73ccb04b,31620,8.0685,302
d4435a2,31190,8.074,302
5d62a154,32143,8.0712,309
569cc919,32031,8.074,309
3c1af76c,32455,8.074,309
611b1a4f,30853,8.074,302
40446569,25827,8.074,206
6c81b1e6,31707,8.074,302
24a1c523,25791,8.074,206
3b240195,30451,8.074,299
5e897bf0,30517,8.0712,299
28cd8f71,30776,8.0712,302
2d74087c,32336,8.074,309
14c504af,32408,8.074,309
77494473,20851,8.074,206
3484bf9d,25842,8.074,206
16a6d5fd,30387,8.074,299
3c8482d7,32364,8.074,309
580994,28743,8.0685,206
63e9e225,30338,8.0767,299
2b13d014,20847,8.0767,206
3d8faf30,31468,8.074,302
1d05cf3d,21573,8.0767,206
2e551de7,26910,8.0767,206
1da69c41,27242,8.0712,206
5ac3718,32553,8.0767,309
2d5f7e2e,32211,8.074,309
72a8460a,32544,8.0685,309
1808174c,31135,8.0767,302
27b26a01,25736,8.074,206
77139439,30975,8.0767,302
45f89a90,20841,8.0767,206
1fc772e9,31482,8.0712,302
54e5b30,31100,8.074,302
2c239b4c,31176,8.0767,302
48d36d27,32098,8.0767,309
31a21272,31792,8.0767,302
49fe52b7,20498,8.0767,206
3e9e1763,30467,8.0767,299
ed70207,31608,8.0767,302
5dbeecaf,25970,8.0767,269
666e7645,25760,8.0767,206
280550e4,32099,8.0795,309
1e74a8d9,29046,8.0795,294
3485f42c,25688,8.0795,206
214c60a7,31604,8.0795,302
23cc861a,31895,8.0795,302
18c5c0da,31192,8.074,302
63b96afb,31813,8.0795,302
6812a6ce,31241,8.0795,302
37a637a,32675,8.0795,309
41f172ea,25725,8.0795,206
6cac098,26111,8.0767,272
30bf138b,32142,8.0795,309
600ed755,31809,8.0767,302
2a229f9c,30961,8.0795,302
7abc5440,27883,8.0795,284
4b0d013d,20496,8.0795,206
32d733d7,32205,8.0795,309
1ee605d5,26770,8.074,206
54e82e8a,31059,8.074,302
3ffe0825,31303,8.0795,306
552c1160,31933,8.0767,302
20d1e23f,31804,8.0795,302
2475fea7,30417,8.0795,299
1a955bca,30526,8.0795,299
213128c,29017,8.0822,206
172c738e,31942,8.0822,302
78cf0e90,30458,8.0822,299
5fafe904,31334,8.0795,306
9d1c092,30152,8.0795,299
2da87c9,26185,8.0767,206
5e28b8d0,31083,8.0822,302
3221d753,31328,8.0822,306
28bc24e9,28740,8.0685,206
36862d10,27122,8.0822,206
28a8555a,31662,8.0822,302
2feea43c,22785,8.0822,206
795c9ac7,30661,8.0822,302
45fb51f0,30666,8.0822,302
3133b45e,31605,8.0767,302
ca9beca,31882,8.0822,302
56bc3427,32022,8.0822,309
4b2b0695,32686,8.0822,309
7a3abecf,27112,8.0767,279
5440bad1,31450,8.0795,302
6dfbaf9d,25980,8.0822,269
1fbc4946,25731,8.0822,206
155e117d,30956,8.0822,302
227412fd,31606,8.0822,302
31f8b788,32135,8.0795,309
60bf1554,31119,8.0795,302
50f25c7,32033,8.0795,309
47a6eed3,31338,8.0795,306
7ee2c61,25850,8.0822,206
735e8fe3,21636,8.0822,206
6b532169,25878,8.0795,206
178e10d9,31336,8.0822,306
61f5ab6d,32309,8.0849,309
66531127,29284,8.0849,206
70b859a1,25941,8.0849,206
23382f8b,25971,8.0849,269
14f93ced,29054,8.0822,294
7316ee73,21203,8.0849,206
3f94e1a0,30415,8.0849,299
3f749dbf,31636,8.0849,302
41d0695f,27885,8.0849,284
1c132bdc,31726,8.0849,302
58322b5b,32472,8.0795,309
2fb38568,27120,8.0849,206
3512e0c6,32716,8.0849,309
4330cc87,32025,8.0849,309
168cf2f,31103,8.0849,302
4ccf4e55,25982,8.0849,269
609ea4f5,31671,8.0849,302
4205915,29027,8.0822,206
4d01d239,27290,8.0822,206
8906bea,30783,8.0849,302
2bf57246,28604,8.0822,206
586698ba,31858,8.0877,302
4f46cc60,31030,8.0877,302
5a4fb7be,32277,8.0822,309
4928cc6c,25764,8.0877,206
a7b4f6a,26804,8.0877,206
13faaf4,31917,8.0877,302
78e3437f,32122,8.0877,309
77a7bba3,31310,8.0877,306
27f7ba22,29011,8.0877,206
5b63cc22,31798,8.0877,302
1b0e1ff5,31335,8.0877,306
3979848a,21772,8.0877,206
73c94aa5,26381,8.0877,206
69f5c854,31914,8.0877,302
2cb21b94,31067,8.0877,302
599a975c,31904,8.0877,302
603f62a8,32310,8.0877,309
1397904a,19506,8.0767,211
3a6094ac,31956,8.0849,302
274fb193,31742,8.0849,302
1b9d7055,27819,8.0877,283
1630240d,31034,8.0877,302
18f8a67f,27311,8.0849,206
e2f5ca4,31650,8.0904,302
d813e41,31729,8.0904,302
5798d54b,27880,8.0849,284
4a999b3b,32056,8.0904,309
3dc05240,27478,8.0904,206
27770835,30875,8.0904,302
3070509a,21499,8.0904,206
5413febc,21638,8.0904,206
340713e3,32131,8.0904,309
2524aaa5,25973,8.0904,269
3a8d3894,32673,8.0904,309
8cb5bdf,30025,8.0904,299
45fc92e,26916,8.0904,206
42e3a82,32064,8.0877,309
57b4eb0b,21794,8.0822,206
5f34781,32683,8.0904,309
2752a9ea,32537,8.0904,309
7f1ff8a8,28710,8.0904,206
a9027e3,25792,8.0904,206
7a0c7909,30934,8.0877,302
3fcabeef,26857,8.0849,206
65dcf686,31981,8.0877,309
6586982d,20839,8.0932,206
6ea21441,20859,8.0932,206
777fecad,26771,8.0932,206
75954c02,25958,8.0932,206
2403e56d,23011,8.0932,206
5a7dfdb0,32154,8.0932,309
45f3a663,30781,8.0932,302
52ef68d6,30785,8.0904,302
d45dbd5,26824,8.0932,206
6c62b36c,32680,8.0932,309
36566f9d,32389,8.0932,309
373949a,21495,8.0932,206
2a73e5fa,25885,8.0932,206
94b1812,31774,8.0932,302
5bae9a2e,32100,8.0932,309
c64b421,32134,8.0877,309
132c2673,25959,8.0932,206
26455dd9,32679,8.0932,309
1e227792,31950,8.0932,302
779f4a8b,31508,8.0877,302
5e732de5,30397,8.0932,299
2c9e97e6,32601,8.0959,309
20b9ac39,32479,8.0959,309
2d7f61b7,32377,8.0959,309
210b5bdf,30452,8.0959,299
6a246df8,31615,8.0959,302
32ddf6fd,31002,8.0959,302
5f684cfb,31670,8.0904,302
94cec78,32311,8.0959,309
2a9d401,30402,8.0904,299
40ce0b04,31826,8.0959,302
1d7967fe,31154,8.0932,302
6a44a320,26487,8.0959,206
6bff3e,31307,8.0959,306
6e2afc67,25886,8.0959,206
5e0c4c8d,21502,8.0959,206
89c8625,30400,8.0959,299
57511a07,22864,8.0959,206
3f4efe88,31122,8.0959,302
6ea11d4e,31717,8.0904,302
1fe3d38b,27302,8.0959,206
68e1c0eb,30507,8.0959,299
52755c33,31243,8.0904,302
3e3445f6,21498,8.0932,206
616ae115,30890,8.0959,302
747db1b,20865,8.0986,206
4945ceaa,26894,8.0986,206
48c2d247,27289,8.0986,206
7fab9b04,21795,8.0986,206
632c6af2,31799,8.0986,302
74289861,29019,8.0986,206
2cd716b4,31517,8.0986,302
55f84dcb,32004,8.0986,309
6cdecb6c,31957,8.0986,302
4da2139b,25790,8.0986,206
4f0e0e48,31244,8.0959,302
4f7596a1,32506,8.0986,309
58f40c91,30852,8.0932,302
42eb3948,30806,8.0986,302
7d280313,31282,8.0959,302
1e8b4289,30502,8.0986,299
5a3c017b,31923,8.0959,302
7f23339,32556,8.0986,309
345e6bf7,32010,8.0986,309
6663454d,31965,8.0986,302
7d5901b0,25964,8.0986,206
40d4b593,25751,8.0986,206
75e2456c,31075,8.0986,302
48f280a,30923,8.0986,302
783a5cfb,32070,8.0986,309
4d5b86cd,31390,8.0986,302
28c6dad8,30935,8.1014,302
55f478b2,23180,8.1014,241
7f832b73,31880,8.1014,302
6e7fb7a0,32779,8.1014,309
70f1b0ad,32778,8.0986,309
63677e9,32039,8.0986,309
60081cef,31105,8.1014,302
735975f9,26145,8.1014,206
e50d7e7,30510,8.1014,299
1acf527d,31822,8.1014,302
3b6c60fb,27303,8.1014,206
1b23fc1d,32185,8.1014,309
236db43d,32593,8.1014,309
3e872cd0,30286,8.1014,299
6a28468e,30424,8.1014,299
2b0aa058,25690,8.1014,206
4da0c241,29012,8.1014,206
10a537d2,31000,8.1014,302
6110b1dd,32207,8.1014,309
40a60a23,31215,8.1014,302
4f46c913,31526,8.1014,307
38405953,25740,8.1014,206
73b9767a,30264,8.1014,299
28354733,30299,8.1014,299
777ebf04,31881,8.0932,302
397c318a,31035,8.1014,302
470a5e9d,30913,8.0986,302
178ca457,31996,8.1014,309
7f38faa0,28997,8.0986,206
7dbcecdc,32005,8.1014,309
25947280,31050,8.1014,302
630b33ee,32212,8.1014,309
307f2e19,30838,8.1014,302
82a2f4c,31041,8.1041,302
126af899,30425,8.1041,299
146c9826,30960,8.1014,302
5d2a6354,25501,8.1041,206
42367f2,32547,8.1041,309
4148e9df,31170,8.1041,302
3115e478,31827,8.1014,302
4e7e31c,30936,8.1014,302
3fab01cd,32585,8.1014,309
5ab7c58f,25972,8.1041,269
33046cb4,20377,8.1014,220
2fcb87c9,20373,8.1041,220
2028ed3d,26912,8.1041,206
2a4d71f2,31438,8.1041,302
2628eef6,31614,8.1041,302
3800e86f,32146,8.1014,309
5fc233cb,32765,8.1014,309
38646c0b,31511,8.1041,302
59da6aaf,31757,8.1041,302
2910ef36,31512,8.1041,302
6626a26b,32144,8.1041,309
75beb8b2,32624,8.1041,309
44582b6d,30997,8.1041,302
28b4990f,31828,8.1014,302
33abbc26,31130,8.1014,302
392e37ee,21707,8.1014,206
6a48ef5a,30848,8.1068,302
66386ffd,32171,8.1068,309
89cb590,31837,8.1068,302
40c5622a,32312,8.1041,312
6d5a7757,31924,8.1068,302
4838ba86,31309,8.1068,306
25e5b624,27486,8.1068,206
5ccd1bed,30842,8.1068,302
4eda4480,31169,8.1041,302
708462c3,32147,8.1068,309
10656972,31217,8.1068,302
7de51adf,32124,8.1068,309
7539d7d1,31703,8.1068,302
4c777e9b,30834,8.1068,302
695b73b2,31581,8.1014,302
3a1a9620,31220,8.1068,302
6f7c505e,32180,8.1068,309
7b25bf30,31475,8.1068,302
2f1f933f,25847,8.1068,206
54c0953f,31463,8.1068,302
6366219a,27564,8.1068,206
66b4aaf6,32596,8.1096,309
8719b96,32684,8.1096,309
582c466,31841,8.1041,302
69cf1259,32614,8.1096,309
553bc084,29026,8.1068,206
161b23cf,31699,8.1096,302
1232a7b1,32500,8.1096,309
180e065,25907,8.1096,206
ab42f31,31038,8.1096,304
457e60f3,31968,8.1041,302
427648c2,30886,8.1096,302
20db30be,30663,8.1096,302
44730b21,32182,8.1096,309
6f957939,32208,8.1096,309
595ae5c0,29006,8.1096,206
5d1f365e,27562,8.1096,206
299a8671,32602,8.1096,309
3a36a440,32474,8.1096,309
75ecba60,21500,8.1096,206
62e90637,30951,8.1096,302
30a07314,32120,8.1096,309
46e68fb4,31769,8.1068,302
31f44955,31941,8.1096,302
3f0ece4e,32533,8.1041,309
42da6ed0,30391,8.1068,299
5275e351,31936,8.1123,302
41d8a6ab,31250,8.1123,302
8ed7c60,26759,8.1123,206
1ac63a34,21496,8.1123,206
19d02f43,26906,8.1096,206
64c22843,30967,8.1123,302
602b378e,31391,8.1068,302
4195cb17,26187,8.1096,206
3c64997,32157,8.1123,309
1bf4c49b,32560,8.1123,309
6e017796,32073,8.1123,309
4e697d4a,32145,8.1096,309
1956bdb9,31193,8.1041,302
57afaa9f,29028,8.1096,206
6b037bad,20515,8.1096,222
6694db0c,21574,8.1123,206
5bf90b59,31434,8.1123,302
421a59d2,31814,8.1123,302
3e217a77,29285,8.1123,206
14f0d47e,32179,8.1096,309
38646d31,32317,8.1096,309
54fc2157,28962,8.1123,206
47cc4b52,27245,8.1123,206
720b631e,32766,8.1123,309
60ca0a05,31464,8.1123,302
558969d2,32515,8.1123,309
70ba3eea,31664,8.1123,302
5900b070,31666,8.1151,302
69aa1377,32477,8.1151,309
c907a78,30385,8.1151,299
77f33069,25767,8.1151,206
561f1d13,32437,8.1151,309
a40b490,25871,8.1151,206
33c82f04,26061,8.1096,206
5d56316c,21209,8.1151,229
4649065d,27270,8.1151,206
738f4850,32382,8.1151,309
7c649685,31972,8.1151,302
e262602,32365,8.1151,309
2286c057,31738,8.1151,302
6217bbfb,31721,8.1123,302
765e1cbb,31900,8.1123,302
3625d57b,25916,8.1151,206
6d438008,30334,8.1151,299
62fd3232,31299,8.1151,306
335bd160,25639,8.1151,206
cf2f73f,20735,8.1178,224
53e54d39,25855,8.1178,206
54703f59,32729,8.1151,309
2551bfde,31179,8.1178,302
da017f,32381,8.1178,309
486caac5,32721,8.1178,309
49c5e49b,29048,8.1178,294
533ce7f8,31329,8.1178,306
1c252093,21486,8.1178,206
2ac9e423,30163,8.1123,299
ae3fe16,31053,8.1123,302
24e01eb,32378,8.1178,309
2f59b9e5,32178,8.1123,309
1bee98d1,31544,8.1178,302
7e639f73,32551,8.1178,309
c50980d,23148,8.1178,206
6e248ef3,30414,8.1178,299
1e3bbf6,26073,8.1178,206
78b2a518,32186,8.1151,309
639934be,31099,8.1178,302
6b015830,27260,8.1178,206
211810b5,25869,8.1178,206
28752ea4,30662,8.1123,302
3db8236b,29050,8.1178,294
1dea716b,22786,8.1151,206
289d443,30401,8.1178,299
172ecca6,25638,8.1151,206
768fd6ab,31096,8.1178,302
17f3fd77,32550,8.1205,309
3619c7a1,32095,8.1205,309
6b2c3799,28709,8.1205,206
a069da6,32278,8.1205,309
23438c3,25779,8.1205,268
a2475b7,21797,8.1205,206
3e0b95,32712,8.1178,309
51ad543d,31966,8.1205,302
3e6b4d99,31207,8.1123,302
1dba88b7,32612,8.1205,309
349adf7a,31859,8.1205,302
440818df,31802,8.1205,302
20eb8242,31949,8.1178,302
204b703a,31913,8.1178,302
695d49d8,31261,8.1205,302
bde2a86,30307,8.1178,299
f9415c2,21492,8.1205,206
73117fe0,31158,8.1233,302
4f3afa77,31311,8.1205,306
65822b67,28998,8.1178,206
7081ebd3,22689,8.1233,206
a71655f,30368,8.1233,299
25e44bd6,20734,8.1233,224
5df2def5,21773,8.1233,206
22d269eb,30887,8.1233,302
2388ab73,31551,8.1205,302
2435ee2f,21771,8.1233,206
6f7b992a,30357,8.1233,299
5e57381f,25802,8.1233,206
38e2c395,31984,8.1233,309
332d0630,31879,8.1233,302
2c7bb6,30412,8.1233,299
67dc3c6c,31736,8.1205,302
71634a8d,32483,8.1233,309
498cb569,32155,8.1233,309
12cb26ee,25539,8.1205,206
175324ff,22966,8.1233,206
71d91eca,25880,8.1233,206
77e063c1,28299,8.1205,206
5beba7a9,30527,8.1233,299
105c166c,30968,8.1233,302
294a65e3,31652,8.126,302
5d40e560,31516,8.1233,302
2192e194,20748,8.126,224
5b10d78e,31921,8.126,302
2b8f55f6,30914,8.126,302
6d23b7fb,30287,8.1151,299
51105819,31953,8.1233,302
b21dcbe,32274,8.126,309
56d0d6f3,31883,8.1233,302
721193a,31847,8.126,302
4100e8a8,32409,8.126,309
54224957,31846,8.126,302
257e7fc,31306,8.126,306
51e3ab41,31665,8.1233,302
15488c0,31911,8.1233,302
485d0f,32153,8.126,309
e33b919,31915,8.1233,302
481d2179,25846,8.1205,206
4e83298,31062,8.126,302
16545b44,30020,8.126,299
21dfa84d,31168,8.126,302
248a2728,31218,8.126,302
32b7261e,32598,8.1233,309
6ac18833,32557,8.1288,309
1300cfd8,25843,8.126,206
67e76039,32610,8.1288,309
563943d2,25783,8.126,268
7c530838,25812,8.1288,206
217c0526,30990,8.1288,302
65025019,31815,8.1288,302
a781498,20861,8.1288,206
1f4541f,30459,8.1288,299
149f35f6,27886,8.1288,284
3bc971d4,25831,8.1288,206
824d364,31439,8.126,302
6f59c908,30786,8.1288,302
42b2da2c,31191,8.1288,302
61c52ac9,31365,8.1288,302
c989382,31733,8.126,302
2209de86,31660,8.1288,302
52cca830,31944,8.1288,302
76be0351,25778,8.1288,268
3e65ec2d,32136,8.1233,309
76a97ce0,31001,8.1288,302
1a38615d,25734,8.1288,206
49836133,31452,8.1288,302
68857a0,25881,8.1315,206
1c9a4dc0,30244,8.1315,299
d0fcefa,32172,8.1315,309
307cedc7,31325,8.1315,306
6997401c,27889,8.1315,284
7f5c5851,32218,8.1315,309
43912d4f,18368,8.1315,1
27adf4a3,31264,8.1315,302
542686b2,31637,8.1288,302
3924b84f,30465,8.1315,299
3634b24,32462,8.1315,309
4480a3bb,32077,8.1315,309
44576dec,27113,8.1315,279
39b46668,32003,8.1288,309
50277cf4,32337,8.1315,309
18e782bf,30263,8.1342,299
78948407,32081,8.1342,309
77c7242,31922,8.1342,302
21026ba9,30998,8.1342,302
61b7da5a,26823,8.1315,206
a9cca44,31251,8.1342,302
2e4a53d2,32516,8.1342,309
72224ea0,32103,8.1288,309
2d982fb4,30927,8.1315,302
413a1ea9,25985,8.1342,269
3d12119f,31552,8.1315,302
5d250fd3,30265,8.1342,299
31ac6e4c,31927,8.1342,302
2072f186,31546,8.1342,302
3f3dee18,25769,8.1315,206
d4182fe,25640,8.1342,206
786f5f12,30751,8.1342,303
2ae3905d,31308,8.1342,306
1daaba46,32393,8.1342,309
448084e5,31734,8.1342,302
214394c6,31221,8.1342,302
1c7d9d7f,32193,8.1315,309
499b2c7e,32524,8.1342,309
1e68d62d,31737,8.137,302
28bfccc5,31749,8.137,302
608f2b1e,25644,8.1342,206
47f8efea,20860,8.1342,206
1069c415,25833,8.137,206
2c3212fe,32275,8.137,309
48e8b18b,25732,8.137,206
1e6795b7,32748,8.137,309
7298abe,31068,8.1342,302
4446ca5a,31964,8.1342,302
59beaf22,32767,8.137,309
54573977,32375,8.137,309
763fd467,32625,8.137,309
599d567,29043,8.137,294
3d08cc64,29391,8.137,206
11e3a358,31515,8.137,302
ad5bc6a,31187,8.137,302
6e096e20,31209,8.137,302
63447194,31295,8.137,306
19b09ef2,32216,8.137,309
7c92ac92,21790,8.1342,206
7406d38b,30938,8.1342,302
f965a83,25766,8.1342,206
3e3d14a,21497,8.137,206
6afc1b98,31928,8.137,302
282417c7,32436,8.1342,309
155b0202,21503,8.1342,206
7298403c,27247,8.137,206
82ff862,32335,8.137,309
2051224,31514,8.137,302
a17b78c,32538,8.1342,309
4711efde,32121,8.137,309
696d3ba4,32772,8.1342,318
300ae3b6,31558,8.1397,302
1a3453a1,32034,8.1342,309
2d282cbc,32214,8.1397,309
658f49d8,32626,8.1397,309
7a3219c1,21204,8.1397,229
77d97b2d,32321,8.1397,309
27f018c,32685,8.1397,309
3a6ee339,27085,8.1397,206
56cf6504,27310,8.1342,206
4911378c,31214,8.1397,302
33183c43,32071,8.1397,309
59b00dd3,31899,8.1397,302
74bc3944,32355,8.1397,309
7e227632,31718,8.1397,302
5368cbb7,31974,8.137,302
627c7817,32217,8.1397,309
13853b01,32032,8.1397,309
610de716,32392,8.1397,309
c739ee3,30405,8.1397,299
6f71126,32261,8.1397,309
1953c9a9,25793,8.1397,206
2334b4b1,25817,8.137,206
2d0fc296,32583,8.1397,309
7cbc950a,31324,8.1397,306
3d9bd552,25537,8.1425,206
3a825dc9,32607,8.1425,309
41085089,31770,8.1425,302
3c15e714,31831,8.137,302
6fdd9972,26890,8.1425,206
c8fe09e,29055,8.1425,294
244b98d3,32495,8.1425,309
3775e609,32229,8.1425,309
34e0ef9c,32457,8.1425,309
19e5afe0,32152,8.1342,309
4718728e,32723,8.1425,309
3f6df7be,32493,8.1425,309
27300bf4,31819,8.1425,302
149f8c81,32589,8.1425,309
1097109e,27248,8.1425,206
2d7482,32283,8.1425,309
4097c535,27308,8.1425,206
67df1978,31553,8.1397,302
f4c7a86,32280,8.1425,309
27f79811,25844,8.1452,206
59374fb7,32676,8.1452,309
463c8930,29013,8.1452,206
2a48533b,25832,8.1452,206
6b02b796,32563,8.1452,309
31e46173,32486,8.1425,309
524dda0f,22971,8.1452,206
709abc7f,30973,8.1425,302
5fe4f53a,32485,8.1452,309
18a3e8dc,32566,8.1452,309
5f376838,31056,8.1452,302
a5eed42,32540,8.1425,309
367fc3a4,31315,8.1452,306
13a3f850,32104,8.1452,309
14c107f0,25840,8.1452,206
6988ccd7,32225,8.1452,309
212240a1,31925,8.1425,302
2dcf4dad,21575,8.1479,206
312d3163,32333,8.1452,309
2787f6ec,30957,8.1479,302
1eecade5,32338,8.1425,309
2d78c1d1,30939,8.1452,302
7a8d53f6,25834,8.1479,206
2273c3ed,25882,8.1479,206
4ba75e8a,25773,8.1479,206
598bd1c3,32356,8.1479,309
3296f56a,27307,8.1479,206
2214122d,31332,8.1479,306
314abda2,32281,8.1479,309
1e44d129,32564,8.1479,309
19c61eeb,26858,8.1479,206
1cfe951c,32445,8.1479,309
5afd2f44,31312,8.1479,306
1ef979d4,25811,8.1479,206
260c2ebb,27881,8.1479,284
a6bd392,31730,8.1479,302
f945dd7,29036,8.1479,206
67aa6f4c,31465,8.1315,302
32489db4,25259,8.1479,206
757614b0,31960,8.1507,302
5821852c,32458,8.1479,309
6c45516b,29034,8.1507,206
1a96d46a,32439,8.1507,309
5f80801c,29809,8.1507,206
32bfe094,32438,8.1479,309
bdc6625,31830,8.1452,302
4dd4a03c,30667,8.1507,302
1c8037dc,32349,8.1507,309
61cd0868,32110,8.1507,309
12051d58,31938,8.1507,302
3a16f42d,25976,8.1479,269
52134004,25768,8.1479,206
187ce682,29007,8.1507,206
4bf4fd62,32192,8.1507,309
3aaedf3a,32603,8.1507,309
904adef,31697,8.1507,302
33a91e4f,32755,8.1507,309
3e13238b,32488,8.1507,309
76c8472d,31935,8.1479,302
3ad311c1,32087,8.1507,309
41732bb2,31659,8.1534,302
665b476c,31466,8.1452,302
529e85a5,31188,8.1534,302
7061db2e,31545,8.1534,302
2817402b,30112,8.1534,299
144b0262,31862,8.1534,302
32de1ee3,31849,8.1534,302
4c180b3d,32175,8.1534,309
5e9c0c8d,31189,8.1534,302
28c9e406,31735,8.1507,302
31273f07,32768,8.1534,309
3b72293c,31758,8.1507,302
12885d2e,25983,8.1534,269
5063609a,31722,8.1452,302
5caec848,32718,8.1534,309
62684f34,32173,8.1534,309
40f6368b,31183,8.1534,302
32d91f7a,30300,8.1534,299
2d98acd0,29044,8.1534,294
5614699,25974,8.1562,269
79f5ce0b,25928,8.1562,206
6387d954,32590,8.1534,309
53b3a5f5,31829,8.1562,302
788da213,32711,8.1562,309
73024158,32453,8.1562,309
9daa28d,31457,8.1534,302
5e88a02b,31845,8.1562,302
105a3a02,32264,8.1562,309
7133b1d0,31568,8.1562,302
2da1bbb1,31723,8.1562,302
3633cfd6,26772,8.1562,206
45e178c2,32236,8.1562,309
1b29fb36,31902,8.1562,302
3b75b7d1,32558,8.1562,309
8f0969e,31975,8.1562,302
13908216,31566,8.1562,302
279508f5,32394,8.1562,309
55ffb1a7,32451,8.1562,309
7331a77a,25780,8.1589,268
656c4df2,31641,8.1562,302
72fbf37b,14142,8.1589,150
7d268f71,31886,8.1562,302
352fdd8,31252,8.1589,302
44586233,31223,8.1589,302
3ad4e697,32606,8.1589,309
73863d03,30288,8.1589,299
456239d,29008,8.1589,206
299b6847,32383,8.1589,309
608f2702,30847,8.1589,302
74a7baf6,31732,8.1589,302
1df9324f,31410,8.1589,302
41583534,32096,8.1589,309
bad48aa,20378,8.1589,220
33f3a408,27162,8.1562,206
2add3243,32517,8.1534,309
7f96b8fe,32705,8.1616,309
63e44de4,32466,8.1616,309
63152539,31951,8.1562,302
4de81eb7,30495,8.1616,299
e647263,31752,8.1616,302
67ab2dd7,31003,8.1616,302
4fae8526,32183,8.1616,309
1d14839,21798,8.1616,206
5584d07,32542,8.1616,309
fbc88a0,32284,8.1616,309
2b56e4c,26917,8.1616,206
848f6bd,32514,8.1616,309
3d1ce434,30942,8.1616,302
25126abd,25784,8.1616,268
51772355,31037,8.1616,302
1e2e4c8c,32385,8.1589,309
59d90a3b,32167,8.1616,309
166bf2a3,30386,8.1616,299
201a2551,27887,8.1644,284
bde925f,20380,8.1644,220
2d861c4e,30928,8.1644,302
4c3c57f2,31253,8.1644,302
3515a187,31982,8.1644,309
5da5149c,25774,8.1616,206
6ebdd37f,32370,8.1644,309
19df567d,32169,8.1616,309
14921b61,21768,8.1644,206
65d3840f,31319,8.1644,306
4b7ecc80,25777,8.1644,268
1a85c8fe,32314,8.1616,309
52a5dd73,32348,8.1616,309
3e8a3087,25845,8.1644,206
48713419,31298,8.1644,306
3a477d24,31254,8.1644,302
434d759f,31337,8.1644,306
7eeabbba,31483,8.1616,302
110bb2e8,18349,8.1644,1
10a453b0,32549,8.1671,309
38ed2db6,31728,8.1671,302
13f1767a,30453,8.1644,299
6d2aeb89,31611,8.1671,302
3cfbfb07,32699,8.1671,309
5fa108d4,32494,8.1671,309
24211844,29000,8.1671,206
59f0630b,32384,8.1671,309
73879734,30384,8.1671,299
7ccd431c,32713,8.1671,309
220dd224,32496,8.1671,309
49cb4c6e,31997,8.1671,309
2a0ba593,21774,8.1671,206
6446bae,31533,8.1671,302
49356265,32463,8.1671,309
5a8eff11,31820,8.1644,302
2d5eeeee,31756,8.1699,302
862f9f0,27309,8.1671,206
6aa684d3,31954,8.1644,302
23614afd,32139,8.1699,309
47fd88e1,31905,8.1644,302
1d8e376e,31469,8.1699,302
2bce056,32233,8.1699,309
5c626cce,31077,8.1699,302
77734d23,32035,8.1699,309
1b2a31e4,32703,8.1699,309
5a6e9f22,31959,8.1616,302
7ef1dc87,29018,8.1699,206
313acb8b,26074,8.1726,206
507ec1d,31778,8.1726,308
5ccd92da,32510,8.1699,309
dac52da,25830,8.1699,206
16222db6,30987,8.1726,302
242e9673,32129,8.1726,309
66c7de11,29045,8.1699,294
1c637d1,26913,8.1671,206
31ad3e71,31411,8.1726,302
36e5fa6f,31476,8.1699,302
6e0a8df4,31417,8.1726,302
5ec2475b,32230,8.1726,309
644b444,31651,8.1726,302
6f0599d6,25772,8.1726,206
1feb0061,32491,8.1671,309
765acfd9,31985,8.1726,309
3f9dc579,32444,8.1726,309
4ea7eb5e,32227,8.1753,309
6011388e,30335,8.1753,299
25b45b45,32279,8.1726,309
45da26ed,31490,8.1671,302
69802837,31275,8.1753,302
4a4557d7,32249,8.1753,309
d6abef6,31518,8.1753,302
efaa779,32204,8.1726,309
a03b26d,29010,8.1753,206
62aaf28a,32366,8.1753,309
231fae7,31612,8.1753,302
5a747959,30398,8.1753,299
74b48e51,32379,8.1781,309
7f3923fc,32548,8.1753,309
4d7338a0,32543,8.1781,309
d772b5e,31765,8.1781,302
78f8bd26,32452,8.1781,309
4a305690,32503,8.1781,309
7513961c,32222,8.1781,309
c549756,32371,8.1781,309
58b60844,30982,8.1781,302
651a8ff9,32149,8.1781,309
c505630,31839,8.1781,302
24968ecb,31812,8.1781,302
4c0a4635,25816,8.1781,206
7dde7d0a,20842,8.1781,206
73314557,32202,8.1808,309
6ba08e45,32478,8.1808,309
63c17d2c,25804,8.1808,206
7d64a48f,30940,8.1808,302
701e6e9c,32691,8.1808,309
73dca004,31313,8.1808,306
a3e48d5,25884,8.1781,206
627e6ca3,30388,8.1726,299
113221eb,32350,8.1808,309
3ae6ecbf,32226,8.1808,309
59bd4250,25856,8.1781,206
2cacb767,32386,8.1781,309
54ac3ac7,32613,8.1808,309
45a64f85,31860,8.1808,302
41236d25,30406,8.1808,299
4828c09a,20853,8.1781,206
1f64177,18364,8.1836,1
44f580a5,32132,8.1836,309
3439398c,21752,8.1836,206
431492e9,18355,8.1836,1
4db6a601,31242,8.1836,302
7ef8bb39,20843,8.1836,206
3701833,31794,8.1836,302
191a217b,22972,8.1836,206
25541a8e,32176,8.1836,309
6414416e,31654,8.1836,302
1cea7543,31861,8.1836,302
27703494,32243,8.1836,309
244201c9,32734,8.1836,317
621b3b1e,25879,8.1781,206
2d940a73,31667,8.1836,302
be64fc1,31713,8.1836,302
3f1e5b3d,31333,8.1836,306
4e6540b,32539,8.1836,309
9ac0176,32395,8.1836,309
4b75cf8b,27243,8.1836,206
7925ce6b,26931,8.1836,278
20529bf2,27888,8.1836,284
308dcfc5,25851,8.1836,206
7d87bd5a,31494,8.1836,302
1a08955e,25852,8.1836,206
4bf7e8ed,31866,8.1836,302
22b9e754,31632,8.1836,302
7c14f721,32082,8.1863,309
7b5b4009,31676,8.1863,302
170d3149,31224,8.1863,302
3cb9f894,30844,8.1863,302
487ddf6e,31644,8.1836,302
25130272,31887,8.1808,302
7e65540e,27890,8.1863,284
2a2f712c,32782,8.1863,309
d6b6e0e,32498,8.1808,309
229e5549,26513,8.1863,206
2bcb5662,31937,8.1836,302
1676d1fb,32774,8.1836,318
4267321f,31889,8.1863,302
14aa2f43,31638,8.1863,302
34190718,25737,8.1863,206
652313f2,29015,8.1863,206
19c21d8b,27163,8.189,206
457affa4,32026,8.189,309
3e76cade,30668,8.189,302
7be33a64,32692,8.189,309
6a21a69,32698,8.189,309
604fef2c,32694,8.189,309
14b742c6,25785,8.189,268
a3e3b67,27123,8.189,206
6849f3e6,31852,8.189,302
1c9f4ab4,32234,8.1863,311
7e4d7359,31857,8.189,302
682a5fab,29049,8.1863,294
46a5811a,31460,8.189,302
2009a990,32597,8.189,309
35cbc173,25781,8.189,268
f261766,30308,8.1918,299
65e1eac9,31602,8.1918,302
8c98acc,31759,8.1918,302
36c5f44,32042,8.1863,309
5a89259,32407,8.1918,309
636212ff,31069,8.1918,302
5cc0a4d2,30787,8.1918,302
361dba21,25739,8.189,206
678b2280,32541,8.1918,309
72c6c9c4,32450,8.1918,309
140d889,21210,8.1918,229
20fe1471,32158,8.1918,309
763e47,31110,8.1918,302
2bc4f51d,32677,8.1918,309
58ff0a47,32123,8.1918,309
39960525,31897,8.189,302
3e87fcb,32231,8.1918,309
47240e9b,31222,8.189,302
18db12a9,32440,8.1918,309
282b03bc,31766,8.189,302
40a70266,25986,8.1945,269
60aa8507,32756,8.1918,309
67faeebc,32188,8.1945,309
207cb8fe,25803,8.1918,206
47cb2abc,31550,8.1945,302
266ea3d0,20381,8.1945,220
3344be43,32490,8.1945,309
3f87a411,32080,8.1945,309
6a29d174,25807,8.1918,206
b318c5b,32518,8.1945,309
4ecf6e8b,32706,8.1945,309
504f2324,31939,8.1945,302
526ab210,30924,8.1945,302
7c00fbe1,26146,8.1945,206
553ebf52,32724,8.1945,309
60303848,30077,8.1863,299
728488d4,26514,8.1973,206
4ee35b8f,30941,8.1945,302
49cf7169,27879,8.1973,284
4e32b072,31653,8.1973,302
6e5652c9,32476,8.1973,309
603b930e,32334,8.1973,309
fc5c533,31776,8.1973,308
3db3a99b,31111,8.1973,302
66d92f7f,31626,8.1973,302
3a45f977,32235,8.1973,309
19a8bf4e,32376,8.1973,309
1b084f51,25775,8.1945,206
3bd7d2da,30403,8.1973,299
144d835,25762,8.2,206
33db9848,27313,8.2,206
1b7ffaf6,30460,8.2,299
14dab008,32732,8.2,309
392b569a,31833,8.2,302
1417da5,32328,8.2,309
58eac81b,31318,8.2,306
71a3c6a8,32380,8.2,309
5dae90de,32251,8.2,309
1c352193,32397,8.2,309
1693dbe5,32133,8.2,309
3bbb779e,31867,8.2,302
18b7633c,30983,8.1945,302
31363894,31835,8.1945,302
4babe98,32102,8.2,309
c7e1119,31724,8.1973,302
2ff33d29,31074,8.2,302
1913c8a0,31842,8.2027,302
1fcab766,30078,8.2,299
2f8152db,32561,8.2027,309
ca73fae,31210,8.2,302
480c07ab,32159,8.2027,309
69bdbda9,32749,8.2027,309
74609128,31320,8.2,306
7e9e77cd,32084,8.2027,309
29447de,32487,8.2027,309
343828d0,20499,8.2027,206
704407eb,31326,8.2027,306
118aa306,29990,8.2027,299
6a8bb011,27286,8.2055,206
6c4d8d64,31720,8.2055,302
56eb3177,25799,8.2055,206
1ca79ee5,32526,8.2055,309
2e3c0e0e,21775,8.2055,206
3cad8018,32707,8.2055,309
1c7b4f96,32295,8.2055,309
49a641f5,31863,8.2055,302
d705954,32262,8.2055,309
2d00aea9,31211,8.2055,302
7d7d5651,31906,8.2027,302
62f19e2,31945,8.1945,302
7d932d2a,32206,8.2,309
99a4a8a,31418,8.2055,302
2147c8f6,32332,8.2055,309
361fdd51,32615,8.2055,309
4f988295,29056,8.2082,294
48012279,31296,8.2055,306
1394ffe9,30076,8.2082,299
c8b8515,31929,8.2082,302
62bfe50f,31884,8.2082,302
44362480,31986,8.2082,309
1607832a,32160,8.2082,309
565d495,31294,8.2082,306
31ba0867,21682,8.2055,206
cfc73e9,32482,8.2082,309
286ebf38,31289,8.2055,306
61499068,30159,8.2082,299
14aebae5,32567,8.2055,309
1f514ad0,25987,8.2082,270
3f440599,25645,8.2082,206
5edccb26,32727,8.2027,309
20f105a3,31675,8.2082,302
54d31023,27882,8.2055,284
73bbda45,31046,8.2027,302
12a32f45,32773,8.2082,318
d242d97,32449,8.2082,309
dd49845,32374,8.2055,309
4be402c5,32700,8.2055,316
35e9f722,29047,8.211,294
18ad6a28,32501,8.211,309
459ddcbb,31976,8.2082,302
13ffb77f,32484,8.211,309
4f036e2e,30835,8.211,302
3ac003f5,30836,8.211,302
3c5f2b10,29053,8.211,294
40eaa368,25818,8.211,206
1753b283,30849,8.211,302
33656d77,32719,8.211,309
5d4f702b,32708,8.2082,309
672a1fdc,31330,8.211,306
724e01b2,32322,8.211,309
6ad8c459,31848,8.2082,302
4cb02f01,26843,8.211,206
770fac98,31655,8.2082,302
1d9ba80c,32720,8.2082,309
7f2d1356,32130,8.211,309
7b531db4,31639,8.211,302
7992d0fd,32411,8.2137,309
133bbff0,32502,8.2137,309
55c4299a,32736,8.2137,317
1841dc04,32074,8.2137,309
7b9ccc05,31743,8.2137,302
1466feb3,31569,8.2137,302
59dfb625,32489,8.2137,309
1872bbb0,31777,8.2137,308
601a8d5c,31962,8.2164,302
762dcca7,32266,8.2164,309
677062c5,32604,8.2164,309
6bccda83,31977,8.2137,302
487c222f,32697,8.2137,309
512b5e65,32492,8.2164,309
22151fc3,31534,8.211,302
7c383611,25786,8.2082,268
646885c5,32461,8.2164,309
697d5309,32351,8.2164,309
40b96953,32106,8.2137,309
7d8c47eb,32497,8.2137,309
5deaa332,31643,8.2164,302
70db9df6,25548,8.2164,206
5e8c569d,32750,8.2164,309
55744fee,32330,8.2137,309
68f7a8e7,32714,8.2192,309
6a732043,32520,8.2164,309
4ad8f9b4,22788,8.2192,206
55c66acf,31903,8.2192,302
422320ee,25819,8.2192,206
7ea7be89,32633,8.2192,309
9db858c,18354,8.2192,1
7d25e683,31005,8.2192,302
38b274cd,25776,8.2192,206
4c3c85a,32267,8.2192,309
6bed857,30992,8.2192,302
5f3cbc7c,22787,8.2192,206
1c2c02e4,31955,8.2192,302
490e0308,31663,8.2164,302
5395936b,32015,8.2164,309
69701a39,32209,8.2192,309
15b70ed1,30164,8.2219,299
2c98492c,32616,8.2219,309
5369991f,31610,8.2219,302
3a21e099,31868,8.2219,302
17cdb08a,32759,8.2164,309
1fac713a,32105,8.2219,309
79725a76,32741,8.2219,317
66cc8526,27479,8.2219,206
535c944e,32396,8.2219,309
29ef374f,32467,8.2219,309
422569ee,32522,8.2192,309
40422139,32213,8.2192,309
770b339b,32339,8.2219,309
25d4db81,32599,8.2219,314
586bee6d,31484,8.2192,302
7bd9c864,32329,8.2247,309
278e377a,30850,8.2219,302
1e93e5b1,32696,8.2247,309
4e0d407c,31317,8.2247,306
4916419a,32731,8.2247,309
1f17fb6d,31739,8.2247,302
1509aadb,32085,8.2219,309
312e94ff,32269,8.2247,309
674d4047,32735,8.2219,317
43e7e272,32410,8.2274,309
630ba5f0,32611,8.2247,309
26c75c02,32223,8.2274,309
2b857fe5,32446,8.2274,309
a8e2788,31760,8.2247,302
578dec95,32181,8.2274,309
6917e7b1,31293,8.2274,306
75ac91dd,32112,8.2274,309
7556b2da,25887,8.2274,206
4d8701a1,32627,8.2274,309
1bfb5dcf,31740,8.2274,302
d48889a,32250,8.2274,309
ac81514,31864,8.2247,302
75774599,18351,8.2274,1
2a737b91,25965,8.2274,206
4a48a6f5,31300,8.2247,306
3f373c14,32072,8.2301,309
45316800,31419,8.2247,302
7e630b18,32228,8.2301,309
34c9d175,31885,8.2274,302
3b39b617,21642,8.2301,206
3d68faf8,30669,8.2301,302
5bc7616f,32634,8.2301,309
5b351d86,31645,8.2301,302
218d3dec,32150,8.2301,309
57f2bec4,32413,8.2301,309
2db721f8,32107,8.2274,309
5e1dd0e5,32504,8.2301,309
1637e497,32717,8.2274,309
54717c0b,32276,8.2274,309
30d4a5ae,32739,8.2301,317
39e5f65,31485,8.2329,302
3c61c373,31420,8.2329,302
405d2f9c,32571,8.2329,309
7f3e630e,32016,8.2329,309
5e40d7df,32565,8.2301,309
7077558a,32728,8.2329,309
59cd144f,32287,8.2329,309
683ba59,32244,8.2329,309
2f8b54da,32323,8.2329,309
3125df6a,31850,8.2356,302
659a8fa4,32419,8.2356,309
45338d53,25805,8.2356,206
425c9ab3,30991,8.2301,302
54449034,32400,8.2356,309
4f0eb997,32282,8.2301,309
5ae3cadc,32737,8.2329,317
a41eacc,32780,8.2356,309
3a561928,31963,8.2329,302
b805669,31341,8.2384,306
7b35a21d,32608,8.2301,309
58ab737a,32412,8.2384,309
41cd6eed,32270,8.2384,309
4bd8a0a5,31978,8.2384,302
42e294a9,31865,8.2384,302
1411e3a2,18342,8.2384,1
3e815dcb,30165,8.2356,299
6abc4697,25636,8.2384,206
30520f36,32232,8.2384,309
66c39249,31409,8.2411,302
6a738ae4,32757,8.2384,309
4b9f20ce,29021,8.2411,206
7d5471c0,29009,8.2411,206
1da5c6d7,32111,8.2411,309
490f14a4,31753,8.2411,302
6984890c,30461,8.2384,299
fcfe253,31961,8.2411,302
132f1faf,32693,8.2411,309
4d2bb67b,31731,8.2384,302
7cb0314e,32475,8.2384,309
31b10b3d,31668,8.2438,302
2d5704cb,31290,8.2438,306
24021cd7,32210,8.2438,309
5a08b8c3,32617,8.2438,309
4a004597,32125,8.2411,309
342c32cc,32775,8.2438,318
374727d8,32390,8.2438,309
5809f4b0,31952,8.2438,302
56619f9b,32681,8.2438,309
76779c04,32078,8.2466,309
e163aee,32398,8.2438,309
11c7554f,32291,8.2466,309
5923861d,32387,8.2466,309
43a1e6b8,31843,8.2466,302
57d40306,31621,8.2356,302
78c9a116,32079,8.2466,309
4ea85c6,32151,8.2438,309
68aa8258,32241,8.2438,309
43ecdf2f,21753,8.2466,206
63aba21,30892,8.2438,302
710145d3,29051,8.2466,294
4d05a1e9,31461,8.2466,302
68b51ac1,32695,8.2493,309
3b8d5e44,31844,8.2493,302
4059ab3b,32086,8.2493,309
20335030,32268,8.2493,309
601035e5,31795,8.2466,302
313e28dd,32464,8.2466,309
3c334db2,31888,8.2466,302
6bb38d4,31832,8.2493,302
428b8f7f,32678,8.2493,309
2e18a32f,30993,8.2493,302
67658afb,32525,8.2438,309
275d2e0a,29988,8.2466,299
125b98e,31276,8.2493,302
5e074ce6,32629,8.2466,309
15fe378f,31004,8.2466,302
5b9d6644,32618,8.2521,309
17b01dd2,32300,8.2521,309
77d84d70,32781,8.2521,309
54a96961,32521,8.2521,309
5cb931f3,32418,8.2521,309
135c4f11,32441,8.2493,309
77fa40ba,32187,8.2493,309
47e5b747,27285,8.2493,206
7263c106,30943,8.2521,302
7b2771e,32265,8.2521,309
6570b00a,29022,8.2521,206
3b62c9c,30984,8.2521,302
2dc4db79,31810,8.2521,302
4c5997c5,31167,8.2521,302
205e14b9,32630,8.2521,309
12be1ee2,31714,8.2521,302
5da838c4,27287,8.2548,206
5688ad26,32372,8.2548,309
566fff8d,32742,8.2548,317
6c4d225,31669,8.2575,302
21e4688,32263,8.2548,309
64ef9511,32442,8.2548,309
771de537,32628,8.2575,309
5ea7efce,25991,8.2575,270
7ed24bc5,32523,8.2575,309
668d1e13,31741,8.2575,302
7e217ba8,31301,8.2575,306
43dccf97,31316,8.2575,306
1f99223d,31633,8.2575,302
73f9de68,30929,8.2603,302
4500c5fd,32609,8.2603,309
7d8a2b82,31470,8.2603,302
6466c44f,32014,8.2603,309
883e3a0,29029,8.2575,206
5e5db047,29989,8.2575,299
1e22f4c9,32237,8.2603,309
77c9ebf6,32570,8.2575,309
63ea3f7a,31070,8.2603,302
4f10debe,32242,8.263,309
5819aa1f,32253,8.2603,309
6bf5e6d3,32769,8.263,309
59d60538,25770,8.2658,206
10fad592,32505,8.2658,309
5a6ccc0,32776,8.2658,318
221fa4ac,18353,8.2658,1
412171d9,30166,8.263,299
28b74300,32140,8.2658,309
6e2755c1,31840,8.2658,302
5dd44409,31661,8.2685,302
173149d3,32459,8.2685,309
50cb776,26844,8.2712,206
5151634b,32701,8.2712,309
7a767421,32725,8.2712,309
21214db,32058,8.2712,309
2eda8164,31958,8.2685,302
4da85f9d,32519,8.2685,309
1e1f7825,32367,8.2685,309
33b83abd,32215,8.2685,309
6bd666fd,31907,8.2685,302
536f9cbb,27294,8.274,206
e46c967,32203,8.274,309
352c6001,32722,8.274,309
3ae6209c,31648,8.274,302
73d5974c,31988,8.2712,309
1ca3659,32532,8.274,309
43f9cc01,30922,8.274,302
2eefe89f,18356,8.2767,1
505ae022,31340,8.274,306
f6a7292,31112,8.2767,302
5fc2f5d8,32770,8.2767,309
e3855af,32252,8.2712,309
9e4efba,31689,8.274,302
5546f2f6,32061,8.2767,309
5bbaca20,31437,8.2767,302
1de2a1b3,18365,8.2712,1
33e2eda9,31834,8.2767,302
7373d99c,32399,8.2767,309
3b470102,32572,8.2795,309
415ead8e,31440,8.2795,302
52c7e755,31197,8.2767,302
1e3c1f65,31727,8.2795,302
513b0a8d,31200,8.2795,302
7f8cb62f,32499,8.2795,309
658b33e5,32733,8.2795,309
665169e5,32255,8.2767,309
1d3f3a6a,31647,8.2795,302
1b18ea15,32238,8.2795,309
1558ff47,32088,8.2767,309
1c3ef003,32554,8.2795,309
6990065,32530,8.2822,309
621196b6,25782,8.2822,268
35776477,31441,8.2822,302
3061ef74,32480,8.2822,309
2d017da7,32527,8.2822,309
4618268a,32620,8.2822,309
5b34bf93,32454,8.2822,309
15e016b8,32403,8.2795,309
1a9945e9,32747,8.2822,309
7b2a8694,32402,8.2822,309
440fccca,32288,8.2822,309
3ab93bff,31622,8.2795,302
2f79afc6,20379,8.2849,220
c8929b,32401,8.2849,309
3a1b77d4,32292,8.2849,309
490ed5ab,32619,8.2849,309
c87d11,31194,8.2849,302
2beb44d3,32358,8.2849,309
6f73477f,32531,8.2877,309
e373892,32113,8.2877,309
5b605106,32465,8.2877,309
69c44193,32254,8.2849,309
31ab0772,31634,8.2822,302
40970048,27295,8.2877,206
29ac9ac4,25820,8.2877,206
352aff9a,32247,8.2904,309
2eeb205,18352,8.2904,1
6586d99d,32293,8.2932,309
7ab9c2a9,32224,8.2932,309
6b97a5bd,31212,8.2904,302
13fa7dc7,32460,8.2932,309
71b675d6,32605,8.2932,309
71ce960d,31635,8.2932,302
868cac5,32512,8.2904,309
6477cab,32076,8.2959,309
63c5b7dc,31780,8.2959,308
502b9b93,31744,8.2959,302
558110fb,32294,8.2904,309
6513ca1f,32414,8.2959,309
107fc014,32066,8.2959,309
150442e8,25989,8.2986,270
281bc6c7,32156,8.2986,309
24e02754,31442,8.2986,302
4dc60fac,32239,8.2986,309
4a712cbc,31646,8.2959,302
7d553418,18357,8.2932,1
b0ee88b,32360,8.3014,309
73bf6f7,31071,8.3014,302
2e71b439,31969,8.2986,302
6da67987,32417,8.3014,309
398775df,20382,8.3014,220
45b198d4,31987,8.3014,309
66422c27,32751,8.3014,309
588a2a02,32761,8.3014,309
b74f615,32753,8.3014,309
38761b29,25741,8.3014,206
3adda875,32528,8.3014,309
73e3e0c2,32388,8.2932,309
437d98d,18350,8.3041,1
1675eb21,32359,8.3014,309
c903571,32057,8.3014,309
5bd9ba96,18366,8.3041,1
3750a4df,29052,8.3041,294
d91e809,30167,8.3041,299
a76f77,32752,8.3041,309
163c68ff,25990,8.3041,270
171c2a6,32357,8.3068,309
4f760a11,32067,8.3068,309
24f850bb,32289,8.3068,309
26ab258d,32443,8.3068,309
786f34,32508,8.3068,309
1d4c3af8,32089,8.3068,309
6842c23e,31946,8.3068,302
ed92a05,25984,8.3068,269
71a1e11e,25691,8.3068,206
dc69e28,32043,8.3096,309
736bfe9c,32511,8.3041,309
2583d82e,31616,8.3068,302
39a5a090,32771,8.3096,309
34256bf6,32304,8.3096,309
558cfb04,18343,8.3123,1
50f7919b,30670,8.3123,302
2d93083b,31321,8.3123,306
61c0c1de,32507,8.3123,309
4a72d57d,32245,8.3096,309
737c25c5,32023,8.3123,309
5f4fba28,32301,8.3096,309
402a10ec,31779,8.3123,308
472ae587,32509,8.3123,309
7209e1a2,31072,8.3123,302
1caffca9,32573,8.3068,309
7d89c16b,32285,8.3068,309
172bc9a3,32420,8.3123,309
eefa0f4,32631,8.3151,309
58e58ccd,31971,8.3151,302
2c53c5fb,32298,8.3151,309
3ad9b5f2,31640,8.3151,302
55047d01,32391,8.3151,309
3cee1ded,32240,8.3151,309
5fc7e46d,18394,8.3178,1
2c5c0761,32687,8.3178,309
1e92630c,32297,8.3178,309
52df0446,32256,8.3178,309
325b76fc,32373,8.3205,309
7ef008d9,30891,8.3205,302
73778e08,30369,8.3205,299
59a04914,25992,8.3205,270
72f99807,31970,8.3205,302
3025384a,27296,8.3233,206
4e6d4857,25993,8.326,270
1a5985c,32447,8.326,313
5a169995,32423,8.326,309
43e81df5,32248,8.326,309
6763ca2f,32760,8.3315,309
4a29c9e7,32730,8.3315,309
241d3b06,32305,8.3315,309
27198dc5,32481,8.3288,309
536328d1,32302,8.3315,309
5ed209bb,32688,8.3315,309
5a308577,32702,8.3288,309
1738403c,32257,8.3342,309
7ca480bb,32574,8.3342,309
3275c145,30893,8.337,302
6cb0e141,32246,8.337,309
130a39eb,32576,8.337,309
39dc654b,32758,8.337,309
374747f3,31642,8.3397,302
13f8a363,32743,8.3397,317
61258b93,32709,8.3397,309
7dc6011b,32632,8.337,309
16175d0b,31989,8.3425,309
7578e274,32744,8.337,317
4cbb94bf,32296,8.3425,309
10ff7a8,32116,8.3452,309
7b25b25d,31198,8.3425,302
5c82473b,32118,8.3452,309
4c8cf04b,32689,8.3479,309
60df13d4,32754,8.3479,309
70516d1c,32194,8.3479,309
e1d7609,31771,8.3479,302
25b8d129,32621,8.3479,315
3d6137f9,31042,8.3479,302
462384c4,32715,8.3479,309
236b1f37,32690,8.3479,309
7d7dcb11,20383,8.3507,220
4039a3ea,32421,8.3507,309
4672b7df,32704,8.3507,309
661f28ee,18345,8.3452,1
74d39aeb,32568,8.3507,309
2e8c2511,31781,8.3507,308
55e50550,32115,8.3534,309
58cedaf5,25646,8.3562,206
30a217c5,32108,8.3452,309
7fc9186d,31302,8.3562,306
27b4d41,32114,8.3562,309
797ecc05,32785,8.3589,319
2c4c3689,32299,8.3589,309
c7000fa,32286,8.3562,309
3bcd6b69,30944,8.3562,302
63843814,32404,8.3534,309
195f4ad1,32425,8.3589,309
2eb1b293,31891,8.3616,302
22ca006f,32763,8.3616,309
720ca17c,32290,8.3616,309
300a63b1,32119,8.3616,309
3bc41b,32219,8.3589,309
5caa3c0b,31890,8.3671,302
63e2f468,32682,8.3671,309
2aaae11f,25808,8.3644,206
130c7a09,32469,8.3699,309
6137d97f,30894,8.3671,302
76a79364,32575,8.3671,309
2851b4a6,25738,8.3699,206
155371ea,32405,8.3753,309
657f9d7b,32422,8.3781,309
3a5c5c8a,32726,8.3781,309
70aad416,20384,8.3808,220
5d9194dd,32569,8.3836,309
7e63760e,32065,8.3836,310
1fbfd012,25787,8.3808,268
7ef837c8,32415,8.3808,309
7751d8c1,32784,8.3863,319
726c8880,25806,8.3863,206
6775e929,18362,8.389,1
3e3dd45e,31836,8.389,302
3f155141,18344,8.389,1
5df92c7,25988,8.389,270
4b1be7c,32424,8.3945,309
19b928d1,31649,8.3945,302
671c025d,32303,8.3945,309
26401a59,32513,8.3945,309
34e7ef64,31656,8.3973,302
192985e1,32416,8.3973,309
6f4a534b,32027,8.3973,309
6eb49319,32258,8.4027,309
7b3e58d7,31767,8.4027,302
50b0cd12,32740,8.4027,317
2b1108c1,32764,8.4055,309
1afa8f60,32109,8.4055,309
d255d28,32456,8.411,309
6fdf195c,18392,8.4164,1
e33aef4,32635,8.4247,309
47c32bce,18363,8.4219,1
4eb22b01,32189,8.4247,309
35727794,32195,8.4274,309
6dc67516,32636,8.4219,309
4a2da99b,32197,8.4247,309
2ba328ee,32220,8.4329,309
146e664b,25994,8.4329,270
4b5bbde4,32068,8.4411,309
2962288d,32117,8.4438,309
632f3fa,32529,8.4493,309
78920944,18341,8.4521,1
7d147038,32306,8.4521,309
156b1f5c,32470,8.4575,309
1c8f62c8,32762,8.4603,309
5d9d7e17,32745,8.4685,317
782dcfd4,32196,8.4712,309
65cc8a6,18373,8.4767,1
322d0d1b,31342,8.4877,306
5596692b,25995,8.4877,270
43b45ae0,31892,8.4932,302
e683c35,18396,8.5041,1
5477ad36,32426,8.5041,309
32ce49a2,32221,8.5151,309
534c7641,32783,8.5151,319
61b95406,32738,8.5233,317
1c8a7189,18398,8.526,1
757d6133,32640,8.5205,309
35beb567,31657,8.5589,302
5f033ef,32641,8.5589,309
4a391ce1,18369,8.5616,1
7802ae8d,32637,8.5644,309
54d3986c,32746,8.5671,317
787ef922,18393,8.5836,1
14061a1c,18370,8.5945,1
7ea40e74,18358,8.6055,1
106d3c38,18346,8.6055,1
52e327c0,32786,8.6137,319
1231f4c0,32638,8.6164,309
69aef86c,18413,8.6521,1
5a690e12,32198,8.6548,309
7e9b39b9,18374,8.6548,1
52c4eaab,18399,8.6603,1
76e56ae,32199,8.674,309
4f5b7c58,31343,8.6877,306
1ae42577,18397,8.7041,1
86fb1a7,32650,8.7096,309
2f1e17e2,32642,8.7123,309
5a30ef89,18425,8.7233,1
6144a625,18400,8.7233,1
261c7836,32639,8.726,309
2d73d9f6,32427,8.7315,309
14d3c123,32643,8.7342,309
4bad655c,18376,8.737,1
f893c08,18372,8.7397,1
16bc9707,18377,8.7507,1
212a9440,32645,8.7781,309
528d7e7b,32647,8.8137,309
58dd67d0,18395,8.8411,1
5ce43518,32430,8.8575,309
311303f6,18359,8.8603,1
7c0fcaca,18371,8.8685,1
78fa6e12,32646,8.9041,309
a8cdaa5,18415,8.9178,1
5a43a249,18419,8.9205,1
165735af,18375,8.9288,1
1031c295,32431,8.9425,309
69071a6b,18414,8.9507,1
334b1329,18380,8.9644,1
1b1177,18403,8.9671,1
2bba7598,18381,8.9726,1
470fcbb8,18432,8.9753,1
e0427d2,32433,8.9863,309
5dadf43d,18417,8.9945,1
2cb64a2b,32432,9.0027,309
747e7663,18378,9.0027,1
c10dbc1,18382,9,1
357b83f0,18379,9.0219,1
22efe54,18416,9.0247,1
2b027066,32654,9.0247,309
2c48c60b,18418,9.0356,1
260cde90,32655,9.0575,309
4f81ada2,32428,9.0685,309
77b86574,18427,9.0712,1
1daa9d16,18405,9.0712,1
5d92286d,18420,9.0795,1
6a5b6745,32648,9.0849,309
1f3c72c0,18421,9.0904,1
3d8e7e0c,32434,9.0959,309
5ab6b551,18406,9.1014,1
3d6bb97d,18401,9.1041,1
4bbe3ab1,18402,9.1068,1
2b9b2796,32656,9.1123,309
62104dde,32644,9.1178,309
2e0dc0b1,18430,9.1205,1
525b1dc2,18404,9.1233,1
419aa01,18409,9.1233,1
200e3788,18426,9.137,1
4010f0ea,32649,9.1397,309
58f91765,32657,9.1425,309
58b811,32652,9.1671,309
ae700d5,32429,9.1753,309
79460971,32658,9.1836,309
5b04c476,18428,9.211,1
1c54f85c,18411,9.2164,1
590943f7,32651,9.2712,309
6bda01ab,18445,9.2767,1
31d257cf,18436,9.2904,1
16805fd2,18388,9.3123,1
75317201,18383,9.3123,1
2a1d48f3,18437,9.3315,1
52a0e4b3,18429,9.3397,1
2d2dd346,18442,9.3562,1
1ec832aa,18433,9.3753,1
3a9509d4,32659,9.3973,309
3e283bef,18446,9.4356,1
59969302,18422,9.4411,1
544b2d8,18443,9.4466,1
112e136d,18438,9.4466,1
3766459f,18450,9.4493,1
52da55ed,18449,9.4548,1
2d52fb1a,18431,9.4712,1
d204e1a,18447,9.4822,1
7aead118,32662,9.4904,309
351afb02,32653,9.4904,309
6c7481a8,18439,9.5014,1
6c01d4f6,18444,9.5014,1
56b16847,18434,9.5288,1
59eebc15,18410,9.5342,1
11df1f41,18488,9.537,1
739bcfe8,32660,9.5397,309
2e35628c,32661,9.5562,309
2977d4b,18491,9.5644,1
645aed45,18390,9.5644,1
6bdb5f4f,18489,9.5671,1
46922953,18454,9.5671,1
281b37f2,18448,9.5699,1
4336020f,18508,9.5699,1
7a724207,18451,9.5753,1
4b625b21,18440,9.5808,1
1c6d2baf,18509,9.5863,1
6f387457,18490,9.589,1
29507663,18423,9.6055,1
1172c4c9,18467,9.6192,1
73261cd,18435,9.663,1
5e508959,18452,9.674,1
2b15f16f,18468,9.6795,1
4a0bfc5e,18496,9.6877,204
723b296,18384,9.6904,1
138b87b6,32666,9.7014,309
49cbcedf,18412,9.726,1
4d51c000,18391,9.7288,1
57fc6c3e,18453,9.7315,1
bd9147a,18458,9.7315,1
1885f740,18455,9.737,1
4ba31d2b,18470,9.7397,1
faf7fb9,18493,9.7397,204
4cbdff8c,32667,9.7479,309
7814e7b9,18457,9.7562,1
4f1c300c,32663,9.7644,309
4ac6e7fd,32664,9.7671,309
e858dcc,18460,9.7671,1
3bbacce1,18461,9.7726,1
18d81585,18456,9.7808,1
6d8ac8eb,18518,9.7836,1
47ae1008,18522,9.7808,1
691cd4a1,32668,9.789,309
42cc0a7,18513,9.7945,1
5c80999a,18441,9.7945,1
6b99ec52,18510,9.789,1
7e8c8b02,18514,9.8027,1
64af845c,18519,9.8055,1
4435923d,18524,9.8055,1
17f834d0,18511,9.8082,1
6644996,18475,9.811,1
302dd3e5,32665,9.8082,309
5e704c89,18462,9.811,1
29aa3627,18407,9.8164,1
7a2fc069,18389,9.8164,1
623a3614,18525,9.8247,1
23df03c9,18479,9.8274,1
4636eb3c,18494,9.8329,204
4e570476,18520,9.8384,1
1a59b7df,18521,9.8411,1
7427396b,18476,9.8521,1
1afef377,18495,9.8548,204
2c0d5586,18497,9.8603,204
1e5644c9,32669,9.8603,309
761f3981,18516,9.8603,1
16a60e39,18472,9.8658,1
2d6f5b81,18532,9.8712,1
6b1df951,18498,9.874,204
5cf12a1b,18424,9.8767,1
31f90fb9,18517,9.874,1
1d257543,18465,9.8849,1
4a418635,18529,9.8849,1
602cc31e,18526,9.8932,1
3434d41e,18464,9.8904,1
68560876,18385,9.8959,1
1f35dc94,18515,9.8959,1
66488c0c,18469,9.8986,1
29e45d7d,18528,9.9041,1
507162eb,18523,9.9014,1
77df7ba3,18473,9.9096,1
56d214ff,18466,9.9096,1
164726fe,18533,9.9068,1
27a799de,18387,9.9123,1
5ad49ca,18485,9.9151,1
c456a8f,18487,9.9151,1
f48521c,18492,9.9151,204
5e9005ae,18486,9.9178,1
714fb854,18503,9.9205,204
706e04d2,18527,9.9205,1
6abdb6ca,18463,9.9178,1
4522e80c,18471,9.9205,1
5b1514e,18499,9.9233,204
5b529923,18534,9.926,1
4193518e,18483,9.9288,1
8bd7e01,18506,9.926,204
49c47cb8,18500,9.9315,204
57d30705,18408,9.9315,1
3f23fdaa,18474,9.937,1
50dfe0d3,18480,9.937,1
5f6bf0a7,18512,9.9397,1
1f7d15c8,18386,9.9397,1
3ed38b17,18502,9.9425,204
103ff1e8,18504,9.9425,204
55f15554,18530,9.9452,1
28f2f71b,18477,9.9452,1
6b5498d1,18505,9.9397,204
46826e69,18501,9.9479,204
5f1b37c5,18482,9.9534,1
706d8d8d,18481,9.9534,1
7003a5ef,18531,9.9562,1
1f5cbab6,18484,9.9562,1
19ff0387,18478,9.9589,1
5e2e4d0,18459,9.9644,1
6823155e,32670,9.9644,309
cc24861,18507,9.9644,204
